15888.566666666668 32596.933333333334 16764.5
12631.716666666667 25951.433333333334 26666.85
12339.233333333334 15284.233333333334 37626.53333333333
23175.2 7797.3 34277.5
32278.9 6572.65 26398.45
38607.933333333334 6518.083333333333 20123.983333333334
42398.566666666666 6617.733333333334 16233.7
44924.5 6288.366666666667 14037.133333333333
47344.933333333334 5303.483333333334 12601.583333333334
46527.03333333333 6302.75 12420.216666666667
46886.166666666664 6186.95 12176.883333333333
46925.75 7266.266666666666 11057.983333333334
48408.95 6654.85 10186.2
47958.833333333336 7065.85 10225.316666666668
48134.03333333333 8013.95 9102.016666666666
49425.7 7088.033333333334 8736.266666666666
49272.416666666664 7577.666666666667 8399.916666666666
50716.13333333333 6925.1 7608.766666666666
47986.65 8594.0 8669.35
49308.1 7322.433333333333 8619.466666666667
49453.28333333333 7486.633333333333 8310.083333333334
49678.26666666667 6185.483333333334 9386.25
50336.583333333336 6852.983333333334 8060.433333333333
50510.433333333334 7387.966666666666 7351.6
52302.26666666667 6483.483333333334 6464.25
51048.01666666667 8265.116666666667 5936.866666666667
51696.45 6975.183333333333 6578.366666666667
53094.15 6191.666666666667 5964.183333333333
51761.8 7389.616666666667 6098.583333333333
52106.183333333334 7366.116666666667 5777.7
53031.71666666667 7059.583333333333 5158.7
53285.85 6903.133333333333 5061.016666666666
54441.15 6274.316666666667 4534.533333333334
54401.916666666664 6657.433333333333 4190.65
55727.23333333333 6038.533333333334 3484.233333333333
56238.666666666664 5691.633333333333 3319.7
56634.03333333333 6044.733333333334 2571.233333333333
56427.05 5412.333333333333 3410.616666666667
56505.13333333333 5765.483333333334 2979.383333333333
56893.9 5661.766666666666 2694.3333333333335
56774.85 5436.916666666667 3038.233333333333
55866.86666666667 6177.483333333334 3205.65
55839.25 6553.866666666667 2856.883333333333
55363.5 7421.45 2465.05
55976.0 6712.466666666666 2561.5333333333333
56086.46666666667 6590.883333333333 2572.65
56676.433333333334 6573.3 2000.2666666666667
56450.8 6676.5 2122.7
54918.066666666666 7923.066666666667 2408.866666666667
56420.53333333333 6877.1 1952.3666666666666
56704.083333333336 6432.966666666666 2112.95
56078.6 6676.916666666667 2494.483333333333
56342.183333333334 6771.733333333334 2136.0833333333335
56860.3 6348.4 2041.3
56028.51666666667 6743.866666666667 2477.616666666667
56780.666666666664 6125.4 2343.9333333333334
56588.666666666664 6450.116666666667 2211.2166666666667
56970.55 5493.65 2785.8
57692.38333333333 5416.516666666666 2141.1
56197.75 6140.966666666666 2911.2833333333333
55572.86666666667 6599.333333333333 3077.8
56689.916666666664 6055.15 2504.9333333333334
56428.13333333333 6449.65 2372.2166666666667
54983.95 7608.416666666667 2657.633333333333
55745.45 6431.366666666667 3073.1833333333334
55603.416666666664 6990.05 2656.5333333333333
55610.7 6794.05 2845.25
54563.98333333333 7546.466666666666 3139.55
55257.2 6444.85 3547.95
54009.933333333334 6805.433333333333 4434.633333333333
55561.76666666667 7281.75 2406.483333333333
55409.166666666664 7282.316666666667 2558.516666666667
56515.6 6511.25 2223.15
56276.35 6486.333333333333 2487.3166666666666
55034.066666666666 6473.866666666667 3742.0666666666666
56079.13333333333 5675.433333333333 3495.4333333333334
55545.51666666667 6877.183333333333 2827.3
56963.6 6212.083333333333 2074.3166666666666
55861.01666666667 6578.816666666667 2810.1666666666665
55609.48333333333 7049.383333333333 2591.133333333333
56689.48333333333 5799.65 2760.866666666667
56642.7 5967.933333333333 2639.366666666667
55722.78333333333 6496.916666666667 3030.3
56369.15 6579.283333333334 2301.5666666666666
56250.01666666667 6496.4 2503.5833333333335
53510.38333333333 7703.633333333333 4035.983333333333
54720.2 6525.183333333333 4004.616666666667
55036.88333333333 6454.166666666667 3758.95
56994.316666666666 5739.816666666667 2515.866666666667
56273.96666666667 6178.4 2797.633333333333
55155.75 6570.933333333333 3523.3166666666666
55227.36666666667 7422.8 2599.8333333333335
56326.61666666667 6395.166666666667 2528.2166666666667
54288.5 8297.1 2664.4
55560.4 7121.733333333334 2567.866666666667
54363.76666666667 7489.416666666667 3396.8166666666666
54599.88333333333 6380.883333333333 4269.233333333334
54313.0 6604.75 4332.25
52803.21666666667 7404.766666666666 5042.016666666666
53694.51666666667 6248.3 5307.183333333333
53924.46666666667 6813.0 4512.533333333334
55205.98333333333 6448.466666666666 3595.55
55364.55 6249.466666666666 3635.983333333333
53887.95 7263.933333333333 4098.116666666667
55233.53333333333 6204.95 3811.516666666667
55361.48333333333 6680.966666666666 3207.55
56966.88333333333 5771.183333333333 2511.9333333333334
57597.2 5357.8 2295.0
56882.45 5792.083333333333 2575.4666666666667
56414.28333333333 6421.4 2414.3166666666666
55923.76666666667 6527.533333333334 2798.7
54179.11666666667 7294.15 3776.733333333333
54774.21666666667 6964.016666666666 3511.766666666667
54284.933333333334 7306.083333333333 3658.983333333333
55471.3 6590.883333333333 3187.8166666666666
57114.21666666667 5359.983333333334 2775.8
54677.23333333333 6931.633333333333 3641.133333333333
54166.96666666667 7130.65 3952.383333333333
53563.75 7467.4 4218.85
53235.45 6881.433333333333 5133.116666666667
53957.38333333333 6738.15 4554.466666666666
54612.65 6385.666666666667 4251.683333333333
53096.23333333333 7323.183333333333 4830.583333333333
54643.5 6581.583333333333 4024.9166666666665
54402.666666666664 6243.483333333334 4603.85
55022.71666666667 6527.033333333334 3700.25
55668.53333333333 6090.083333333333 3491.383333333333
54977.11666666667 6469.45 3803.4333333333334
56949.333333333336 5062.133333333333 3238.5333333333333
55421.63333333333 6072.116666666667 3756.25
56402.86666666667 4812.95 4034.1833333333334
56530.9 4921.483333333334 3797.616666666667
55734.316666666666 5797.383333333333 3718.3
57339.683333333334 4771.9 3138.4166666666665
55129.7 6350.7 3769.6
55365.3 6173.15 3711.55
54394.583333333336 7158.2 3697.2166666666667
55770.3 6586.916666666667 2892.7833333333333
55146.933333333334 6271.7 3831.366666666667
57388.333333333336 5477.133333333333 2384.5333333333333
56669.066666666666 5838.85 2742.0833333333335
55389.76666666667 6645.883333333333 3214.35
55804.96666666667 6493.9 2951.133333333333
56735.933333333334 5643.15 2870.9166666666665
55448.88333333333 6692.35 3108.766666666667
55930.183333333334 6761.333333333333 2558.483333333333
57435.15 5898.733333333334 1916.1166666666666
56243.65 6762.466666666666 2243.883333333333
57394.25 5677.566666666667 2178.1833333333334
56614.7 6417.5 2217.8
55554.583333333336 7178.8 2516.616666666667
55707.5 6708.116666666667 2834.383333333333
55989.26666666667 6032.3 3228.4333333333334
54966.083333333336 6248.55 4035.366666666667
54800.933333333334 6429.8 4019.266666666667
55033.48333333333 6479.416666666667 3737.1
54853.6 6730.233333333334 3666.1666666666665
56420.76666666667 5751.783333333334 3077.45
55965.73333333333 6247.2 3037.0666666666666
56187.38333333333 6086.783333333334 2975.8333333333335
56131.65 5894.683333333333 3223.6666666666665
56279.75 5412.7 3557.55
55695.53333333333 6596.216666666666 2958.25
56898.21666666667 5935.55 2416.233333333333
56177.433333333334 6255.333333333333 2817.233333333333
57016.433333333334 5765.933333333333 2467.633333333333
56984.88333333333 5331.5 2933.616666666667
56921.46666666667 5864.583333333333 2463.95
57144.23333333333 5327.016666666666 2778.75
58047.53333333333 4942.483333333334 2259.983333333333
57008.416666666664 5765.983333333334 2475.6
57005.316666666666 5585.716666666666 2658.9666666666667
56262.1 5929.816666666667 3058.0833333333335
56388.566666666666 5552.0 3309.4333333333334
56276.01666666667 5838.166666666667 3135.8166666666666
57497.933333333334 5443.816666666667 2308.25
55644.03333333333 6425.333333333333 3180.633333333333
57001.98333333333 5469.75 2778.266666666667
57414.333333333336 5362.4 2473.266666666667
55443.666666666664 6898.016666666666 2908.3166666666666
57161.71666666667 5605.9 2482.383333333333
56686.48333333333 5716.366666666667 2847.15
56937.63333333333 5173.666666666667 3138.7
55860.85 6114.716666666666 3274.4333333333334
56162.15 5941.15 3146.7
55745.333333333336 6465.133333333333 3039.5333333333333
57154.98333333333 5480.516666666666 2614.5
56488.333333333336 5922.2 2839.4666666666667
55445.416666666664 6376.066666666667 3428.516666666667
55828.26666666667 5311.1 4110.633333333333
56375.4 6346.366666666667 2528.233333333333
57638.95 5470.9 2140.15
57270.11666666667 5186.033333333334 2793.85
57003.15 5572.366666666667 2674.483333333333
56911.01666666667 6009.983333333334 2329.0
55931.96666666667 6567.95 2750.0833333333335
56458.333333333336 6345.25 2446.4166666666665
55432.816666666666 6905.283333333334 2911.9
55427.23333333333 6586.3 3236.4666666666667
56426.4 5586.683333333333 3236.9166666666665
57295.73333333333 5528.083333333333 2426.1833333333334
57179.816666666666 5344.85 2725.3333333333335
57730.083333333336 5302.466666666666 2217.45
56065.86666666667 6098.45 3085.6833333333334
57330.11666666667 5225.0 2694.883333333333
56457.8 5654.7 3137.5
56495.76666666667 5376.033333333334 3378.2
57778.01666666667 4750.95 2721.0333333333333
57322.8 5087.033333333334 2840.1666666666665
56028.13333333333 6072.15 3149.7166666666667
56707.416666666664 5709.383333333333 2833.2
55446.833333333336 5743.283333333334 4059.883333333333
54563.88333333333 6841.266666666666 3844.85
54161.65 6088.716666666666 4999.633333333333
54159.433333333334 6109.4 4981.166666666667
54397.2 6128.95 4723.85
54281.566666666666 6284.25 4684.183333333333
55934.98333333333 6041.083333333333 3273.9333333333334
56006.45 5699.116666666667 3544.4333333333334
56771.75 5462.183333333333 3016.0666666666666
57202.26666666667 5680.066666666667 2367.6666666666665
57404.46666666667 5475.4 2370.133333333333
57512.78333333333 5243.183333333333 2494.0333333333333
56880.86666666667 5595.6 2773.5333333333333
56806.23333333333 5409.966666666666 3033.8
56344.71666666667 5560.8 3344.483333333333
56545.9 5586.883333333333 3117.2166666666667
56238.6 5423.8 3587.6
55304.73333333333 6776.95 3168.3166666666666
55033.0 6511.133333333333 3705.866666666667
56268.0 5896.966666666666 3085.0333333333333
55551.15 6772.4 2926.45
55994.15 6476.783333333334 2779.0666666666666
56292.683333333334 6231.85 2725.4666666666667
54424.76666666667 7076.733333333334 3748.5
56254.9 5850.583333333333 3144.516666666667
54899.433333333334 6888.616666666667 3461.95
56290.75 5944.366666666667 3014.883333333333
54694.5 6894.566666666667 3660.9333333333334
54507.933333333334 6771.816666666667 3970.25
55677.666666666664 6494.816666666667 3077.516666666667
53562.666666666664 7063.15 4624.183333333333
54619.2 6264.516666666666 4366.283333333334
53583.48333333333 6764.4 4902.116666666667
52905.65 7502.75 4841.6
55791.13333333333 5702.983333333334 3755.883333333333
54652.9 6268.316666666667 4328.783333333334
55555.166666666664 6088.183333333333 3606.65
56196.98333333333 5425.433333333333 3627.5833333333335
57595.083333333336 4753.65 2901.266666666667
55265.76666666667 5944.683333333333 4039.55
57048.73333333333 5495.083333333333 2706.1833333333334
56216.75 6214.55 2818.7
56252.583333333336 6218.483333333334 2778.9333333333334
58217.316666666666 4982.066666666667 2050.616666666667
56772.333333333336 6123.533333333334 2354.133333333333
56689.76666666667 5867.6 2692.633333333333
56286.666666666664 5785.783333333334 3177.55
55672.5 6561.7 3015.8
55598.76666666667 6434.65 3216.5833333333335
55959.78333333333 6130.083333333333 3160.133333333333
57272.916666666664 5231.95 2745.133333333333
56681.28333333333 5730.9 2837.8166666666666
55544.9 5793.816666666667 3911.2833333333333
55312.816666666666 6060.583333333333 3876.6
53989.65 7143.866666666667 4116.483333333334
55853.73333333333 6636.033333333334 2760.233333333333
56859.2 5774.883333333333 2615.9166666666665
57058.36666666667 6137.55 2054.0833333333335
55796.833333333336 6889.65 2563.516666666667
56004.0 6891.8 2354.2
55507.4 6737.616666666667 3004.983333333333
56346.833333333336 6506.616666666667 2396.55
56542.083333333336 6411.716666666666 2296.2
55909.13333333333 6639.9 2700.9666666666667
57644.11666666667 5522.2 2083.6833333333334
56931.833333333336 6379.116666666667 1939.05
55879.21666666667 6579.8 2790.983333333333
56002.13333333333 6482.55 2765.3166666666666
55197.88333333333 6605.766666666666 3446.35
56439.316666666666 5507.15 3303.5333333333333
57197.98333333333 5573.033333333334 2478.983333333333
54494.6 7805.8 2949.6
56208.96666666667 6124.55 2916.483333333333
56659.916666666664 6203.5 2386.5833333333335
53556.683333333334 7781.516666666666 3911.8
57253.183333333334 5596.7 2400.116666666667
56379.03333333333 6233.15 2637.8166666666666
55010.25 7356.85 2882.9
55347.15 7225.3 2677.55
56118.416666666664 6547.616666666667 2583.9666666666667
54953.76666666667 6925.116666666667 3371.116666666667
56429.63333333333 5679.733333333334 3140.633333333333
56118.916666666664 6257.383333333333 2873.7
56397.38333333333 5988.6 2864.016666666667
54447.7 7056.683333333333 3745.616666666667
53289.166666666664 7841.55 4119.283333333334
54443.566666666666 6808.866666666667 3997.5666666666666
54981.65 6541.85 3726.5
55623.36666666667 6330.133333333333 3296.5
56014.11666666667 5845.366666666667 3390.516666666667
56077.28333333333 6304.333333333333 2868.383333333333
55495.55 6241.066666666667 3513.383333333333
56283.76666666667 6143.716666666666 2822.516666666667
55146.4 6721.433333333333 3382.1666666666665
55279.583333333336 6397.216666666666 3573.2
54855.833333333336 6604.85 3789.3166666666666
55582.666666666664 5990.833333333333 3676.5
55325.5 5961.933333333333 3962.5666666666666
55498.13333333333 5733.083333333333 4018.7833333333333
56034.38333333333 5785.383333333333 3430.233333333333
55732.2 6112.116666666667 3405.6833333333334
55429.01666666667 6185.733333333334 3635.25
52803.53333333333 7456.166666666667 4990.3
55252.75 5861.15 4136.1
54075.01666666667 6757.733333333334 4417.25
54572.28333333333 6543.783333333334 4133.933333333333
55758.25 5306.25 4185.5
55779.13333333333 5877.466666666666 3593.4
55908.9 6011.016666666666 3330.0833333333335
55614.1 6125.25 3510.65
55554.3 5732.216666666666 3963.483333333333
55381.916666666664 6194.533333333334 3673.55
55626.566666666666 5718.466666666666 3904.9666666666667
56332.6 5633.883333333333 3283.516666666667
57129.166666666664 5138.083333333333 2982.75
54743.23333333333 6769.4 3737.366666666667
55524.13333333333 6486.416666666667 3239.45
56129.433333333334 5386.1 3734.4666666666667
54179.6 6381.566666666667 4688.833333333333
54964.066666666666 6399.15 3886.7833333333333
55015.0 6607.1 3627.9
56852.95 5453.783333333334 2943.266666666667
54801.26666666667 6472.416666666667 3976.3166666666666
55960.38333333333 6375.133333333333 2914.483333333333
55954.65 6594.6 2700.75
56416.65 6521.233333333334 2312.116666666667
55832.683333333334 7158.516666666666 2258.8
55798.6 6761.15 2690.25
54939.48333333333 6512.966666666666 3797.55
53871.166666666664 7438.933333333333 3939.9
54765.05 6642.433333333333 3842.516666666667
55885.03333333333 6292.25 3072.7166666666667
55518.316666666666 6543.0 3188.6833333333334
55498.26666666667 6132.816666666667 3618.9166666666665
54562.23333333333 6719.666666666667 3968.1
55254.666666666664 6363.633333333333 3631.7
55560.88333333333 6271.7 3417.4166666666665
55447.48333333333 6466.016666666666 3336.5
55641.15 6327.666666666667 3281.1833333333334
56936.28333333333 5261.9 3051.8166666666666
57106.76666666667 5727.666666666667 2415.5666666666666
57032.5 6043.766666666666 2173.733333333333
56253.35 6502.133333333333 2494.516666666667
55505.566666666666 6659.9 3084.5333333333333
57085.53333333333 5430.616666666667 2733.85
56317.96666666667 6446.55 2485.483333333333
57077.71666666667 5690.816666666667 2481.4666666666667
56394.35 6377.916666666667 2477.733333333333
55622.01666666667 6664.183333333333 2963.8
54145.433333333334 7694.216666666666 3410.35
55733.15 6211.633333333333 3305.2166666666667
53812.416666666664 7246.316666666667 4191.266666666666
53816.11666666667 7091.833333333333 4342.05
54195.78333333333 6163.933333333333 4890.283333333334
53212.86666666667 6768.233333333334 5268.9
55196.85 5629.1 4424.05
54515.38333333333 6683.583333333333 4051.0333333333333
55359.183333333334 5790.866666666667 4099.95
55192.55 6037.75 4019.7
55135.6 6196.4 3918.0
55475.55 6170.983333333334 3603.4666666666667
56298.63333333333 5714.116666666667 3237.25
55419.51666666667 6610.8 3219.6833333333334
55909.183333333334 6282.666666666667 3058.15
55955.61666666667 6189.866666666667 3104.516666666667
56022.45 5513.716666666666 3713.8333333333335
55372.066666666666 6064.116666666667 3813.8166666666666
56381.35 4901.216666666666 3967.4333333333334
55429.28333333333 5922.633333333333 3898.0833333333335
56025.683333333334 5446.833333333333 3777.483333333333
55171.38333333333 6363.116666666667 3715.5
55836.5 5862.733333333334 3550.766666666667
56400.9 6039.65 2809.45
56117.95 6493.2 2638.85
55496.45 7066.416666666667 2687.133333333333
55702.433333333334 6709.45 2838.116666666667
56223.61666666667 6270.616666666667 2755.766666666667
56289.98333333333 6521.216666666666 2438.8
55844.583333333336 6191.216666666666 3214.2
55231.3 6521.716666666666 3496.983333333333
55004.71666666667 7132.4 3112.883333333333
55916.066666666666 6522.133333333333 2811.8
54963.833333333336 7247.933333333333 3038.233333333333
54972.7 7070.983333333334 3206.3166666666666
56058.63333333333 6437.016666666666 2754.35
54789.2 6964.133333333333 3496.6666666666665
55771.48333333333 6700.85 2777.6666666666665
55557.4 6619.216666666666 3073.383333333333
54053.51666666667 7438.166666666667 3758.3166666666666
54922.76666666667 6415.25 3911.983333333333
54846.416666666664 6080.1 4323.483333333334
54452.933333333334 6097.116666666667 4699.95
55333.86666666667 5776.883333333333 4139.25
55204.48333333333 6461.333333333333 3584.1833333333334
53589.51666666667 7426.566666666667 4233.916666666667
56330.73333333333 5861.966666666666 3057.3
55282.166666666664 6220.65 3747.1833333333334
55956.35 6468.266666666666 2825.383333333333
53981.21666666667 7233.633333333333 4035.15
55287.55 6760.683333333333 3201.766666666667
54202.0 7331.033333333334 3716.9666666666667
57186.98333333333 5321.633333333333 2741.383333333333
55982.55 6577.716666666666 2689.733333333333
56776.05 6126.9 2347.05
55900.6 7039.3 2310.1
57098.45 6197.166666666667 1954.3833333333334
55309.76666666667 7129.533333333334 2810.7
55328.0 7015.35 2906.65
56919.333333333336 5887.866666666667 2442.8
55204.03333333333 6848.166666666667 3197.8
54820.75 6419.283333333334 4009.9666666666667
55050.8 5558.983333333334 4640.216666666666
53591.38333333333 6431.9 5226.716666666666
54742.46666666667 5503.516666666666 5004.016666666666
54762.13333333333 5459.65 5028.216666666666
56467.48333333333 4111.583333333333 4670.933333333333
56313.4 4868.75 4067.85
57923.38333333333 4780.6 2546.016666666667
56690.85 5532.483333333334 3026.6666666666665
56036.7 6039.333333333333 3173.9666666666667
54997.95 6684.683333333333 3567.366666666667
56803.51666666667 5689.533333333334 2756.95
55819.2 6419.333333333333 3011.4666666666667
55775.61666666667 6531.216666666666 2943.1666666666665
55997.5 6009.45 3243.05
56145.333333333336 5950.2 3154.4666666666667
56613.46666666667 5702.216666666666 2934.3166666666666
55872.98333333333 6502.533333333334 2874.483333333333
55263.85 7173.9 2812.25
55215.88333333333 7136.666666666667 2897.45
56840.85 6277.916666666667 2131.233333333333
55985.066666666666 7125.833333333333 2139.1
55614.03333333333 7244.233333333334 2391.733333333333
56160.75 6405.733333333334 2683.516666666667
55533.05 6566.816666666667 3150.133333333333
56050.25 6126.083333333333 3073.6666666666665
54611.51666666667 7374.05 3264.4333333333334
55048.7 6804.3 3397.0
55368.21666666667 6309.416666666667 3572.366666666667
54737.066666666666 6588.2 3924.733333333333
54552.083333333336 6927.65 3770.266666666667
55907.76666666667 6388.666666666667 2953.5666666666666
55659.21666666667 7292.283333333334 2298.5
56010.61666666667 6622.366666666667 2617.016666666667
57805.2 5483.566666666667 1961.2333333333333
56224.583333333336 6923.25 2102.1666666666665
56322.36666666667 6936.366666666667 1991.2666666666667
56891.566666666666 6149.566666666667 2208.866666666667
57338.666666666664 5500.733333333334 2410.6
57730.25 5371.7 2148.05
57075.083333333336 5626.183333333333 2548.733333333333
57405.95 5446.05 2398.0
56875.53333333333 5341.65 3032.8166666666666
55054.433333333334 6852.633333333333 3342.9333333333334
55244.333333333336 5720.05 4285.616666666667
55774.166666666664 6015.35 3460.483333333333
55705.76666666667 6226.466666666666 3317.766666666667
55379.65 5906.183333333333 3964.1666666666665
54293.71666666667 6528.966666666666 4427.316666666667
55840.63333333333 5296.083333333333 4113.283333333334
55531.26666666667 5700.683333333333 4018.05
55720.683333333334 5501.55 4027.766666666667
55830.48333333333 5793.766666666666 3625.75
56179.15 5170.25 3900.6
55875.2 5433.216666666666 3941.5833333333335
56599.666666666664 5268.833333333333 3381.5
55313.03333333333 6368.15 3568.8166666666666
55833.8 5371.716666666666 4044.483333333333
55257.05 5595.55 4397.4
56411.1 5046.5 3792.4
55791.05 6015.2 3443.75
55342.85 6637.516666666666 3269.633333333333
56512.183333333334 6154.5 2583.3166666666666
56773.333333333336 5617.983333333334 2858.6833333333334
56485.583333333336 5993.183333333333 2771.233333333333
56847.73333333333 5585.466666666666 2816.8
56660.566666666666 5581.75 3007.6833333333334
56849.3 5331.066666666667 3069.633333333333
55736.05 6153.183333333333 3360.766666666667
55974.95 6227.833333333333 3047.2166666666667
57872.9 4869.583333333333 2507.516666666667
56782.7 6053.183333333333 2414.116666666667
55614.25 6327.583333333333 3308.1666666666665
57439.45 5117.3 2693.25
56479.13333333333 5922.816666666667 2848.05
58984.833333333336 4112.65 2152.516666666667
56778.75 5247.8 3223.45
55467.71666666667 6157.866666666667 3624.4166666666665
57500.666666666664 4856.183333333333 2893.15
56034.86666666667 5716.666666666667 3498.4666666666667
56782.21666666667 5531.783333333334 2936.0
56034.71666666667 5687.9 3527.383333333333
57388.8 4752.366666666667 3108.8333333333335
55975.0 5437.516666666666 3837.483333333333
55682.9 5679.55 3887.55
54787.666666666664 5966.466666666666 4495.866666666667
54095.933333333334 6902.95 4251.116666666667
53982.433333333334 6454.166666666667 4813.4
55451.3 5990.266666666666 3808.4333333333334
56634.88333333333 5051.016666666666 3564.1
55951.566666666666 5463.133333333333 3835.3
56476.78333333333 5719.733333333334 3053.483333333333
54231.25 7220.933333333333 3797.8166666666666
54493.78333333333 6493.533333333334 4262.683333333333
54787.1 6402.45 4060.45
54348.86666666667 6264.1 4637.033333333334
55443.95 6027.566666666667 3778.483333333333
54435.05 6352.0 4462.95
54985.71666666667 5732.316666666667 4531.966666666666
54915.35 5646.166666666667 4688.483333333334
54741.3 5562.3 4946.4
55121.78333333333 5304.85 4823.366666666667
54064.416666666664 6218.966666666666 4966.616666666667
53730.26666666667 6351.55 5168.183333333333
54385.88333333333 5875.166666666667 4988.95
54683.71666666667 5473.216666666666 5093.066666666667
55515.933333333334 5447.066666666667 4287.0
54246.15 6760.016666666666 4243.833333333333
54645.88333333333 6185.15 4418.966666666666
53926.96666666667 6404.65 4918.383333333333
55757.1 5148.05 4344.85
54859.86666666667 6175.1 4215.033333333334
55203.73333333333 6101.466666666666 3944.8
56236.61666666667 5012.566666666667 4000.8166666666666
54729.26666666667 5977.233333333334 4543.5
55724.55 5961.3 3564.15
57064.76666666667 5743.2 2442.0333333333333
55637.833333333336 6289.233333333334 3322.9333333333334
56562.9 5337.116666666667 3349.983333333333
57000.36666666667 5041.666666666667 3207.9666666666667
56153.53333333333 6200.9 2895.5666666666666
56982.98333333333 5419.583333333333 2847.4333333333334
56477.78333333333 5878.35 2893.866666666667
55349.316666666666 6551.933333333333 3348.75
56878.46666666667 5693.6 2677.9333333333334
57319.45 5411.116666666667 2519.4333333333334
55229.46666666667 7220.3 2800.233333333333
56970.13333333333 5694.3 2585.5666666666666
55901.2 6362.783333333334 2986.016666666667
55415.26666666667 7238.466666666666 2596.266666666667
55839.183333333334 6697.8 2713.016666666667
56090.01666666667 6145.383333333333 3014.6
55302.05 6937.933333333333 3010.016666666667
55102.73333333333 7055.366666666667 3091.9
56144.666666666664 5897.133333333333 3208.2
54810.28333333333 6896.116666666667 3543.6
54481.88333333333 6602.516666666666 4165.6
54466.5 6470.266666666666 4313.233333333334
53805.21666666667 6717.766666666666 4727.016666666666
55299.9 5949.533333333334 4000.5666666666666
56081.23333333333 5646.5 3522.266666666667
55873.083333333336 6327.2 3049.7166666666667
55840.0 6684.533333333334 2725.4666666666667
56449.65 6141.183333333333 2659.1666666666665
55568.85 6597.216666666666 3083.9333333333334
55357.01666666667 6471.85 3421.133333333333
55972.13333333333 5949.866666666667 3328.0
57715.23333333333 5043.866666666667 2490.9
56094.316666666666 6261.183333333333 2894.5
56413.566666666666 6296.816666666667 2539.616666666667
57398.51666666667 5145.133333333333 2706.35
56771.066666666666 5507.766666666666 2971.1666666666665
56069.78333333333 6207.316666666667 2972.9
56201.28333333333 6102.85 2945.866666666667
55700.8 6860.65 2688.55
57232.05 5285.566666666667 2732.383333333333
55731.25 6633.15 2885.6
58339.333333333336 5059.416666666667 1851.25
56743.7 5869.183333333333 2637.116666666667
57449.98333333333 5349.783333333334 2450.233333333333
55959.316666666666 5889.85 3400.8333333333335
56749.35 5700.733333333334 2799.9166666666665
56650.26666666667 5857.433333333333 2742.3
57046.416666666664 5955.85 2247.733333333333
56088.21666666667 6457.733333333334 2704.05
58163.21666666667 4543.633333333333 2543.15
57217.416666666664 5364.95 2667.633333333333
55737.9 6048.15 3463.95
55500.28333333333 6090.966666666666 3658.75
57711.13333333333 5069.15 2469.7166666666667
56587.76666666667 5555.6 3106.633333333333
55424.03333333333 6072.85 3753.116666666667
56214.183333333334 5625.75 3410.0666666666666
56295.48333333333 5432.75 3521.766666666667
56979.8 4745.683333333333 3524.516666666667
56105.01666666667 5832.416666666667 3312.5666666666666
56760.71666666667 5807.066666666667 2682.2166666666667
57851.48333333333 5258.5 2140.016666666667
56150.833333333336 5955.3 3143.866666666667
 
572.3833333333333
0.05
8.183333333333334
7.0
166.23687245259617
38.65
81.0
 
7378.35 14097.016666666666 10786.983333333334 689.6830183739002 
5350.166666666667 11752.55 9471.066666666668 1326.321363605199 
4958.8 10352.5 8345.783333333333 2270.438560853632 
5127.583333333333 11382.4 9764.216666666667 4400.903963802335 
5921.2 12728.833333333334 11462.65 4824.011161937751 
6879.833333333333 13737.983333333334 12723.016666666666 4620.946100415417 
7647.7 14431.45 13491.083333333334 4316.579980242847 
8506.766666666666 14774.833333333334 13963.283333333333 4196.630629147626 
8865.4 14988.983333333334 14348.883333333333 4279.661614887847 
9034.216666666667 14997.366666666667 14285.283333333333 4232.230104153128 
9523.066666666668 15080.066666666668 14345.6 4199.006385225756 
9661.583333333334 15294.116666666667 14461.316666666668 4052.089120242655 
10004.633333333333 15587.383333333333 14696.816666666668 3964.23054613937 
10304.383333333333 15544.116666666667 14647.966666666667 3842.161352379963 
10334.883333333333 15659.566666666668 14777.733333333334 3681.29233365585 
10944.8 15642.283333333333 14943.566666666668 3663.8961372651747 
10818.916666666666 15770.1 14961.816666666668 3469.845906512917 
10681.066666666668 15939.1 15185.3 3533.1887648883603 
9886.616666666667 15801.9 14806.333333333334 3435.378062956746 
10214.966666666667 15729.4 14943.483333333334 3639.2932749901993 
10105.866666666667 15700.516666666666 14988.9 3526.9489089958006 
10012.65 15706.95 14903.8 3594.8252643904684 
10231.166666666666 15871.183333333332 15102.266666666666 3165.6282058402107 
10627.883333333333 16042.866666666667 15190.466666666667 3033.7064853080296 
10812.966666666667 16262.35 15458.433333333332 2910.560114680105 
10751.2 16282.683333333332 15385.7 2689.8771660616776 
10922.9 16176.983333333334 15386.383333333333 2968.44970594454 
11382.783333333333 16257.133333333333 15587.566666666668 2933.140759928776 
10840.783333333333 16195.366666666667 15440.9 2910.4498573530973 
11069.233333333334 16225.133333333333 15507.45 2752.1001185458354 
11151.666666666666 16337.133333333333 15661.866666666667 2576.271339045809 
11246.633333333333 16429.983333333334 15697.083333333334 2503.107262594945 
11421.166666666666 16492.033333333333 15865.216666666667 2417.1673842307423 
11569.5 16568.266666666666 15895.716666666667 2091.4442956297507 
11610.666666666666 16790.933333333334 16098.883333333333 1682.6306693026186 
11570.9 16841.683333333334 16166.483333333334 1143.209052696254 
11910.95 16898.75 16280.9 922.2505107977262 
11592.016666666666 16833.483333333334 16176.183333333332 1310.1626960250228 
11368.716666666667 16903.516666666666 16227.1 749.6133157613109 
11634.666666666666 16918.45 16294.566666666668 837.4465558403643 
11051.3 16922.3 16248.283333333333 1029.1449409582694 
11127.133333333333 16839.316666666666 16140.75 1094.121734314788 
11396.5 16986.633333333335 16172.8 917.3130696041927 
11402.2 16990.616666666665 16164.383333333333 787.5726865573175 
11636.183333333332 16929.55 16216.066666666668 889.318232630417 
11579.883333333333 16897.533333333333 16226.0 842.069347401586 
12446.566666666668 17003.666666666668 16342.166666666666 1149.3222178986864 
12281.933333333332 16954.25 16307.383333333333 831.3421164665671 
11707.466666666667 16925.983333333334 16125.533333333333 897.6121655691713 
12165.483333333334 16942.583333333332 16321.4 1116.7945481003508 
11726.166666666666 16934.066666666666 16333.633333333333 1111.8013057896435 
12149.25 16923.216666666667 16233.0 975.8320877589547 
11818.066666666668 17008.783333333333 16295.216666666667 952.9593514999007 
11715.6 17016.75 16356.5 716.6313622311914 
11557.05 16919.3 16229.666666666666 762.0810007983256 
11860.516666666666 16958.966666666667 16318.266666666666 695.4600242525327 
11637.316666666668 16996.066666666666 16312.35 656.9614708387905 
11369.433333333332 16870.066666666666 16293.033333333333 761.7563853431825 
12046.083333333334 17035.566666666666 16429.783333333333 809.8643119203501 
11472.65 16914.083333333332 16203.283333333333 865.3168016204625 
11372.55 16946.433333333334 16124.083333333334 996.1473230233901 
11626.833333333334 16961.85 16293.1 843.4095629249964 
11693.733333333334 17008.633333333335 16280.166666666666 713.2021037000818 
11690.3 16938.316666666666 16107.2 843.227365641478 
11921.566666666668 16872.033333333333 16141.8 1102.7061063583533 
11496.566666666668 17064.85 16169.25 924.8391306059665 
11574.466666666667 16896.333333333332 16151.1 1075.9238561193197 
11525.666666666666 16763.05 16016.983333333334 1102.0360617461158 
11612.45 16666.916666666668 16045.466666666667 1706.1932578924868 
11681.916666666666 16546.7 15832.116666666667 1700.9870997779822 
11707.55 16919.15 16190.116666666667 1067.6272910056205 
11541.533333333333 17080.433333333334 16159.616666666667 794.4936429016352 
12096.816666666668 17098.683333333334 16303.883333333333 1086.6760292797069 
11758.516666666666 17032.233333333334 16253.516666666666 1134.1786029986636 
11329.983333333334 16832.9 16003.766666666666 1290.0449261341423 
11665.6 16850.466666666667 16132.966666666667 1107.7144567882901 
11314.683333333332 16875.6 16146.4 906.7554154787276 
11584.283333333333 16951.65 16363.533333333333 694.8113276678466 
11215.15 16974.3 16179.633333333333 1000.8744346542398 
11331.883333333333 16911.333333333332 16176.4 953.237361398863 
11786.5 16947.1 16267.433333333332 1029.9118739808114 
11565.083333333334 16939.116666666665 16274.95 979.7755424075453 
11547.433333333332 16978.7 16143.85 1136.535868549691 
11712.216666666667 17125.45 16281.35 781.5832321853723 
11495.216666666667 17051.233333333334 16249.216666666667 962.9687879157872 
10874.266666666666 16648.85 15822.0 1325.3253266022396 
10533.3 16749.65 15946.15 1385.9662249973242 
10973.6 16760.15 16002.383333333333 1316.8149585479182 
11445.316666666668 17015.166666666668 16322.433333333332 875.5214771463028 
11682.866666666667 16976.816666666666 16222.233333333334 1167.9426642129692 
10896.733333333334 16857.733333333334 16037.75 1273.625595625863 
11610.133333333333 16904.166666666668 16137.366666666667 962.2791751877412 
12031.9 16925.55 16254.4 967.4781442837179 
11310.283333333333 16941.383333333335 16036.933333333332 1049.7481219056526 
12181.083333333334 16813.316666666666 16173.85 1463.504471750371 
11571.916666666666 16639.383333333335 15971.283333333333 1751.3918546719096 
11484.266666666666 16542.183333333334 15907.616666666667 2263.456883458967 
11053.883333333333 16744.066666666666 15872.666666666666 2252.915166240793 
10943.5 16587.5 15650.633333333333 2436.558565226327 
10961.533333333333 16453.616666666665 15713.3 2373.0975255279054 
10646.166666666666 16617.55 15815.766666666666 2055.351161642863 
11302.516666666666 16753.116666666665 16035.683333333332 1699.5111310968878 
11206.55 16872.4 16047.483333333334 1601.6843104994196 
10423.683333333332 16763.166666666668 15853.533333333333 1554.2416043059573 
10532.45 16771.716666666667 16016.766666666666 1154.6426412771857 
10892.483333333334 16769.4 16089.95 862.8789908401599 
11502.133333333333 16969.683333333334 16320.1 670.4387649144402 
11615.116666666667 16989.533333333333 16404.816666666666 845.1325120621289 
11290.166666666666 17063.166666666668 16305.283333333333 941.699431553874 
11591.916666666666 17014.616666666665 16274.55 744.1218283990869 
11981.516666666666 16946.55 16187.1 1038.3698917052634 
11309.133333333333 16803.683333333334 15914.75 1571.1177030487988 
11410.516666666666 16734.283333333333 16000.9 1418.1813270876187 
11215.883333333333 16667.35 15937.166666666666 1711.8430187795973 
11725.366666666667 16879.783333333333 16102.95 1701.7555997165591 
12242.0 17015.033333333333 16308.4 1697.643806132488 
11451.116666666667 16899.783333333333 15978.116666666667 1823.4063120830872 
11242.583333333334 16772.283333333333 15896.1 1786.9206388365437 
11440.65 16626.983333333334 15809.0 2086.5368723477345 
11088.416666666666 16443.1 15684.766666666666 2504.634374514572 
11583.783333333333 16562.45 15814.833333333334 2331.5395444140904 
11420.283333333333 16495.416666666668 15910.633333333333 2280.2216004882794 
11170.2 16452.383333333335 15701.133333333333 2262.437772023305 
11193.783333333333 16553.9 15936.383333333333 2069.3400565692973 
11445.766666666666 16477.466666666667 15854.466666666667 2178.1577058121593 
11798.983333333334 16795.283333333333 16006.783333333333 1891.7704394296893 
11663.316666666668 16709.05 16092.283333333333 1554.3619725183423 
10894.1 16622.766666666666 15991.933333333332 1584.880713720191 
11997.05 16804.133333333335 16245.666666666666 1721.613847269797 
11665.283333333333 16713.5 16041.083333333334 1709.6982303091454 
11113.033333333333 16718.533333333333 16111.416666666666 1823.7925724069246 
11228.25 16730.083333333332 16147.916666666666 1634.4013945478634 
11131.05 16773.966666666667 16076.166666666666 1559.285972506504 
11442.4 16936.133333333335 16294.716666666667 1535.4685630306983 
11052.833333333334 16844.6 16010.616666666667 1560.5488768200898 
11426.416666666666 16854.2 16039.95 1465.9341637672544 
11045.483333333334 16814.6 15944.283333333333 1151.7778383148955 
11384.183333333332 16892.066666666666 16162.333333333334 1072.986463490259 
10955.6 16752.6 16006.15 1278.748341217562 
11501.933333333332 16949.966666666667 16374.966666666667 706.5374937758867 
11527.333333333334 16955.3 16267.3 774.4745901792603 
10863.35 16845.916666666668 16092.083333333334 840.735619660941 
11470.083333333334 17026.6 16159.95 1048.507277593564 
11484.283333333333 17042.2 16261.083333333334 1236.565473330601 
11246.366666666667 16855.733333333334 16108.683333333332 1131.6553330556671 
11767.116666666667 16915.283333333333 16211.716666666667 904.4919525776767 
12530.266666666666 17012.616666666665 16426.466666666667 819.3772236684804 
11623.783333333333 16945.65 16274.516666666666 704.5441150528159 
12295.316666666668 16959.116666666665 16396.2 920.7129241336121 
12046.55 16999.133333333335 16314.266666666666 733.1105351703642 
11613.733333333334 17041.25 16178.433333333332 829.1129695845633 
11395.4 17058.083333333332 16161.95 1197.0281764297224 
11504.6 16942.583333333332 16150.666666666666 1493.246181869107 
11194.4 16836.516666666666 15967.566666666668 1619.8224847357676 
11099.916666666666 16720.9 15952.716666666667 1644.8635174553408 
11445.783333333333 16790.333333333332 16004.216666666667 1657.9492359036005 
11428.933333333332 16789.583333333332 15993.366666666667 1345.3481003071286 
11388.55 16899.383333333335 16208.916666666666 1251.3653945679584 
11345.1 16866.15 16167.45 978.2684698827139 
11108.216666666667 16814.35 16195.683333333332 1005.9074962164487 
11233.65 16831.733333333334 16165.3 1255.4352437169616 
11064.75 16832.25 16146.783333333333 1412.120986888557 
11555.383333333333 16838.083333333332 16148.316666666668 853.4173448553757 
11681.166666666666 16947.266666666666 16322.833333333334 806.3451821163329 
11614.05 16871.183333333334 16210.583333333334 875.3160771655256 
11711.866666666667 16865.166666666668 16329.466666666667 1050.6197387468237 
11434.433333333332 16839.433333333334 16279.683333333332 1375.020873356716 
12464.816666666668 16903.833333333332 16320.383333333333 1147.9156775797314 
12276.2 16863.783333333333 16311.133333333333 917.2082321128371 
11690.833333333334 17002.183333333334 16453.3 619.5014779374353 
11989.166666666666 16926.35 16327.883333333333 748.9162043691315 
12344.483333333334 16948.5 16309.166666666666 925.5377602297548 
11649.083333333334 16863.666666666668 16194.95 1035.2399928679981 
11716.266666666666 16823.816666666666 16182.516666666666 1336.756136760429 
11610.366666666667 16940.316666666666 16188.583333333334 1091.567909756929 
11805.05 16981.716666666667 16393.566666666666 784.3711084896825 
11444.166666666666 16834.583333333332 16120.883333333333 919.4861564724312 
11752.233333333334 16837.3 16296.95 774.7755729887205 
11225.95 16960.4 16368.6 640.4067395023262 
11084.166666666666 16892.883333333335 16128.066666666668 675.5849134474348 
11460.783333333333 16879.466666666667 16342.533333333333 848.4820378508643 
11687.65 16877.3 16258.433333333332 858.242175936114 
11539.683333333332 16904.216666666667 16254.45 952.6678710337617 
11787.066666666668 16866.183333333334 16133.2 909.4703049028043 
11218.583333333334 16919.683333333334 16176.016666666666 912.2174232483054 
11283.616666666667 16781.716666666667 16145.15 926.5876043310747 
11560.1 16951.216666666667 16328.633333333333 640.1011467381976 
11687.55 16910.5 16239.516666666666 841.8691579191836 
10976.05 16865.45 16076.216666666667 987.2592241205506 
11349.35 16744.683333333334 16046.366666666667 1578.751839376073 
12153.4 16921.5 16259.383333333333 1097.882610224487 
12215.266666666666 16948.116666666665 16424.483333333334 731.7254010973729 
11859.95 16954.266666666666 16322.266666666666 838.3046325106935 
12159.6 17001.316666666666 16307.5 927.6991969383179 
11729.55 16977.533333333333 16332.733333333334 682.0292920151353 
12261.066666666668 16839.166666666668 16192.75 915.9233041945525 
11849.85 16984.85 16275.75 935.482313479701 
11842.7 16848.833333333332 16126.616666666667 1244.8331156111738 
11954.916666666666 16781.116666666665 16093.666666666666 1438.5705320058366 
11633.183333333332 16820.683333333334 16193.55 1476.280036838088 
11453.816666666668 16906.666666666668 16361.55 706.8550927641863 
11562.833333333334 16939.2 16320.0 726.0204667684424 
11834.116666666667 16989.366666666665 16425.816666666666 641.9266275569713 
11701.966666666667 16923.4 16172.633333333333 839.1532959212849 
12276.6 16924.05 16338.066666666668 823.889807963824 
11594.466666666667 16857.75 16206.583333333334 913.2254589883291 
11863.733333333334 16794.133333333335 16186.366666666667 957.0366164479927 
12031.95 16903.866666666665 16380.3 719.1061897707922 
11414.533333333333 16900.733333333334 16322.8 683.9532254962078 
11267.05 16968.683333333334 16162.4 779.9185836782367 
11395.016666666666 16946.166666666668 16261.983333333334 926.9462800867516 
11169.133333333333 16869.033333333333 16013.316666666668 1382.2372698917425 
11338.483333333334 16791.0 15946.5 1258.0182456281523 
10648.616666666667 16623.133333333335 15790.816666666668 1944.1078476743232 
10483.666666666666 16612.7 15792.483333333334 1927.6790327143847 
10675.75 16519.716666666667 15841.933333333332 1828.2307510116013 
10965.1 16556.716666666667 15834.3 1822.1002412509213 
11535.85 16801.2 16140.7 1400.2260055076822 
11757.6 16754.166666666668 16120.766666666666 1126.8270274191252 
11719.683333333332 16860.933333333334 16250.15 849.5188280236446 
12408.666666666666 17033.3 16358.066666666668 721.1463026167282 
12037.633333333333 16951.033333333333 16378.0 698.522008481718 
12181.2 16911.45 16376.416666666666 807.2646599955788 
11700.566666666668 16991.0 16285.283333333333 781.3510336092365 
11619.483333333334 16878.3 16251.8 781.2701833126189 
11389.733333333334 16809.783333333333 16174.666666666666 889.5174483954768 
11703.366666666667 16795.516666666666 16217.433333333332 998.1571347850106 
11567.316666666668 16768.033333333333 16139.716666666667 1501.997239548432 
10844.766666666666 16866.916666666668 16088.2 869.6242427048592 
11007.75 16777.366666666665 16007.266666666666 887.9410663627026 
11087.5 16867.283333333333 16192.85 872.7220593254955 
11277.4 16849.716666666667 16137.033333333333 1035.3439474128609 
11715.783333333333 16884.516666666666 16196.066666666668 1213.4755140367133 
12109.983333333334 16876.2 16231.3 1298.7164719445118 
11573.166666666666 16715.316666666666 15942.15 1709.6353083333295 
11953.683333333332 16748.0 16185.616666666667 1656.7226557775646 
11307.366666666667 16683.55 16018.316666666668 1513.2580530651953 
12085.066666666668 16773.95 16202.216666666667 1649.0263116120645 
11894.75 16738.5 15977.9 1658.67555296387 
11777.533333333333 16787.783333333333 15928.333333333334 1828.2398269161029 
11983.75 16896.55 16134.633333333333 1688.4582778216475 
11344.15 16579.183333333334 15768.366666666667 1929.6425540757537 
11835.75 16751.35 15899.866666666667 2103.045985086605 
11740.966666666667 16645.233333333334 15742.766666666666 2138.2617604545576 
11173.15 16495.75 15680.983333333334 1953.8302759650794 
11143.2 16631.95 16078.083333333334 1688.492041125585 
11277.883333333333 16543.633333333335 15906.983333333334 1818.3862249716553 
11228.133333333333 16636.5 16069.4 1746.8281186672793 
11324.216666666667 16775.35 16131.5 1655.4715523580182 
12317.566666666668 16835.316666666666 16344.0 1613.8486503283593 
11422.6 16590.35 15997.233333333334 1585.2775219184812 
11578.316666666668 16835.233333333334 16308.85 1319.7637171731412 
11529.9 16899.55 16214.4 931.0907777977396 
11729.766666666666 16831.166666666668 16221.95 796.4425619591156 
12082.266666666666 16956.283333333333 16491.216666666667 631.9605029412659 
11911.45 16919.95 16316.416666666666 785.8550351545621 
11807.25 16891.933333333334 16274.316666666668 752.8664665795656 
11670.216666666667 16907.583333333332 16185.416666666666 1142.6841678210515 
11079.466666666667 16909.183333333334 16140.216666666667 692.4982387061439 
11215.2 16785.65 16112.766666666666 872.4154055456227 
11538.366666666667 16783.233333333334 16154.583333333334 973.5808052122727 
11872.783333333333 16903.666666666668 16327.35 813.2864816082133 
11555.166666666666 16907.133333333335 16258.933333333332 777.1967168398659 
10983.433333333332 16784.333333333332 16037.883333333333 875.0164765115376 
10999.75 16726.75 16018.216666666667 1007.1652036229651 
11114.916666666666 16572.616666666665 15861.95 1257.6039891396656 
11545.95 16808.183333333334 16183.916666666666 984.3892138162516 
11899.166666666666 16871.8 16298.95 760.9613328985033 
11460.5 17039.616666666665 16375.016666666666 473.3075911427297 
11844.316666666668 16866.1 16197.9 808.7683995846194 
12071.8 16816.033333333333 16239.55 1041.5299724443844 
11461.733333333334 16777.716666666667 16124.833333333334 1121.3005613274854 
11635.75 16851.166666666668 16269.583333333334 728.4303405649407 
11756.916666666666 16917.85 16299.083333333334 720.0123223868385 
11240.033333333333 16865.05 16195.35 733.95678403659 
12137.166666666666 16952.833333333332 16430.633333333335 724.9688381042473 
11542.083333333334 16976.516666666666 16373.833333333334 625.8996562726508 
11508.066666666668 16843.15 16183.35 851.5412962191948 
12016.15 16837.166666666668 16198.3 857.1159020225912 
11045.75 16735.65 16049.716666666667 1043.052110475151 
11871.933333333332 16802.05 16188.183333333332 1268.8418104931582 
11903.95 16926.066666666666 16346.5 831.2720685792348 
11716.1 16840.25 16029.066666666668 769.579024171296 
12087.75 16859.9 16203.8 933.1550890214697 
12130.583333333334 16988.716666666667 16301.85 1137.198421487356 
11290.0 16615.716666666667 15839.133333333333 1258.5709635888186 
11721.633333333333 16923.516666666666 16359.933333333332 783.7709780286588 
12008.916666666666 16958.566666666666 16248.7 757.2756240850047 
11643.7 16816.466666666667 16087.266666666666 954.8100072498427 
11654.166666666666 16880.6 16141.533333333333 1026.3901086385774 
11754.233333333334 16913.433333333334 16227.983333333334 1223.5975607245675 
11554.55 16661.316666666666 16032.85 1313.411185869325 
12180.733333333334 16848.45 16203.466666666667 1664.5232760296399 
12449.366666666667 16920.583333333332 16199.066666666668 1585.8682648280994 
11991.916666666666 16925.133333333335 16227.866666666667 1520.4855081701883 
11830.95 16733.833333333332 15944.783333333333 1704.3586689394015 
11160.8 16488.333333333332 15791.5 1800.814108165156 
11122.766666666666 16617.55 15919.2 1674.8196947731415 
11139.616666666667 16658.5 16000.1 1515.1535554193836 
11631.766666666666 16745.733333333334 16107.266666666666 1569.1904060870231 
11760.866666666667 16709.6 16136.95 1660.5142321481821 
12137.233333333334 16747.433333333334 16195.5 1540.3483032526551 
11914.966666666667 16675.533333333333 16072.75 1537.4100476125423 
12040.116666666667 16801.566666666666 16220.65 1529.6729307818277 
12043.866666666667 16793.45 16051.016666666666 1832.1395229348668 
12143.75 16716.766666666666 16045.233333333334 1794.4339433524867 
11565.9 16696.933333333334 15981.2 1697.111224159061 
12008.383333333333 16609.7 16065.183333333332 1622.800570156419 
11932.75 16592.35 16010.9 1697.6435216695718 
11892.266666666666 16568.5 16022.566666666668 1832.1186058616518 
12029.183333333332 16754.45 16135.016666666666 1653.5861503444899 
12158.683333333332 16766.85 16107.233333333334 1556.250986452164 
11753.166666666666 16658.483333333334 16053.966666666667 1665.992538065188 
10919.383333333333 16302.366666666667 15655.9 1784.8869276044727 
11060.583333333334 16533.416666666668 15986.216666666667 1949.3493661418875 
10951.933333333332 16512.333333333332 15840.366666666667 2046.8355281317115 
11109.533333333333 16566.016666666666 15918.4 1873.2181464438856 
11520.25 16601.15 16031.85 1834.5151232682706 
11070.05 16697.9 16093.15 1560.2739410650508 
11332.8 16683.766666666666 16132.483333333334 1563.0484818136647 
11413.3 16734.45 16084.95 1503.6873743678682 
12019.166666666666 16663.633333333335 16033.666666666666 1770.2558480971682 
11346.15 16731.516666666666 16045.466666666667 1616.334561971073 
10945.666666666666 16682.65 16046.633333333333 1687.1166442912138 
11394.05 16834.783333333333 16179.466666666667 1352.0940184888525 
12222.933333333332 16896.716666666667 16289.166666666666 1097.3715812744963 
11244.216666666667 16730.85 15975.15 913.7631975335113 
11333.266666666666 16874.35 16103.05 1063.4579827932398 
11470.766666666666 16812.466666666667 16114.016666666666 1255.4378046677139 
11573.983333333334 16688.65 15823.716666666667 1705.5031699537303 
11001.283333333333 16690.883333333335 15982.283333333333 1266.5519992176482 
10980.816666666668 16650.833333333332 16013.25 1125.1888221538638 
12049.65 16819.383333333335 16265.516666666666 1522.8088280652084 
11493.083333333334 16590.2 15957.0 1642.1414172252844 
11548.6 16783.766666666666 16179.166666666666 1519.1754247324802 
11781.85 16865.7 16199.933333333332 1302.2659928413668 
11788.65 16905.7 16285.016666666666 879.9412682105549 
12256.383333333333 16956.033333333333 16231.916666666666 1171.9245410150493 
12214.5 17006.7 16185.366666666667 1280.3898741963108 
12267.85 16706.0 15988.75 1373.603183176762 
11660.766666666666 16772.15 15867.733333333334 1453.263010951562 
11844.05 16807.216666666667 15966.816666666668 1582.6280787032692 
11701.7 16891.8 16155.8 1074.728784003977 
11983.433333333332 16798.033333333333 16107.583333333334 955.6470506357924 
11597.966666666667 16802.483333333334 16062.5 1256.107599358696 
11197.483333333334 16661.283333333333 15933.983333333334 1372.396546940991 
10739.483333333334 16790.783333333333 16036.833333333334 1107.4086349070365 
11423.75 16756.8 16088.9 1014.6461259966453 
11202.183333333332 16693.2 16085.666666666666 853.5502241618043 
11180.5 16717.683333333334 16110.583333333334 882.9630327293814 
11406.45 16870.933333333334 16263.033333333333 773.6805275219657 
11787.15 16887.2 16343.716666666667 752.5735111011489 
12566.516666666666 16972.066666666666 16360.466666666667 990.9308295178272 
12260.25 16870.85 16250.5 1156.2519604307706 
11836.75 16815.866666666665 16116.683333333332 1359.9005375598451 
12536.333333333334 16971.8 16309.833333333334 1090.7309365996525 
12525.066666666668 16955.583333333332 16257.783333333333 845.2332605394929 
12200.266666666666 16951.283333333333 16334.233333333334 880.7776930707947 
11695.333333333334 16984.533333333333 16266.25 819.6351937498374 
12135.483333333334 16774.2 16140.483333333334 1160.0262884233841 
11372.916666666666 16701.25 15948.083333333334 1519.645517016679 
12056.9 16695.15 16117.35 1746.4718883604548 
11425.733333333334 16456.083333333332 15836.766666666666 1922.5025933951586 
11084.533333333333 16472.25 15821.95 2236.68018936548 
11705.033333333333 16334.1 15805.116666666667 2535.9294723258986 
11038.266666666666 16341.783333333333 15668.883333333333 2172.231816703733 
11825.483333333334 16523.066666666666 15951.866666666667 2163.392054262113 
11387.966666666667 16548.383333333335 15921.033333333333 1996.8602379596934 
11483.383333333333 16555.65 16000.45 1995.9990019620084 
11143.55 16576.9 15991.816666666668 2021.5046411714663 
10852.35 16588.45 15996.316666666668 1832.0309818007383 
11094.683333333332 16639.0 16061.8 1477.9196328510786 
11986.933333333332 16759.383333333335 16180.766666666666 1642.4389053579239 
11881.0 16663.666666666668 16094.55 1549.891776168044 
11972.35 16708.283333333333 16159.666666666666 1696.9975389885908 
11637.183333333332 16784.65 16159.666666666666 1509.152135398475 
11380.25 16654.266666666666 16105.4 1589.0000884728315 
11474.8 16621.033333333333 16030.416666666666 1664.175803096269 
11984.716666666667 16651.416666666668 16116.05 1745.7539703043306 
11656.833333333334 16606.166666666668 16027.766666666666 1675.3830951291245 
11574.6 16635.25 16099.4 1651.354071158979 
10923.65 16639.133333333335 16020.15 1616.5365607268732 
11567.833333333334 16695.6 16103.083333333334 1699.1089235406769 
11921.183333333332 16801.033333333333 16233.75 1311.672322965356 
11975.4 16883.483333333334 16222.516666666666 819.4549419854911 
11913.2 16857.633333333335 16155.55 809.3386259780265 
11856.35 16860.266666666666 16161.0 1030.8720711934466 
12054.75 16891.0 16221.366666666667 810.4271431028071 
12278.933333333332 16871.05 16259.65 884.5020884655953 
11627.083333333334 16886.183333333334 16137.55 1286.8227326118647 
11361.466666666667 16853.45 16047.966666666667 1523.459079547448 
11658.616666666667 16782.483333333334 16063.8 1265.147423557165 
12104.45 16865.15 16185.05 1203.4519755686138 
11558.083333333334 16829.3 16067.133333333333 945.1834237038039 
11518.733333333334 16751.15 16051.183333333332 999.296157664094 
11606.8 16817.133333333335 16204.966666666667 924.2945454958249 
11371.716666666667 16611.316666666666 16003.833333333334 1074.6843339118495 
11444.783333333333 16861.7 16173.933333333332 1234.4419399739572 
11785.433333333332 16762.45 16122.966666666667 1412.320750888016 
11232.616666666667 16546.466666666667 15904.1 1694.6089563672206 
11650.283333333333 16609.416666666668 15975.616666666667 2053.367184934703 
12036.0 16427.333333333332 15926.916666666666 2137.73471986119 
11808.9 16513.6 15849.85 2099.6380389248047 
11805.35 16706.65 15994.0 1751.9833834352803 
11312.466666666667 16785.883333333335 16036.6 1565.5569372164873 
10961.733333333334 16635.833333333332 15810.1 1686.371526285553 
12065.166666666666 16829.85 16201.916666666666 1534.1284936949276 
11917.65 16774.483333333334 16028.1 1625.474200810336 
11869.0 16936.066666666666 16187.616666666667 1383.3400326946212 
11669.35 16687.7 15869.15 1622.5603019610703 
11714.183333333332 16685.6 16083.183333333332 1323.0516457753602 
11893.166666666666 16596.683333333334 15923.033333333333 1292.9116605123838 
11563.116666666667 16902.733333333334 16319.116666666667 733.0459091656159 
11466.766666666666 16929.75 16203.8 714.876658242525 
11690.883333333333 16917.366666666665 16317.4 651.4378739885076 
12090.383333333333 17019.466666666667 16233.683333333332 819.4237206381351 
12066.416666666666 17082.65 16389.0 803.4283454878433 
12105.816666666668 16912.483333333334 16124.433333333332 885.1618307782293 
11719.5 16794.966666666667 16116.633333333333 1050.830584003805 
11813.566666666668 17018.2 16322.25 1070.9716338447065 
11706.566666666668 16712.566666666666 16075.183333333332 1393.5874929077431 
11516.366666666667 16599.833333333332 15955.683333333332 1716.822090585458 
11564.65 16458.816666666666 15915.683333333332 2152.367267852357 
11091.866666666667 16339.383333333333 15711.05 2147.000857591818 
11089.083333333334 16389.716666666667 15848.433333333332 2166.734350109501 
11168.316666666668 16424.266666666666 15847.933333333332 2139.670642606786 
11457.5 16612.733333333334 16054.2 1961.581454719635 
11499.7 16780.483333333334 16099.133333333333 1612.3203497685495 
12212.433333333332 16915.483333333334 16412.3 796.7323212137604 
11518.35 16860.866666666665 16241.033333333333 873.7354338636434 
11600.133333333333 16828.933333333334 16160.766666666666 930.3473611148329 
11306.666666666666 16723.416666666668 16017.633333333333 1165.7109080108821 
11942.933333333332 16820.566666666666 16279.266666666666 886.1465715231438 
11518.533333333333 16799.466666666667 16155.383333333333 868.2217754634405 
11383.0 16850.15 16157.833333333334 945.6572588828246 
11721.383333333333 16759.35 16150.016666666666 1368.3518726109075 
11823.3 16804.833333333332 16173.65 1251.7344123921284 
11797.983333333334 16877.683333333334 16242.516666666666 892.5275937533311 
11692.383333333333 16812.05 16174.483333333334 843.1853471278488 
11650.95 16878.366666666665 16119.783333333333 879.190434781402 
11533.083333333334 16871.416666666668 16106.366666666667 780.1445263539316 
11895.2 16943.866666666665 16345.533333333333 739.7003101481934 
11913.933333333332 16852.05 16259.2 698.3438763722829 
11998.233333333334 16800.683333333334 16196.816666666668 1049.5718704680387 
12325.383333333333 16816.133333333335 16222.316666666668 1457.4898182034296 
12460.316666666668 16708.533333333333 16112.916666666666 1571.522976835599 
12277.666666666666 16789.566666666666 16172.216666666667 1690.9192366382651 
11956.2 16697.116666666665 16009.25 1638.6314403082429 
12270.716666666667 16692.083333333332 16039.766666666666 1677.8345557427424 
12465.7 16771.8 16054.2 1800.3860991928 
11936.716666666667 16706.15 15955.833333333334 1747.130046644751 
11704.866666666667 16674.85 15952.75 1590.3658015794144 
11910.916666666666 16876.55 16169.95 1311.1808613485277 
12107.666666666666 16898.45 16210.633333333333 926.547832638265 
12061.2 16796.533333333333 16213.933333333332 994.1346552543964 
12363.35 17022.866666666665 16459.0 675.9736343477704 
12087.3 16872.333333333332 16286.8 707.0754838299326 
12074.766666666666 16873.333333333332 16307.666666666666 688.5497281323339 
12065.2 16850.85 16342.866666666667 725.5185934519146 
12255.25 16833.45 16367.416666666666 806.8381692687134 
12600.766666666666 16929.816666666666 16432.816666666666 630.4856609084072 
12235.933333333332 16858.95 16327.216666666667 685.6826636847236 
12496.9 16907.083333333332 16375.383333333333 714.6902146695759 
12162.333333333334 16941.3 16258.8 838.2030041503472 
11456.316666666668 16804.766666666666 16045.733333333334 902.5000198214832 
11945.683333333332 16775.866666666665 15970.466666666667 1488.0455179156613 
12071.15 16783.583333333332 16105.9 1167.7277417417697 
11726.0 16724.333333333332 16113.366666666667 1029.202840120018 
11748.983333333334 16625.416666666668 16016.016666666666 1353.209688543009 
11616.116666666667 16489.85 15861.166666666666 1631.2025851431752 
11748.966666666667 16574.15 16047.333333333334 1620.5829158910005 
11328.516666666666 16578.666666666668 16025.883333333333 1650.907124330944 
11781.516666666666 16575.1 16043.883333333333 1634.7280868185185 
11388.533333333333 16597.566666666666 16095.05 1479.867068861254 
11681.583333333334 16617.5 16102.466666666667 1591.5828887026619 
11740.816666666668 16558.7 16067.983333333334 1685.312660754674 
11671.25 16659.816666666666 16196.4 1600.759749827146 
11340.783333333333 16619.666666666668 16048.966666666667 1433.208172267921 
11577.7 16612.05 16053.433333333332 1690.4544285980223 
11708.016666666666 16640.833333333332 15960.483333333334 1742.6937463625418 
12095.1 16783.6 16136.466666666667 1665.050241317394 
11658.283333333333 16737.25 16109.216666666667 1507.7816207741903 
11679.35 16788.55 16081.883333333333 1070.5046900878106 
12269.833333333334 16881.483333333334 16267.5 885.9760641988775 
12508.5 16848.45 16266.083333333334 1045.6739410277203 
11820.1 16768.533333333333 16246.0 614.783988758111 
12377.516666666666 16911.266666666666 16277.733333333334 804.6717346567826 
11738.016666666666 16873.933333333334 16239.816666666668 875.0774429538604 
12328.383333333333 16865.15 16252.55 1360.8249725197336 
11586.9 16715.116666666665 16112.133333333333 1193.9158524461523 
12167.433333333332 16742.7 16167.4 1081.9828584594118 
12324.15 16913.283333333333 16411.066666666666 835.0324497686703 
11733.433333333332 16855.016666666666 16311.383333333333 630.9445443583418 
11822.0 16699.75 16105.166666666666 956.3458240441407 
11744.833333333334 16863.583333333332 16349.266666666666 725.4141153698196 
11641.616666666667 16828.616666666665 16237.616666666667 646.7869550065668 
12580.683333333332 16972.633333333335 16557.833333333332 653.0374722530604 
12153.983333333334 16725.7 16230.183333333332 856.1519613622598 
11497.25 16747.566666666666 16058.916666666666 841.1107217707889 
11829.3 16937.8 16335.383333333333 744.180832526611 
11683.85 16814.216666666667 16128.233333333334 925.3667929229167 
11657.416666666666 16884.733333333334 16259.2 972.0598591822076 
11783.916666666666 16739.7 16125.35 956.8840930332158 
11981.866666666667 16804.816666666666 16302.583333333334 734.6668443360342 
11753.866666666667 16794.866666666665 16088.35 1273.0103505078032 
11716.683333333332 16666.283333333333 16054.066666666668 1552.6738068928428 
11353.1 16578.983333333334 15903.716666666667 1852.383243988973 
12089.7 16539.1 15859.083333333334 1962.4197825219085 
11459.333333333334 16481.983333333334 15791.4 2061.8841740828543 
11519.866666666667 16608.55 16038.866666666667 1860.9721675033782 
12243.716666666667 16646.45 16181.616666666667 1895.520399125264 
12265.816666666668 16748.166666666668 16086.166666666666 1908.9131819499341 
12924.1 16841.5 16216.883333333333 1592.2927933050228 
12211.466666666667 16602.366666666665 15917.966666666667 1734.8121205671428 
11540.45 16627.7 15897.616666666667 1940.4109120521641 
11515.333333333334 16648.466666666667 15947.216666666667 1766.5804258353041 
11337.0 16482.866666666665 15845.8 1697.4078741814924 
11377.5 16586.283333333333 16041.133333333333 1570.9015724523713 
11160.583333333334 16572.183333333334 15871.8 1512.5713092831907 
11068.683333333332 16569.05 15919.95 1658.0554947990536 
11116.283333333333 16552.7 15897.166666666666 1815.5009011901427 
11103.433333333332 16504.783333333333 15854.083333333334 1770.5333345100032 
11157.966666666667 16546.083333333332 15904.45 1859.6191124797572 
10741.75 16378.383333333333 15784.316666666668 1768.2457058558857 
11063.4 16391.25 15730.7 1891.4942631422384 
11165.766666666666 16449.116666666665 15814.283333333333 2089.5894172593385 
11485.7 16452.016666666666 15833.616666666667 2012.2744892975657 
11424.166666666666 16579.016666666666 15997.466666666667 1702.3117259577734 
11828.033333333333 16467.75 15874.833333333334 1704.9662425299414 
11375.9 16497.683333333334 15897.333333333334 1929.9266627258146 
11279.016666666666 16434.8 15775.416666666666 1961.8426076438107 
11556.05 16689.366666666665 16015.833333333334 1735.1445080869905 
11291.3 16560.233333333334 15939.083333333334 1648.6016845766262 
11448.3 16542.366666666665 16000.433333333332 1702.5930053565032 
12485.45 16628.5 16098.216666666667 1858.351339568968 
11402.516666666666 16538.8 15893.166666666666 1773.750359235732 
11706.933333333332 16742.9 16090.633333333333 1262.3955089872236 
12142.233333333334 16942.833333333332 16336.85 618.2065850776205 
12188.666666666666 16706.433333333334 16106.1 916.9809109245402 
12101.533333333333 16740.116666666665 16195.85 851.3287658125972 
11738.9 16769.766666666666 16253.816666666668 841.2111347799538 
12024.416666666666 16829.266666666666 16200.316666666668 730.9041492486473 
12197.616666666667 16839.633333333335 16288.083333333334 650.1603878616755 
11899.2 16781.283333333333 16232.933333333332 853.9470733989706 
11928.966666666667 16679.85 16074.683333333332 772.4183742204307 
12322.316666666668 16779.483333333334 16294.65 824.4172716733518 
11820.95 16865.9 16354.55 706.7138582906096 
11718.033333333333 16722.466666666667 16117.466666666667 717.4537566979491 
12147.05 16887.566666666666 16313.05 684.6136519965113 
11845.016666666666 16735.3 16166.133333333333 700.7684249371465 
11765.916666666666 16858.183333333334 16156.383333333333 839.5721721673352 
12361.366666666667 16894.366666666665 16187.15 1050.4968950453874 
11503.216666666667 16810.766666666666 16182.133333333333 1068.043318800007 
11440.333333333334 16777.233333333334 16103.716666666667 1323.7311726706446 
11521.083333333334 16685.283333333333 16075.683333333332 1393.7072717715473 
12640.9 16874.933333333334 16168.216666666667 1512.7302046483885 
11824.6 16784.783333333333 16001.25 1553.2539407643553 
12032.133333333333 16626.716666666667 15906.216666666667 1613.0068899935509 
11650.816666666668 16655.133333333335 15889.866666666667 1448.4543283176806 
11240.05 16535.916666666668 15782.316666666668 1542.4810021340443 
11597.3 16660.45 16004.45 1396.8586790247132 
11856.933333333332 16677.083333333332 16130.533333333333 1359.1364000717515 
12223.266666666666 16696.1 16156.883333333333 891.878569929786 
11764.466666666667 16866.233333333334 16185.966666666667 762.3670526721363 
12194.683333333332 16878.566666666666 16253.583333333334 684.1765038269648 
11548.6 16741.266666666666 16123.083333333334 839.5132840918402 
11873.683333333332 16765.6 16068.15 1196.919387218705 
11927.883333333333 16700.133333333335 16139.0 930.2885563092777 
11791.45 16894.133333333335 16397.05 675.3200669559089 
11434.433333333332 16842.766666666666 16194.516666666666 715.8535148493876 
11695.316666666668 16793.216666666667 16262.0 721.927825686197 
12250.366666666667 16837.283333333333 16343.733333333334 874.8880774133341 
11591.183333333332 16752.516666666666 16254.566666666668 860.0967895791987 
11604.133333333333 16711.066666666666 16184.2 680.3970817348744 
11851.533333333333 16796.783333333333 16200.1 749.5248255839609 
11975.016666666666 16776.583333333332 16175.816666666668 828.2293667483933 
12245.583333333334 16811.916666666668 16324.566666666668 716.1299459983192 
11785.7 16791.016666666666 16159.066666666668 739.8878292987691 
12701.366666666667 16982.816666666666 16523.366666666665 706.9779601703766 
12726.683333333332 16830.833333333332 16285.216666666667 819.386491935684 
12656.533333333333 16847.283333333333 16374.516666666666 724.09992837852 
12163.333333333334 16729.566666666666 16130.433333333332 885.0394944420406 
12391.233333333334 16796.533333333333 16269.466666666667 665.2348041606562 
12398.216666666667 16747.65 16265.45 834.762427181131 
12220.95 16851.333333333332 16354.433333333332 769.7331418889419 
12389.233333333334 16790.416666666668 16213.0 776.1648235609067 
13046.733333333334 16891.433333333334 16436.566666666666 783.2013986765403 
12432.983333333334 16873.033333333333 16329.583333333334 811.3506046846961 
12017.733333333334 16725.716666666667 16101.966666666667 892.4483381562084 
11443.05 16635.683333333334 16058.733333333334 805.5267967126993 
11956.466666666667 16862.95 16398.7 744.6926232793413 
11416.316666666668 16737.233333333334 16222.733333333334 788.7927735188473 
11375.3 16665.766666666666 16041.633333333333 766.9982917190883 
11702.483333333334 16682.483333333334 16155.033333333333 817.1999648188928 
10911.383333333333 16676.733333333334 16151.966666666667 854.1429498170796 
11453.266666666666 16731.866666666665 16220.116666666667 814.2942994806403 
11377.616666666667 16713.4 16153.866666666667 740.1815765592776 
11553.95 16849.116666666665 16282.416666666666 728.9892006135008 
12655.25 16944.866666666665 16445.75 646.5456698228414 
12002.133333333333 16829.966666666667 16175.216666666667 966.461409329013 
 
1.2883333333333336 1.522777777777778 1.5088888888888887 1.5333333333333334 
1.491111111111111 1.047777777777778 1.8761111111111113 1.5249999999999997 
1.5072222222222218 1.522777777777778 1.4527777777777773 1.5438888888888884 
 
870.0
1305.0
1523.95
1605.15
1588.2333333333333
1562.1333333333334
1579.5333333333333
1522.5
1491.5666666666666
1472.7166666666667
1466.4333333333334
1450.0
1493.9833333333333
1466.4333333333334
1485.2833333333333
1504.1333333333334
1475.1333333333334
1493.0166666666667
1462.5666666666666
1492.5333333333333
1449.0333333333333
1493.5
1479.9666666666667
1483.8333333333333
1476.1
1503.65
1490.1166666666666
1499.3
1490.6
1476.5833333333333
1492.5333333333333
1480.9333333333334
1505.1
1488.1833333333334
1483.8333333333333
1484.8
1488.6666666666667
1471.75
1492.05
1484.8
1483.35
1478.0333333333333
1441.7833333333333
1479.9666666666667
1500.2666666666667
1485.7666666666667
1491.0833333333333
1478.5166666666667
1486.7333333333333
1484.8
1481.4166666666667
1481.9
1480.45
1498.8166666666666
1486.7333333333333
1503.65
1498.3333333333333
1467.8833333333334
1473.2
1462.5666666666666
1466.4333333333334
1487.7
1502.6833333333334
1492.5333333333333
1467.4
1503.65
1496.4
1502.6833333333334
1515.7333333333333
1480.9333333333334
1491.0833333333333
1508.9666666666667
1516.2166666666667
1483.35
1498.3333333333333
1487.7
1498.8166666666666
1513.8
1491.5666666666666
1462.5666666666666
1496.4
1466.4333333333334
1471.75
1479.0
1477.0666666666666
1481.4166666666667
1501.7166666666667
1517.1833333333334
1479.0
1475.1333333333334
1485.7666666666667
1534.1
1496.8833333333334
1481.9
1507.5166666666667
1462.0833333333333
1482.3833333333334
1487.7
1496.8833333333334
1502.6833333333334
1506.0666666666666
1469.8166666666666
1481.9
1505.1
1538.45
1496.4
1503.1666666666667
1475.6166666666666
1481.4166666666667
1480.45
1484.8
1479.0
1493.9833333333333
1514.2833333333333
1511.3833333333334
1493.9833333333333
1476.5833333333333
1491.5666666666666
1498.3333333333333
1485.2833333333333
1488.6666666666667
1476.5833333333333
1490.6
1521.5333333333333
1475.1333333333334
1485.2833333333333
1503.1666666666667
1475.6166666666666
1480.45
1476.5833333333333
1478.5166666666667
1496.4
1489.15
1477.55
1465.95
1499.7833333333333
1514.2833333333333
1509.9333333333334
1490.6
1499.7833333333333
1471.2666666666667
1481.4166666666667
1489.6333333333334
1473.6833333333334
1473.6833333333334
1483.8333333333333
1493.0166666666667
1479.9666666666667
1505.5833333333333
1470.7833333333333
1503.1666666666667
1476.5833333333333
1497.3666666666666
1476.5833333333333
1494.4666666666667
1492.05
1485.2833333333333
1504.6166666666666
1499.7833333333333
1490.1166666666666
1489.15
1504.1333333333334
1464.0166666666667
1480.45
1488.6666666666667
1498.3333333333333
1479.0
1465.95
1470.3
1490.1166666666666
1480.9333333333334
1479.0
1461.6
1476.1
1492.05
1503.65
1495.9166666666667
1497.3666666666666
1505.1
1501.7166666666667
1486.7333333333333
1485.7666666666667
1479.4833333333333
1471.75
1500.75
1507.5166666666667
1481.9
1498.8166666666666
1484.8
1501.2333333333333
1492.05
1476.1
1461.6
1482.3833333333334
1474.1666666666667
1512.35
1480.45
1472.7166666666667
1474.1666666666667
1456.7666666666667
1504.6166666666666
1497.3666666666666
1485.2833333333333
1463.5333333333333
1464.5
1463.5333333333333
1522.0166666666667
1524.9166666666667
1501.2333333333333
1484.8
1478.5166666666667
1493.9833333333333
1473.2
1486.7333333333333
1492.5333333333333
1490.6
1489.6333333333334
1528.3
1483.35
1500.2666666666667
1506.55
1477.55
1469.3333333333333
1499.3
1472.7166666666667
1493.0166666666667
1477.55
1496.4
1465.4666666666667
1474.65
1493.0166666666667
1499.3
1500.2666666666667
1480.45
1482.8666666666666
1486.7333333333333
1486.7333333333333
1490.6
1470.7833333333333
1486.7333333333333
1485.2833333333333
1483.35
1519.6
1470.7833333333333
1524.4333333333334
1531.2
1463.5333333333333
1480.45
1479.4833333333333
1459.1833333333334
1454.35
1512.35
1474.1666666666667
1482.8666666666666
1486.7333333333333
1476.1
1476.1
1487.7
1479.9666666666667
1486.25
1509.9333333333334
1502.6833333333334
1482.8666666666666
1473.6833333333334
1493.5
1497.85
1508.9666666666667
1480.45
1474.1666666666667
1476.1
1476.1
1482.3833333333334
1497.3666666666666
1486.25
1511.3833333333334
1511.8666666666666
1484.8
1477.55
1488.6666666666667
1494.95
1508.0
1483.35
1510.4166666666667
1477.0666666666666
1475.6166666666666
1489.15
1530.2333333333333
1473.2
1488.6666666666667
1482.8666666666666
1467.8833333333334
1486.7333333333333
1494.95
1464.0166666666667
1470.3
1480.45
1469.8166666666666
1505.5833333333333
1477.55
1504.1333333333334
1496.4
1481.4166666666667
1479.4833333333333
1483.35
1481.4166666666667
1486.25
1486.7333333333333
1494.95
1482.8666666666666
1503.1666666666667
1481.4166666666667
1504.1333333333334
1470.7833333333333
1482.8666666666666
1517.1833333333334
1486.25
1468.3666666666666
1474.65
1501.7166666666667
1475.6166666666666
1484.8
1498.3333333333333
1515.25
1510.9
1493.9833333333333
1493.5
1480.45
1498.3333333333333
1496.8833333333334
1493.9833333333333
1496.8833333333334
1512.35
1505.1
1477.55
1482.3833333333334
1475.1333333333334
1489.15
1468.85
1468.3666666666666
1464.9833333333333
1500.2666666666667
1523.95
1504.6166666666666
1502.2
1483.35
1498.3333333333333
1486.7333333333333
1494.95
1503.1666666666667
1503.65
1489.6333333333334
1479.4833333333333
1491.5666666666666
1462.0833333333333
1463.5333333333333
1478.0333333333333
1464.5
1478.0333333333333
1489.15
1482.3833333333334
1464.5
1494.4666666666667
1483.35
1501.7166666666667
1490.1166666666666
1485.2833333333333
1504.6166666666666
1457.7333333333333
1482.8666666666666
1463.05
1468.85
1493.0166666666667
1468.3666666666666
1460.15
1476.1
1478.5166666666667
1467.8833333333334
1477.55
1486.7333333333333
1479.0
1476.5833333333333
1478.0333333333333
1490.6
1478.5166666666667
1508.4833333333333
1470.3
1461.1166666666666
1476.1
1466.9166666666667
1475.1333333333334
1517.1833333333334
1511.8666666666666
1480.45
1494.95
1508.0
1529.2666666666667
1484.8
1471.2666666666667
1476.1
1474.65
1511.8666666666666
1466.9166666666667
1495.4333333333334
1474.65
1465.4666666666667
1501.2333333333333
1502.6833333333334
1494.95
1457.7333333333333
1479.9666666666667
1503.65
1484.3166666666666
1493.5
1480.9333333333334
1464.0166666666667
1511.8666666666666
1496.4
1472.7166666666667
1488.1833333333334
1481.4166666666667
1461.1166666666666
1500.75
1494.95
1463.5333333333333
1493.9833333333333
1478.0333333333333
1488.6666666666667
1470.3
1482.8666666666666
1479.4833333333333
1492.5333333333333
1485.2833333333333
1494.4666666666667
1470.7833333333333
1487.2166666666667
1484.8
1468.85
1481.4166666666667
1468.85
1506.0666666666666
1487.2166666666667
1486.7333333333333
1488.6666666666667
1473.6833333333334
1473.2
1447.5833333333333
1485.2833333333333
1476.1
1491.0833333333333
1461.6
1465.95
1514.7666666666667
1505.1
1501.7166666666667
1493.9833333333333
1490.1166666666666
1498.8166666666666
1459.6666666666667
1476.1
1462.0833333333333
1485.2833333333333
1464.9833333333333
1501.2333333333333
1476.1
1481.9
1482.3833333333334
1487.2166666666667
1512.35
1483.35
1496.8833333333334
1483.8333333333333
1472.2333333333333
1487.7
1484.8
1510.9
1482.8666666666666
1497.3666666666666
1454.35
1486.7333333333333
1473.6833333333334
1480.45
1477.55
1493.5
1502.2
1486.25
1479.4833333333333
1484.8
1470.3
1495.4333333333334
1475.1333333333334
1490.1166666666666
1483.35
1481.9
1492.5333333333333
1501.7166666666667
1498.3333333333333
1507.5166666666667
1473.2
1486.7333333333333
1493.5
1475.1333333333334
1488.1833333333334
1485.2833333333333
1488.6666666666667
1466.4333333333334
1478.5166666666667
1487.2166666666667
1494.95
1480.45
1491.0833333333333
1482.8666666666666
1478.0333333333333
1469.3333333333333
1468.85
1499.7833333333333
1509.45
1487.7
1485.2833333333333
1498.8166666666666
1482.3833333333334
1500.75
1483.8333333333333
1493.9833333333333
1470.7833333333333
1508.9666666666667
1513.3166666666666
1468.85
1490.1166666666666
1497.85
1491.0833333333333
1484.3166666666666
1513.3166666666666
1491.0833333333333
1507.5166666666667
1482.8666666666666
1484.8
1515.7333333333333
1478.5166666666667
1480.45
1494.4666666666667
1497.3666666666666
1504.1333333333334
1518.15
1493.0166666666667
1492.05
1498.8166666666666
1492.05
1499.3
1492.05
1479.0
1508.0
1478.5166666666667
1474.65
1478.5166666666667
1497.85
1504.1333333333334
1481.4166666666667
1489.6333333333334
1499.7833333333333
1504.6166666666666
1508.9666666666667
1513.8
1505.5833333333333
1507.0333333333333
1490.6
1494.95
1482.8666666666666
1483.35
1493.5
1490.1166666666666
1474.1666666666667
1482.8666666666666
1487.2166666666667
1490.1166666666666
1485.7666666666667
1491.0833333333333
1488.1833333333334
1492.05
1489.15
1451.45
1479.9666666666667
1498.3333333333333
1488.6666666666667
1506.55
1490.6
1474.1666666666667
1494.95
1480.9333333333334
1462.0833333333333
1494.4666666666667
1490.6
1502.2
1487.7
1502.2
1476.1
1479.9666666666667
1453.8666666666666
1475.1333333333334
1490.1166666666666
1491.5666666666666
