17959.4 31850.533333333333 15440.066666666668
13762.2 24598.066666666666 26889.733333333334
13731.4 13644.133333333333 37874.46666666667
21631.4 7279.466666666666 36339.13333333333
29374.8 8111.6 27763.6
34972.066666666666 5978.4 24299.533333333333
35858.0 5789.666666666667 23602.333333333332
39397.86666666667 4840.133333333333 21012.0
42889.8 4098.2 18262.0
43119.26666666667 3505.0 18625.733333333334
42760.8 4904.733333333334 17584.466666666667
41010.86666666667 6287.0 17952.133333333335
43560.333333333336 4537.466666666666 17152.2
42731.13333333333 5643.266666666666 16875.6
41924.333333333336 6318.466666666666 17007.2
46525.46666666667 6204.133333333333 12520.4
43565.066666666666 7359.266666666666 14325.666666666666
44935.8 7725.266666666666 12588.933333333332
49266.0 5407.066666666667 10576.933333333332
51185.8 5375.466666666666 8688.733333333334
50014.53333333333 7529.533333333334 7705.933333333333
53020.333333333336 5910.0 6319.666666666667
55694.2 5579.733333333334 3976.0666666666666
56442.86666666667 5295.933333333333 3511.2
56287.333333333336 4086.133333333333 4876.533333333334
55972.933333333334 5816.466666666666 3460.6
57023.46666666667 6003.6 2222.9333333333334
55188.0 7927.666666666667 2134.3333333333335
54654.26666666667 9007.533333333333 1588.2
53933.2 8871.666666666666 2445.133333333333
55725.2 6323.4 3201.4
56911.933333333334 6150.2 2187.866666666667
52639.066666666666 8784.866666666667 3826.0666666666666
57582.13333333333 4940.266666666666 2727.6
52756.933333333334 6750.533333333334 5742.533333333334
56672.26666666667 5544.6 3033.133333333333
58109.0 4253.8 2887.2
58192.86666666667 4873.333333333333 2183.8
57919.73333333333 5023.0 2307.266666666667
56127.2 5832.066666666667 3290.733333333333
57956.0 5142.533333333334 2151.4666666666667
54217.53333333333 6847.533333333334 4184.933333333333
54018.8 7343.4 3887.8
51785.46666666667 9356.0 4108.533333333334
53979.86666666667 6721.4 4548.733333333334
56662.4 5122.6 3465.0
57401.13333333333 6051.066666666667 1797.8
55887.86666666667 6337.333333333333 3024.8
54168.666666666664 6695.333333333333 4386.0
57341.0 4719.266666666666 3189.733333333333
55633.2 5320.333333333333 4296.466666666666
57578.2 5044.4 2627.4
56886.933333333334 5205.333333333333 3157.733333333333
55700.13333333333 5837.4 3712.4666666666667
57514.53333333333 4754.6 2980.866666666667
58268.2 3474.9333333333334 3506.866666666667
55418.933333333334 6284.866666666667 3546.2
55436.46666666667 6590.666666666667 3222.866666666667
58160.933333333334 5112.266666666666 1976.8
57439.4 5937.866666666667 1872.7333333333333
54790.666666666664 7158.733333333334 3300.6
55263.933333333334 7502.266666666666 2483.8
54179.46666666667 7764.933333333333 3305.6
52043.6 8826.4 4380.0
53234.73333333333 7786.533333333334 4228.733333333334
54766.26666666667 6129.266666666666 4354.466666666666
55960.73333333333 6381.466666666666 2907.8
56074.53333333333 5787.4 3388.0666666666666
56931.8 5917.733333333334 2400.4666666666667
57884.53333333333 5207.866666666667 2157.6
57292.933333333334 5875.6 2081.4666666666667
56002.13333333333 7754.866666666667 1493.0
55914.46666666667 7285.4 2050.133333333333
59240.0 4530.0 1480.0
59387.53333333333 4104.733333333334 1757.7333333333333
56673.0 5483.4 3093.6
57643.2 5983.733333333334 1623.0666666666666
55913.333333333336 6844.333333333333 2492.3333333333335
57937.86666666667 4553.6 2758.5333333333333
55795.6 6352.733333333334 3101.6666666666665
58710.666666666664 5187.333333333333 1352.0
54783.6 6576.466666666666 3889.9333333333334
56510.46666666667 4574.4 4165.133333333333
55650.666666666664 5843.466666666666 3755.866666666667
57615.4 5045.4 2589.2
55723.8 6513.266666666666 3012.9333333333334
56694.2 5485.0 3070.8
56883.2 5249.266666666666 3117.5333333333333
55639.0 7381.0 2230.0
55492.6 6542.8 3214.6
56186.53333333333 6804.466666666666 2259.0
57333.46666666667 5322.933333333333 2593.6
58104.53333333333 3917.266666666667 3228.2
57946.666666666664 4892.333333333333 2411.0
56979.066666666666 4915.8 3355.133333333333
55117.53333333333 6712.466666666666 3420.0
51893.666666666664 6341.0 7015.333333333333
53133.13333333333 6190.4 5926.466666666666
56174.666666666664 5093.466666666666 3981.866666666667
55884.26666666667 4353.266666666666 5012.466666666666
56466.6 5399.466666666666 3383.9333333333334
56157.8 6391.8 2700.4
57016.46666666667 6608.133333333333 1625.4
58365.933333333334 4344.333333333333 2539.733333333333
57751.0 5384.4 2114.6
56402.0 5785.8 3062.2
57509.8 5073.533333333334 2666.6666666666665
55657.0 7459.933333333333 2133.0666666666666
51176.0 9268.466666666667 4805.533333333334
56005.53333333333 6898.4 2346.0666666666666
57875.333333333336 5386.933333333333 1987.7333333333333
57999.46666666667 4249.466666666666 3001.0666666666666
56541.2 6449.133333333333 2259.6666666666665
56567.066666666666 6160.133333333333 2522.8
54579.666666666664 8082.066666666667 2588.266666666667
54895.0 7794.6 2560.4
55909.13333333333 7235.533333333334 2105.3333333333335
57139.6 6352.4 1758.0
56312.86666666667 6432.533333333334 2504.6
54245.46666666667 8088.466666666666 2916.0666666666666
54041.066666666666 7956.4 3252.5333333333333
52755.066666666666 9182.866666666667 3312.0666666666666
57871.26666666667 5824.2 1554.5333333333333
57120.86666666667 6689.866666666667 1439.2666666666667
55891.666666666664 6965.6 2392.733333333333
56156.2 7042.4 2051.4
57488.2 6066.4 1695.4
55036.0 7164.4 3049.6
54286.73333333333 8141.933333333333 2821.3333333333335
57344.86666666667 6091.533333333334 1813.6
56129.73333333333 7321.8 1798.4666666666667
57752.333333333336 5999.6 1498.0666666666666
58192.666666666664 6250.933333333333 806.4
58323.86666666667 5607.4 1318.7333333333333
57987.4 5209.2 2053.4
58610.8 5080.8 1558.4
56932.8 5903.8 2413.4
56405.6 6737.4 2107.0
58198.13333333333 6058.733333333334 993.1333333333333
56983.2 6927.333333333333 1339.4666666666667
55586.26666666667 7004.333333333333 2659.4
57367.26666666667 6069.133333333333 1813.6
56105.2 7562.733333333334 1582.0666666666666
53641.26666666667 8626.6 2982.133333333333
55136.86666666667 6676.333333333333 3436.8
51440.333333333336 7959.533333333334 5850.133333333333
52639.2 5324.333333333333 7286.466666666666
54380.73333333333 5080.466666666666 5788.8
54969.13333333333 4251.066666666667 6029.8
53563.933333333334 5347.4 6338.666666666667
53046.13333333333 5678.933333333333 6524.933333333333
50196.0 5778.933333333333 9275.066666666668
50302.13333333333 5560.733333333334 9387.133333333333
52562.26666666667 5358.8 7328.933333333333
55781.73333333333 4791.066666666667 4677.2
56118.53333333333 4874.333333333333 4257.133333333333
56077.333333333336 6010.066666666667 3162.6
54358.066666666666 7353.866666666667 3538.0666666666666
55400.666666666664 6746.133333333333 3103.2
57700.933333333334 4357.666666666667 3191.4
55904.4 6070.4 3275.2
55776.333333333336 6547.533333333334 2926.133333333333
55191.666666666664 6208.066666666667 3850.266666666667
56208.666666666664 6790.666666666667 2250.6666666666665
56587.4 6473.533333333334 2189.0666666666666
57879.666666666664 4539.333333333333 2831.0
55889.2 7346.866666666667 2013.9333333333334
55375.73333333333 8066.6 1807.6666666666667
55753.53333333333 8007.666666666667 1488.8
55382.86666666667 7229.4 2637.733333333333
57139.73333333333 5645.333333333333 2464.9333333333334
55951.46666666667 7432.466666666666 1866.0666666666666
57029.46666666667 6724.333333333333 1496.2
55090.933333333334 7681.133333333333 2477.9333333333334
53879.13333333333 8428.933333333332 2941.9333333333334
54054.933333333334 8834.4 2360.6666666666665
56213.933333333334 7201.066666666667 1835.0
56979.73333333333 7063.6 1206.6666666666667
55268.86666666667 7680.6 2300.5333333333333
57289.46666666667 6162.666666666667 1797.8666666666666
56663.066666666666 5536.133333333333 3050.8
57834.066666666666 5095.266666666666 2320.6666666666665
56966.86666666667 5418.333333333333 2864.8
54865.333333333336 6194.333333333333 4190.333333333333
51781.6 8267.6 5200.8
51321.46666666667 8549.866666666667 5378.666666666667
53468.4 7706.466666666666 4075.133333333333
56346.86666666667 6526.6 2376.5333333333333
53810.6 7611.333333333333 3828.0666666666666
54251.8 8816.8 2181.4
56623.86666666667 6955.0 1671.1333333333334
57621.066666666666 6402.733333333334 1226.2
58728.86666666667 5431.733333333334 1089.4
55959.86666666667 7342.133333333333 1948.0
56001.0 7008.466666666666 2240.5333333333333
55448.6 7079.0 2722.4
54254.73333333333 8131.266666666666 2864.0
57886.53333333333 5228.6 2134.866666666667
55242.13333333333 7836.733333333334 2171.133333333333
57644.73333333333 5883.866666666667 1721.4
56460.53333333333 6920.0 1869.4666666666667
59340.46666666667 4969.2 940.3333333333334
58792.0 5397.6 1060.4
54366.73333333333 8391.666666666666 2491.6
57329.333333333336 6128.466666666666 1792.2
55975.46666666667 7793.066666666667 1481.4666666666667
57744.666666666664 5335.4 2169.9333333333334
57713.933333333334 6211.666666666667 1324.4
57244.8 6125.866666666667 1879.3333333333333
57941.53333333333 4397.933333333333 2910.5333333333333
58434.333333333336 5086.533333333334 1729.1333333333334
55543.333333333336 6185.866666666667 3520.8
55045.86666666667 7178.6 3025.5333333333333
56239.73333333333 5929.133333333333 3081.133333333333
58342.13333333333 5859.6 1048.2666666666667
57753.4 6194.2 1302.4
58843.86666666667 5263.4 1142.7333333333333
57371.8 6080.333333333333 1797.8666666666666
56081.4 7196.533333333334 1972.0666666666666
55722.4 6833.733333333334 2693.866666666667
55023.4 7840.4 2386.2
53473.6 6922.933333333333 4853.466666666666
52251.8 6447.2 6551.0
56433.333333333336 4048.6 4768.066666666667
52643.26666666667 6630.2 5976.533333333334
54663.066666666666 4776.933333333333 5810.0
52905.4 5690.0 6654.6
57439.46666666667 3954.9333333333334 3855.6
56589.46666666667 4539.4 4121.133333333333
58072.73333333333 3464.9333333333334 3712.3333333333335
56913.933333333334 4971.466666666666 3364.6
56303.6 4903.533333333334 4042.866666666667
57856.066666666666 4767.8 2626.133333333333
58866.4 4586.266666666666 1797.3333333333333
57465.333333333336 5643.266666666666 2141.4
57667.46666666667 5136.8 2445.733333333333
54983.666666666664 6316.933333333333 3949.4
56674.333333333336 4906.333333333333 3669.3333333333335
55330.13333333333 5702.933333333333 4216.933333333333
57407.86666666667 4562.466666666666 3279.6666666666665
56345.73333333333 6139.0 2765.266666666667
53367.8 6066.266666666666 5815.933333333333
56386.666666666664 5490.266666666666 3373.0666666666666
56853.4 4892.733333333334 3503.866666666667
52988.26666666667 6878.133333333333 5383.6
53694.53333333333 7039.666666666667 4515.8
55037.86666666667 6303.133333333333 3909.0
59636.86666666667 3988.4 1624.7333333333333
55353.46666666667 6028.0 3868.5333333333333
56419.666666666664 4048.6 4781.733333333334
58215.333333333336 4062.866666666667 2971.8
57943.73333333333 4161.0 3145.266666666667
55899.333333333336 5791.733333333334 3558.9333333333334
54359.2 7106.333333333333 3784.4666666666667
55506.13333333333 7438.933333333333 2304.9333333333334
53521.4 6672.066666666667 5056.533333333334
49442.333333333336 10380.6 5427.066666666667
48921.8 9725.8 6602.4
49272.333333333336 10048.466666666667 5929.2
52031.0 7306.266666666666 5912.733333333334
55026.066666666666 6311.4 3912.5333333333333
58094.0 4587.0 2569.0
55962.2 6989.133333333333 2298.6666666666665
59564.46666666667 4510.533333333334 1175.0
57728.333333333336 6226.666666666667 1295.0
57716.066666666666 6635.266666666666 898.6666666666666
55979.666666666664 8091.066666666667 1179.2666666666667
55187.73333333333 7524.933333333333 2537.3333333333335
52582.26666666667 9224.466666666667 3443.266666666667
55379.73333333333 6937.2 2933.0666666666666
54765.2 8519.933333333332 1964.8666666666666
58432.666666666664 5791.866666666667 1025.4666666666667
56932.46666666667 6625.666666666667 1691.8666666666666
57857.666666666664 5886.266666666666 1506.0666666666666
56940.8 6622.6 1686.6
58947.4 5445.2 857.4
56546.066666666666 7223.8 1480.1333333333334
57531.666666666664 5780.8 1937.5333333333333
59077.333333333336 5200.133333333333 972.5333333333333
57664.933333333334 6169.4 1415.6666666666667
57392.933333333334 5883.0 1974.0666666666666
56117.6 6563.6 2568.8
56752.53333333333 6458.666666666667 2038.8
57094.0 6750.733333333334 1405.2666666666667
59404.73333333333 4595.0 1250.2666666666667
56113.4 6345.0 2791.6
58208.46666666667 4506.933333333333 2534.6
57418.666666666664 5501.2 2330.133333333333
57386.73333333333 5412.466666666666 2450.8
56033.73333333333 6625.6 2590.6666666666665
56552.73333333333 5881.133333333333 2816.133333333333
55469.333333333336 5987.666666666667 3793.0
59840.933333333334 3408.4 2000.6666666666667
58558.86666666667 4430.6 2260.5333333333333
56329.86666666667 6744.8 2175.3333333333335
55898.8 7043.6 2307.6
56843.53333333333 6523.933333333333 1882.5333333333333
58043.46666666667 5513.333333333333 1693.2
57052.73333333333 5450.933333333333 2746.3333333333335
55140.53333333333 8090.466666666666 2019.0
59152.6 4297.6 1799.8
54496.0 7435.333333333333 3318.6666666666665
54589.73333333333 7612.0 3048.266666666667
57969.666666666664 5450.133333333333 1830.2
55979.0 6754.666666666667 2516.3333333333335
56751.333333333336 5670.266666666666 2828.4
54700.46666666667 8291.333333333334 2258.2
57479.4 6523.466666666666 1247.1333333333334
55290.53333333333 7084.066666666667 2875.4
56933.2 5519.8 2797.0
56531.066666666666 6940.733333333334 1778.2
56995.53333333333 5630.066666666667 2624.4
56207.666666666664 6546.8 2495.5333333333333
57577.666666666664 5389.0 2283.3333333333335
58072.26666666667 5187.0 1990.7333333333333
58296.26666666667 4832.066666666667 2121.6666666666665
54856.2 7421.266666666666 2972.5333333333333
53889.26666666667 7968.733333333334 3392.0
55056.8 6636.866666666667 3556.3333333333335
54226.933333333334 7141.2 3881.866666666667
53606.333333333336 6193.066666666667 5450.6
53837.8 5513.6 5898.6
53678.8 5200.266666666666 6370.933333333333
54841.933333333334 5036.133333333333 5371.933333333333
53528.86666666667 6066.4 5654.733333333334
51758.2 7217.6 6274.2
49491.066666666666 7258.066666666667 8500.866666666667
51952.8 5046.266666666666 8250.933333333332
52872.46666666667 4904.933333333333 7472.6
52039.13333333333 4940.066666666667 8270.8
51151.26666666667 6802.866666666667 7295.866666666667
53246.26666666667 4843.666666666667 7160.066666666667
51522.26666666667 6396.333333333333 7331.4
53276.2 4505.266666666666 7468.533333333334
50218.26666666667 7040.4 7991.333333333333
51623.8 5901.4 7724.8
54458.53333333333 5149.0 5642.466666666666
52209.13333333333 8078.4 4962.466666666666
54310.666666666664 5735.4 5203.933333333333
53885.6 5796.266666666666 5568.133333333333
54164.73333333333 6051.2 5034.066666666667
56927.6 5453.133333333333 2869.266666666667
57654.73333333333 5195.8 2399.4666666666667
56985.86666666667 6133.6 2130.5333333333333
56605.933333333334 5165.0 3479.0666666666666
56031.4 5984.666666666667 3233.9333333333334
55049.6 6686.533333333334 3513.866666666667
55210.13333333333 7047.333333333333 2992.5333333333333
55787.26666666667 7275.933333333333 2186.8
56537.53333333333 5795.0 2917.4666666666667
57230.666666666664 5756.733333333334 2262.6
57311.53333333333 6164.333333333333 1774.1333333333334
58521.26666666667 5364.333333333333 1364.4
56077.86666666667 7248.8 1923.3333333333333
58161.6 5613.266666666666 1475.1333333333334
56943.73333333333 6101.8 2204.4666666666667
56222.13333333333 6315.466666666666 2712.4
56204.333333333336 6697.466666666666 2348.2
55825.46666666667 6484.466666666666 2940.0666666666666
58920.8 4527.266666666666 1801.9333333333334
58345.53333333333 4765.733333333334 2138.733333333333
55790.333333333336 6612.666666666667 2847.0
54596.8 6502.333333333333 4150.866666666667
58704.86666666667 3670.6666666666665 2874.4666666666667
56856.53333333333 5527.066666666667 2866.4
54217.2 6885.466666666666 4147.333333333333
56504.46666666667 5198.466666666666 3547.0666666666666
55556.13333333333 6112.0 3581.866666666667
57879.8 5149.266666666666 2220.9333333333334
56315.8 5214.333333333333 3719.866666666667
56929.86666666667 6641.933333333333 1678.2
55683.53333333333 6993.8 2572.6666666666665
56974.0 6110.333333333333 2165.6666666666665
57363.4 5955.666666666667 1930.9333333333334
57580.066666666666 5884.0 1785.9333333333334
57146.46666666667 5771.466666666666 2332.0666666666666
57115.333333333336 5702.2 2432.4666666666667
55725.26666666667 6359.0 3165.733333333333
53369.333333333336 9317.4 2563.266666666667
58323.666666666664 5213.333333333333 1713.0
56119.86666666667 6717.4 2412.733333333333
58403.73333333333 5282.0 1564.2666666666667
57172.0 6641.466666666666 1436.5333333333333
54014.86666666667 7848.8 3386.3333333333335
57128.6 5382.333333333333 2739.0666666666666
57157.666666666664 6074.0 2018.3333333333333
56205.53333333333 6415.933333333333 2628.5333333333333
54942.46666666667 7024.933333333333 3282.6
52859.2 8028.6 4362.2
53975.73333333333 6520.933333333333 4753.333333333333
56526.666666666664 6151.933333333333 2571.4
57064.53333333333 6594.266666666666 1591.2
56117.933333333334 7245.0 1887.0666666666666
53441.333333333336 8091.933333333333 3716.733333333333
52406.8 7069.733333333334 5773.466666666666
56519.46666666667 5783.933333333333 2946.6
55358.13333333333 6677.533333333334 3214.3333333333335
59142.066666666666 3427.866666666667 2680.0666666666666
58346.86666666667 4260.866666666667 2642.266666666667
55562.2 5713.6 3974.2
54226.6 6174.866666666667 4848.533333333334
58215.13333333333 3761.0 3273.866666666667
56243.933333333334 4475.866666666667 4530.2
59509.4 2930.133333333333 2810.4666666666667
60130.86666666667 2486.266666666667 2632.866666666667
56424.53333333333 4658.866666666667 4166.6
55410.73333333333 5592.133333333333 4247.133333333333
54999.86666666667 6557.0 3693.133333333333
58625.73333333333 4411.733333333334 2212.5333333333333
58654.2 4093.0666666666666 2502.733333333333
57206.46666666667 5925.8 2117.733333333333
57405.2 5628.266666666666 2216.5333333333333
57190.2 5800.733333333334 2259.0666666666666
57025.46666666667 5582.666666666667 2641.866666666667
58783.666666666664 4237.733333333334 2228.6
58166.933333333334 4504.6 2578.4666666666667
59334.46666666667 3473.266666666667 2442.266666666667
58733.46666666667 4026.4 2490.133333333333
57910.8 4257.0 3082.2
56735.666666666664 5042.866666666667 3471.4666666666667
54042.0 6463.866666666667 4744.133333333333
57144.933333333334 4594.6 3510.4666666666667
59236.53333333333 3583.866666666667 2429.6
54609.53333333333 7163.6 3476.866666666667
56388.666666666664 5442.066666666667 3419.266666666667
56905.6 5531.4 2813.0
57993.53333333333 4191.533333333334 3064.9333333333334
54808.8 6774.0 3667.2
56679.86666666667 5654.0 2916.133333333333
59328.13333333333 4348.2 1573.6666666666667
58033.26666666667 4906.266666666666 2310.4666666666667
54862.8 7973.666666666667 2413.5333333333333
52820.73333333333 7998.6 4430.666666666667
57512.13333333333 5553.133333333333 2184.733333333333
55703.933333333334 7704.266666666666 1841.8
55559.6 7342.2 2348.2
54317.6 8980.933333333332 1951.4666666666667
54765.666666666664 8872.4 1611.9333333333334
56562.066666666666 7361.0 1326.9333333333334
58023.933333333334 5446.466666666666 1779.6
54487.53333333333 8257.466666666667 2505.0
56287.86666666667 6168.333333333333 2793.8
55618.53333333333 7141.333333333333 2490.133333333333
57651.933333333334 5418.6 2179.4666666666667
56687.333333333336 5861.0 2701.6666666666665
56694.333333333336 6273.933333333333 2281.733333333333
57176.86666666667 5962.8 2110.3333333333335
56026.53333333333 5992.933333333333 3230.5333333333333
57167.2 5554.333333333333 2528.4666666666667
57761.8 5635.333333333333 1852.8666666666666
57705.73333333333 5673.533333333334 1870.7333333333333
57414.73333333333 5788.533333333334 2046.7333333333333
55615.26666666667 7314.266666666666 2320.4666666666667
52592.666666666664 9237.6 3419.733333333333
56048.86666666667 6209.933333333333 2991.2
56212.8 5588.666666666667 3448.5333333333333
55924.46666666667 5448.466666666666 3877.0666666666666
56401.13333333333 5962.2 2886.6666666666665
55544.0 5971.466666666666 3734.5333333333333
56902.13333333333 5114.533333333334 3233.3333333333335
55306.2 7478.333333333333 2465.4666666666667
54291.0 6712.533333333334 4246.466666666666
54082.333333333336 7831.466666666666 3336.2
56058.4 6083.733333333334 3107.866666666667
56847.53333333333 5690.0 2712.4666666666667
57808.066666666666 4707.0 2734.9333333333334
57473.6 5585.2 2191.2
57234.6 5110.6 2904.8
56502.6 5381.666666666667 3365.733333333333
53430.46666666667 7733.266666666666 4086.266666666667
54358.13333333333 6887.6 4004.266666666667
55294.73333333333 6365.6 3589.6666666666665
57271.0 5423.666666666667 2555.3333333333335
53684.666666666664 7886.466666666666 3678.866666666667
57363.53333333333 5450.266666666666 2436.2
57271.0 5363.6 2615.4
54857.4 6947.6 3445.0
56216.13333333333 5977.4 3056.4666666666667
57246.4 5357.066666666667 2646.5333333333333
57979.066666666666 4810.6 2460.3333333333335
56171.26666666667 6436.533333333334 2642.2
58061.6 5295.133333333333 1893.2666666666667
56629.26666666667 6137.0 2483.733333333333
52451.2 8974.466666666667 3824.3333333333335
53999.8 7580.8 3669.4
55669.933333333334 7425.933333333333 2154.133333333333
57734.46666666667 5427.4 2088.133333333333
55980.46666666667 7274.066666666667 1995.4666666666667
57407.0 6233.4 1609.6
58319.066666666666 4937.466666666666 1993.4666666666667
55826.333333333336 7802.733333333334 1620.9333333333334
57576.73333333333 5616.2 2057.0666666666666
57065.73333333333 6267.2 1917.0666666666666
55004.0 7953.0 2293.0
56946.0 5883.0 2421.0
56583.066666666666 6876.4 1790.5333333333333
55901.86666666667 6341.933333333333 3006.2
58967.26666666667 4705.266666666666 1577.4666666666667
55721.333333333336 6830.666666666667 2698.0
57705.86666666667 5360.666666666667 2183.4666666666667
53588.6 8834.933333333332 2826.4666666666667
50077.8 10657.4 4514.8
49737.86666666667 9429.733333333334 6082.4
53848.86666666667 6131.8 5269.333333333333
52496.4 6795.466666666666 5958.133333333333
49966.666666666664 9042.6 6240.733333333334
53360.2 6070.933333333333 5818.866666666667
53455.6 5580.533333333334 6213.866666666667
53270.73333333333 5476.333333333333 6502.933333333333
51146.0 6771.066666666667 7332.933333333333
52630.0 6033.066666666667 6586.933333333333
54290.066666666666 5260.8 5699.133333333333
52552.6 6036.266666666666 6661.133333333333
52126.933333333334 7447.2 5675.866666666667
53368.46666666667 5791.133333333333 6090.4
52105.0 6445.933333333333 6699.066666666667
54998.86666666667 5445.6 4805.533333333334
56515.73333333333 5987.6 2746.6666666666665
58001.46666666667 4315.666666666667 2932.866666666667
56074.066666666666 5143.6 4032.3333333333335
58093.6 5050.066666666667 2106.3333333333335
58000.933333333334 5457.466666666666 1791.6
54288.53333333333 7286.6 3674.866666666667
54177.666666666664 8011.2 3061.133333333333
52933.066666666666 8053.0 4263.933333333333
54105.46666666667 8180.466666666666 2964.0666666666666
57155.8 6355.933333333333 1738.2666666666667
56556.933333333334 6967.8 1725.2666666666667
57160.8 6699.2 1390.0
55744.13333333333 7879.0 1626.8666666666666
55837.53333333333 7254.2 2158.266666666667
53397.73333333333 7667.466666666666 4184.8
52831.4 6910.8 5507.8
53237.46666666667 6638.666666666667 5373.866666666667
51109.0 7409.533333333334 6731.466666666666
51779.933333333334 7966.333333333333 5503.733333333334
55238.0 6774.4 3237.6
55535.13333333333 6494.933333333333 3219.9333333333334
55583.333333333336 7312.8 2353.866666666667
55807.53333333333 6865.4 2577.0666666666666
56947.46666666667 6134.8 2167.733333333333
58247.73333333333 5373.133333333333 1629.1333333333334
56974.066666666666 5704.066666666667 2571.866666666667
57226.26666666667 4882.266666666666 3141.4666666666667
57868.13333333333 4067.2 3314.6666666666665
56715.933333333334 5118.8 3415.266666666667
57415.8 4886.0 2948.2
56547.13333333333 5338.4 3364.4666666666667
56383.4 6572.4 2294.2
56208.26666666667 6913.066666666667 2128.6666666666665
55247.066666666666 6937.266666666666 3065.6666666666665
56449.933333333334 6708.266666666666 2091.8
58629.8 5314.0 1306.2
57894.26666666667 6114.333333333333 1241.4
55946.333333333336 7036.0 2267.6666666666665
59641.933333333334 4328.866666666667 1279.2
55703.73333333333 7323.466666666666 2222.8
54796.86666666667 8339.0 2114.133333333333
53606.86666666667 8382.866666666667 3260.266666666667
51023.066666666666 9422.733333333334 4804.2
55881.6 5562.933333333333 3805.4666666666667
56639.933333333334 6215.666666666667 2394.4
56539.2 5407.133333333333 3303.6666666666665
58149.53333333333 4381.4 2719.0666666666666
55610.6 6975.6 2663.8
57505.86666666667 6183.466666666666 1560.6666666666667
55661.666666666664 7839.466666666666 1748.8666666666666
57779.86666666667 6330.733333333334 1139.4
57583.066666666666 6621.266666666666 1045.6666666666667
53705.2 9588.333333333334 1956.4666666666667
52453.2 10132.333333333334 2664.4666666666667
50852.066666666666 9865.8 4532.133333333333
51485.86666666667 9312.866666666667 4451.266666666666
53293.666666666664 8327.4 3628.9333333333334
54447.26666666667 7438.8 3363.9333333333334
55644.73333333333 6174.666666666667 3430.6
55871.4 7078.266666666666 2300.3333333333335
54089.26666666667 9044.8 2115.9333333333334
59053.933333333334 5109.933333333333 1086.1333333333334
55164.73333333333 7475.666666666667 2609.6
58600.333333333336 4308.066666666667 2341.6
54127.73333333333 7558.133333333333 3564.133333333333
56482.46666666667 5581.4 3186.133333333333
55984.53333333333 5517.466666666666 3748.0
57266.26666666667 5615.066666666667 2368.6666666666665
56397.46666666667 5591.866666666667 3260.6666666666665
58076.26666666667 4405.733333333334 2768.0
56304.6 5319.066666666667 3626.3333333333335
56659.2 5138.4 3452.4
57501.333333333336 4678.666666666667 3070.0
55503.13333333333 6038.866666666667 3708.0
55426.0 6644.2 3179.8
56960.333333333336 5266.266666666666 3023.4
59204.8 3857.4 2187.8
57088.8 4863.666666666667 3297.5333333333333
55277.46666666667 6415.4 3557.133333333333
58077.2 5000.733333333334 2172.0666666666666
56129.13333333333 5868.6 3252.266666666667
55742.73333333333 5239.8 4267.466666666666
59118.933333333334 2999.2 3131.866666666667
 
572.6666666666666
0.06666666666666667
8.933333333333334
6.666666666666667
212.64921356421357
26.866666666666667
174.0
 
7923.133333333333 14332.666666666666 11126.4 841.3015464148393 
6016.666666666667 11602.266666666666 9561.866666666667 1939.9387190206694 
4576.666666666667 9971.333333333334 8460.333333333334 3148.4321614980936 
4888.533333333334 10700.466666666667 9403.8 4645.79593769105 
5131.333333333333 12205.666666666666 11035.733333333334 4868.601982682275 
7477.333333333333 12748.466666666667 11941.733333333334 5293.78368499843 
7254.866666666667 12838.666666666666 12100.0 5342.377289122637 
7724.466666666666 13406.266666666666 12713.266666666666 5058.8832792315825 
7833.866666666667 13857.466666666667 13337.333333333334 5062.353204565815 
8295.6 13824.666666666666 13323.933333333332 5319.122954167872 
7871.066666666667 14019.4 13392.133333333333 5060.386694073443 
8927.266666666666 13820.866666666667 13180.4 4866.7750235654 
9462.866666666667 14009.333333333334 13515.4 5258.860994930365 
8871.133333333333 14057.733333333334 13460.133333333333 4917.551349627396 
8579.333333333334 14279.0 13366.266666666666 4652.057007890882 
8749.066666666668 14904.333333333334 14275.066666666668 4397.983851215868 
9171.8 14569.933333333332 13798.333333333334 4454.461389189245 
10578.066666666668 14925.4 14109.333333333334 4197.909368006889 
11144.133333333333 15482.2 14743.466666666667 3978.642203678145 
10053.733333333334 15940.666666666666 15124.266666666666 3548.0083642642235 
10766.333333333334 16063.2 15105.533333333333 3047.7924701513243 
10246.333333333334 16321.533333333333 15544.533333333333 2379.796905900446 
11094.466666666667 16774.133333333335 16046.466666666667 1485.05844149874 
11650.733333333334 16784.6 16167.666666666666 932.5081384214412 
10994.933333333332 16726.933333333334 16015.733333333334 1284.5485948162664 
10762.6 17020.8 16125.866666666667 736.4201205833533 
11890.066666666668 17162.4 16354.666666666666 750.0336916876913 
11355.4 17055.8 16179.933333333332 816.4429684103272 
11731.333333333334 17079.933333333334 16181.266666666666 1158.009975873361 
11930.866666666667 16973.0 16023.533333333333 1051.5986804226536 
12020.866666666667 16861.666666666668 16127.0 1493.9608921699837 
12286.933333333332 16989.4 16347.0 712.8798341936738 
10871.466666666667 16606.4 15755.8 1113.905445717903 
11291.0 16852.666666666668 16360.133333333333 1301.1095094401376 
10059.466666666667 16401.733333333334 15576.0 1765.8285424506348 
11431.6 17096.4 16238.466666666667 682.1660614053834 
12172.933333333332 17010.733333333334 16397.066666666666 867.6165480466844 
11688.333333333334 16955.266666666666 16475.533333333333 621.4458581941525 
11836.266666666666 17075.2 16435.8 772.408647888754 
12554.733333333334 17168.2 16158.333333333334 860.3982694078366 
13793.066666666668 17452.8 16455.066666666666 799.047868403389 
12540.666666666666 17069.866666666665 15877.933333333332 1366.2779194260263 
12049.533333333333 16701.466666666667 15887.533333333333 1667.8358911409052 
12176.0 16515.866666666665 15642.266666666666 1746.914242886582 
12681.733333333334 16411.933333333334 15817.666666666666 2190.386404115341 
12144.466666666667 16957.866666666665 16194.333333333334 1210.9074155818485 
12131.266666666666 17204.533333333333 16434.866666666665 323.28530021226373 
11211.866666666667 16873.933333333334 16160.866666666667 694.4804011313463 
12062.333333333334 16509.066666666666 15852.866666666667 905.0961839618054 
10270.866666666667 16848.066666666666 16289.6 477.1435681916575 
11461.266666666666 16680.266666666666 16008.2 909.5253579019482 
11461.066666666668 16837.266666666666 16369.666666666666 620.4480664093578 
11168.533333333333 16870.733333333334 16247.466666666667 706.7109511281429 
10804.0 16706.6 16073.4 756.1233034366816 
11551.133333333333 16876.6 16327.933333333332 515.4123391356997 
12196.533333333333 16794.333333333332 16350.8 755.3583591029271 
10612.466666666667 16635.533333333333 16061.866666666667 561.2154351643105 
11464.4 16802.466666666667 16095.933333333332 784.2612934758699 
11548.4 16927.533333333333 16492.933333333334 589.9694135197934 
12892.333333333334 16885.733333333334 16431.333333333332 731.0201720882945 
10408.133333333333 16816.266666666666 16023.733333333334 780.6289878467662 
11793.533333333333 16822.666666666668 16152.533333333333 736.693953340795 
11158.266666666666 16662.466666666667 15961.933333333332 1207.3021223648482 
10645.8 16503.866666666665 15641.066666666668 2026.4287092759469 
10884.666666666666 16631.066666666666 15775.333333333334 1311.879485996247 
9648.2 16618.466666666667 15915.6 941.6052856691066 
11272.266666666666 16681.6 16179.933333333332 734.9223203093571 
11027.4 16781.2 16143.333333333334 811.9557249834088 
10956.8 16832.133333333335 16327.666666666666 403.8481067596248 
11425.2 16962.533333333333 16447.333333333332 523.621272380037 
11278.4 16866.666666666668 16395.6 589.4562861937545 
12491.866666666667 16880.4 16325.466666666667 598.1759222837372 
11273.666666666666 16878.133333333335 16261.066666666668 462.92057706119175 
12202.466666666667 17050.666666666668 16650.533333333333 379.07137645098516 
13270.0 17022.0 16637.6 585.1470328045764 
11648.4 16824.4 16232.466666666667 769.4017033456003 
12061.533333333333 17062.6 16476.466666666667 533.302865796413 
11696.666666666666 16770.933333333334 16216.733333333334 726.3224186115815 
11510.6 17061.666666666668 16392.666666666668 766.9696630245552 
11257.2 17035.066666666666 16144.0 1050.7602400167225 
12085.866666666667 17446.266666666666 16610.533333333333 850.5995273922977 
11353.8 16628.4 15963.8 1288.8856036643958 
10532.266666666666 16772.733333333334 16109.0 1725.7345659167868 
10864.666666666666 16744.866666666665 16064.0 849.094734408358 
11510.0 17077.333333333332 16377.2 476.26936985981644 
10898.733333333334 16946.933333333334 16145.666666666666 636.2317703129537 
12070.866666666667 16833.666666666668 16237.0 906.5018076834341 
11750.933333333332 17000.2 16251.2 904.4857769288949 
11533.4 16860.2 16215.466666666667 516.1948647985998 
11342.6 16869.4 16102.4 955.8123741962471 
12314.533333333333 16831.933333333334 16267.466666666667 673.5173360797775 
11998.333333333334 16799.666666666668 16348.666666666666 568.7237321895013 
12416.866666666667 17167.933333333334 16362.266666666666 859.1310132919193 
11678.533333333333 17296.066666666666 16428.0 509.3605972196907 
11723.733333333334 17026.0 16237.0 1019.6425703810789 
11673.533333333333 16952.266666666666 16044.266666666666 1310.9041137067707 
10368.733333333334 16410.6 15362.333333333334 2476.6092261172107 
11016.4 16413.266666666666 15595.333333333334 1988.6827080591142 
11936.4 16698.533333333333 16093.933333333332 1461.860689365136 
11566.933333333332 16748.866666666665 15961.666666666666 2013.458815681226 
11676.066666666668 16830.4 16182.866666666667 1175.3011867413204 
11057.666666666666 16806.266666666666 16220.266666666666 627.9442032891493 
12306.8 16963.6 16413.733333333334 562.9197799568486 
12771.8 16869.666666666668 16457.266666666666 1006.0040224129875 
13291.133333333333 16951.333333333332 16438.133333333335 813.8616445345268 
10752.8 16857.733333333334 16208.533333333333 751.6563708090141 
11424.6 16922.466666666667 16358.866666666667 919.9953865826358 
11719.533333333333 16940.933333333334 16226.933333333332 686.4314232965219 
11150.333333333334 16672.533333333333 15511.533333333333 1415.5496272944067 
11446.866666666667 16906.066666666666 16240.6 780.9789950227001 
11560.0 17052.266666666666 16463.333333333332 623.8446060073327 
12385.333333333334 17082.2 16374.4 1079.0211057558913 
11025.533333333333 17185.266666666666 16302.6 526.3859084993319 
11551.333333333334 16856.2 16279.0 787.7131660699856 
12287.133333333333 16932.0 16073.733333333334 1081.483854608 
11362.333333333334 16924.266666666666 16108.0 883.6323341752498 
11405.866666666667 16842.666666666668 16255.066666666668 625.1430319890353 
11887.8 16870.466666666667 16412.8 722.6802538698101 
11255.866666666667 16862.866666666665 16255.533333333333 635.8583961858175 
11118.266666666666 16865.466666666667 16007.533333333333 677.4518195250326 
11009.866666666667 16717.4 15953.4 963.6883445042455 
11012.666666666666 16765.533333333333 15818.866666666667 1190.4273769440022 
11817.733333333334 17026.333333333332 16506.266666666666 608.9730946437619 
11992.933333333332 16953.6 16442.666666666668 600.9452746391398 
12027.333333333334 16892.066666666666 16224.533333333333 771.8648764878186 
11540.933333333332 16989.4 16285.0 529.2169725169438 
10949.2 17150.533333333333 16453.733333333334 462.7918745085216 
11286.266666666666 16837.0 16073.066666666668 1021.6426755203823 
11389.866666666667 16911.933333333334 16021.066666666668 1159.484245017777 
11481.266666666666 16982.533333333333 16427.733333333334 517.5746406719195 
11809.266666666666 16818.933333333334 16307.8 529.9242455294905 
11412.2 17096.933333333334 16499.933333333334 479.6776959584427 
13320.733333333334 17033.466666666667 16613.266666666666 686.9462673471792 
12451.133333333333 17067.733333333334 16575.066666666666 488.5672898042467 
12535.733333333334 17054.133333333335 16467.933333333334 684.9077683244006 
14086.466666666667 17142.8 16579.8 644.3355875111455 
13092.0 16908.0 16326.533333333333 1019.18690064406 
13294.666666666666 17181.266666666666 16304.4 1062.656157936329 
12867.333333333334 17414.8 16595.0 561.9123543756626 
12904.8 17230.933333333334 16439.066666666666 1109.6615700293494 
11919.0 16918.466666666667 16167.266666666666 1142.0796237079483 
12986.066666666668 17276.8 16430.0 760.8685059412917 
12058.266666666666 17211.666666666668 16326.8 690.605193049304 
12127.266666666666 17074.733333333334 15940.466666666667 984.6306932043098 
12575.8 16732.066666666666 16044.666666666666 1777.86040290632 
10896.933333333332 16228.933333333332 15433.666666666666 2153.3600645915626 
10922.133333333333 16034.866666666667 15409.8 2952.0779405925814 
10821.8 16241.866666666667 15733.8 2769.037977709948 
11549.733333333334 16560.6 15768.466666666667 3083.1986522657494 
12029.866666666667 16459.2 15597.066666666668 3069.4289877579654 
11213.666666666666 16307.2 15526.666666666666 3252.9131070131243 
10225.733333333334 15942.2 14966.666666666666 3333.299488494845 
10303.733333333334 15850.8 14966.133333333333 3275.6612455774143 
10168.933333333332 16217.6 15397.866666666667 2673.2405638101486 
10526.133333333333 16705.733333333334 15985.133333333333 1625.2904715431293 
11872.8 16696.066666666666 16060.666666666666 1130.4023052779828 
11802.066666666668 16747.333333333332 16166.066666666668 912.6153183753456 
10504.933333333332 16662.266666666666 15956.533333333333 789.0235664696238 
9977.0 16950.733333333334 16104.333333333334 502.6651383707976 
10935.066666666668 16852.0 16325.466666666667 725.8747619252237 
10209.0 16824.4 16137.533333333333 776.7463115100351 
10628.0 16865.333333333332 16159.533333333333 737.7923102819051 
10615.0 16724.333333333332 16008.666666666666 1000.6608335384063 
10471.933333333332 16923.733333333334 16270.466666666667 540.6236587908862 
11330.266666666666 16898.8 16314.466666666667 679.6050730632707 
12626.933333333332 16906.933333333334 16379.466666666667 1022.1080025559379 
12040.4 16926.733333333334 16262.0 726.2144472078022 
11951.8 16881.866666666665 16231.333333333334 641.6926154060576 
11786.4 16937.933333333334 16301.0 742.6795455196901 
11047.866666666667 16762.866666666665 16149.0 588.4596451754359 
11730.933333333332 16897.133333333335 16342.0 739.3871813873976 
11663.2 16846.4 16283.0 646.0370046160926 
11623.866666666667 17119.2 16427.866666666665 567.3035156676622 
10915.0 16913.6 16135.8 622.2244252143544 
10623.266666666666 16892.066666666666 15968.2 886.7601005909094 
10921.266666666666 16798.866666666665 16043.933333333332 822.3220123528253 
11297.533333333333 17035.266666666666 16312.333333333334 595.0570624364996 
11556.666666666666 17047.333333333332 16451.866666666665 499.7239767000266 
11166.933333333332 16821.266666666666 16171.4 567.0611225138491 
11496.666666666666 17061.666666666668 16423.8 502.824488928957 
11543.666666666666 16800.533333333333 16235.8 859.0732068145686 
12806.0 17082.933333333334 16425.933333333334 807.9651055446503 
10787.333333333334 17090.733333333334 16284.666666666666 689.8266701780157 
10506.733333333334 16960.066666666666 15942.066666666668 1100.3482690090038 
10372.066666666668 16525.933333333334 15532.666666666666 1267.4562142776808 
10947.6 16395.266666666666 15468.933333333332 1544.3949548106032 
11765.266666666666 16682.333333333332 15813.866666666667 1374.0950225107756 
12149.066666666668 16853.933333333334 16271.666666666666 894.8639058538453 
11454.6 16573.733333333334 15872.733333333334 1870.2803510585131 
11691.933333333332 16847.866666666665 16081.6 765.1124326964416 
11928.133333333333 16902.666666666668 16369.733333333334 417.8543241636036 
13210.733333333334 17062.0 16514.0 738.3296224135489 
13038.733333333334 17202.4 16638.6 565.9532430628288 
11687.133333333333 17091.0 16275.6 510.0401905732529 
11061.266666666666 17118.4 16250.733333333334 869.3679524037371 
11155.066666666668 16882.0 16147.2 683.6180663694213 
11843.6 16776.733333333334 16013.533333333333 934.016176995286 
11540.2 17033.0 16449.733333333334 649.4135256778483 
11866.933333333332 16946.533333333333 16181.666666666666 838.5583079176891 
12248.4 17122.6 16466.8 460.71137602624935 
12367.8 16820.666666666668 16333.666666666666 595.5160940077291 
13476.733333333334 17127.466666666667 16714.6 493.8059794426688 
12977.8 17228.0 16647.8 477.19411982965596 
11801.066666666668 16749.333333333332 16062.133333333333 805.097284528743 
12638.066666666668 16844.133333333335 16428.133333333335 742.4158324161888 
11789.333333333334 16921.866666666665 16324.0 667.7485235226407 
12044.8 16923.066666666666 16432.0 557.3544970064681 
12104.933333333332 17219.266666666666 16513.533333333333 517.8899962561765 
13388.866666666667 17040.333333333332 16411.133333333335 648.0058919485223 
12735.066666666668 16901.6 16377.733333333334 943.9106517273997 
13174.6 17163.066666666666 16545.2 789.4710929898997 
11720.266666666666 16813.733333333334 16076.733333333334 922.82158887235 
11514.0 16888.6 16076.533333333333 1008.3862812544716 
10964.733333333334 16836.733333333334 16190.4 675.0307632495967 
12251.266666666666 17134.133333333335 16603.866666666665 456.1330561238561 
12436.266666666666 17010.133333333335 16519.666666666668 485.01016461284394 
12724.4 17380.2 16644.666666666668 512.9331346936624 
12267.133333333333 17275.066666666666 16432.066666666666 858.448629796798 
12962.066666666668 17172.533333333333 16285.6 1118.0040351745904 
12470.2 17232.266666666666 16177.466666666667 1374.4186363695742 
11457.4 16878.0 16138.133333333333 1064.419807114551 
11951.466666666667 16327.133333333333 15736.466666666667 2083.206003575578 
11354.733333333334 16132.466666666667 15444.533333333333 2956.9766637188363 
13442.8 16454.2 16041.133333333333 2923.8892650030366 
11212.2 16246.533333333333 15541.2 2873.31695351093 
11378.0 16418.4 15759.933333333332 2821.048951956228 
10883.8 16313.8 15499.733333333334 2491.6877520624002 
10882.8 16864.2 16232.933333333332 1002.5763033305744 
10078.2 16733.133333333335 16121.466666666667 825.8452393356356 
10498.666666666666 16858.2 16310.533333333333 804.4750713629631 
10251.066666666668 16831.266666666666 16229.6 700.6087933599842 
9348.266666666666 16825.333333333332 16100.6 759.1071540522678 
11663.4 16948.0 16397.6 595.7099322097405 
10950.533333333333 17114.933333333334 16581.4 403.24265316721323 
12304.066666666668 17171.333333333332 16406.866666666665 373.4033377819041 
12363.066666666668 17038.8 16396.733333333334 724.3299548931799 
10818.466666666667 16746.133333333335 15978.0 1059.9309398886949 
11560.466666666667 16867.333333333332 16175.133333333333 768.9585960534184 
10998.6 16959.666666666668 15985.733333333334 884.8250330495356 
10893.066666666668 16910.133333333335 16287.4 795.4696126607648 
11458.533333333333 16798.066666666666 16232.6 1062.8875497122608 
10784.733333333334 16442.0 15629.8 1695.716101238648 
12178.933333333332 17162.133333333335 16176.0 890.6806752890362 
11560.333333333334 16932.6 16209.533333333333 996.4966694486352 
9303.4 16651.4 15635.0 1425.9008469502126 
10829.8 16569.333333333332 15792.466666666667 1867.8505944891133 
10531.666666666666 16853.4 15987.466666666667 1193.3860114071315 
11220.066666666668 17140.666666666668 16675.8 420.2261280152232 
11071.533333333333 16717.2 16023.0 873.0834606916644 
11111.133333333333 16628.133333333335 16038.466666666667 966.4438479980786 
10950.333333333334 16977.6 16398.933333333334 790.1423037796561 
10471.266666666666 16899.4 16354.333333333334 564.2478385721413 
11289.466666666667 16967.866666666665 16108.666666666666 747.2124011580942 
10805.466666666667 16785.666666666668 15932.0 800.1840292499386 
11314.4 17094.266666666666 16194.666666666666 940.710369407668 
11586.4 17123.866666666665 15721.066666666668 1984.4440837563436 
9978.8 16765.466666666667 15276.133333333333 1074.0379462570213 
10396.666666666666 16580.6 15106.533333333333 2142.1300918582056 
9614.8 16249.533333333333 15208.8 2235.067694575118 
10447.866666666667 16377.8 15486.4 2417.00371065775 
10577.666666666666 16696.266666666666 15986.0 1525.380023688086 
12152.933333333332 16932.8 16427.066666666666 812.7830131372361 
11062.666666666666 16839.8 16240.8 847.7838643585205 
12816.333333333334 17063.266666666666 16713.533333333333 611.0581849000416 
11147.266666666666 17037.2 16517.933333333334 483.2867563764692 
12347.2 17462.733333333334 16556.266666666666 421.47202806882024 
11627.266666666666 17235.933333333334 16354.6 490.4747998963183 
11787.066666666668 16944.4 16139.533333333333 1063.7348738185553 
11663.0 16582.933333333334 15788.466666666667 1380.2376654442926 
11785.466666666667 17085.466666666667 16119.066666666668 1929.3894822513735 
12575.666666666666 16796.2 16154.533333333333 992.3283355601388 
12974.533333333333 17074.466666666667 16615.266666666666 452.9823268566276 
12322.133333333333 16899.733333333334 16398.666666666668 693.4028005263449 
12019.2 16996.333333333332 16509.6 465.08027120774176 
11948.2 17007.066666666666 16399.933333333334 478.0339134877821 
13115.4 17326.933333333334 16683.6 508.9492404290757 
12307.6 16913.466666666667 16381.2 562.2852235891197 
13034.533333333333 16948.6 16434.066666666666 1002.9533056595075 
12427.4 17318.8 16685.066666666666 384.0302788988272 
11785.133333333333 17200.8 16499.666666666668 518.3434500620432 
13240.066666666668 16995.533333333333 16416.6 647.6007396536851 
11331.133333333333 16840.8 16229.4 635.5782438063783 
11964.4 16885.933333333334 16346.0 751.7152279952826 
11961.533333333333 17014.2 16443.466666666667 619.7643503784324 
12329.533333333333 17074.533333333333 16690.0 430.1795028434836 
12512.533333333333 16821.6 16206.733333333334 1126.890169054248 
11763.533333333333 16973.666666666668 16441.933333333334 792.0263152193871 
11621.8 16909.733333333334 16383.4 770.2553412126829 
11327.933333333332 16847.8 16368.2 555.0230223453198 
10926.533333333333 16890.2 16218.866666666667 588.8036012872957 
11391.733333333334 16862.933333333334 16248.133333333333 1023.7662987442224 
11310.4 16871.6 16042.266666666666 1075.3230717633965 
12415.866666666667 17136.933333333334 16658.666666666668 524.0076967204035 
12152.533333333333 17005.733333333334 16504.4 755.3034290932353 
11942.8 16922.466666666667 16290.133333333333 563.0052902849925 
11197.0 16921.333333333332 16233.6 672.7081843811129 
12598.8 16911.933333333334 16370.8 937.6817708227738 
12882.866666666667 17205.933333333334 16509.666666666668 581.5724817729562 
12001.733333333334 16963.466666666667 16305.333333333334 862.4381418075409 
11472.533333333333 16856.933333333334 16186.733333333334 692.587100819978 
12850.0 17102.933333333334 16610.0 717.057922346584 
9636.6 16737.066666666666 15992.266666666666 844.5910923833692 
10784.2 16730.066666666666 16028.8 766.1898720291205 
11414.4 16914.8 16488.6 462.68234171333285 
11479.8 16902.6 16220.933333333332 822.8118707618811 
11051.266666666666 16818.8 16266.8 892.1532872774724 
11685.133333333333 16789.666666666668 16118.8 763.3650066209042 
12337.933333333332 16995.533333333333 16497.8 491.7527698617128 
12019.333333333334 16714.4 16116.066666666668 683.9580245404927 
12190.866666666667 16936.466666666667 16288.266666666666 944.2615434531072 
11540.133333333333 17046.066666666666 16349.866666666667 589.817992453793 
11418.733333333334 17004.4 16311.666666666666 694.617067167227 
11469.6 16930.933333333334 16245.8 664.9428687238225 
12613.866666666667 16947.533333333333 16404.0 660.7468224163727 
13316.266666666666 17138.6 16482.733333333334 860.995701241043 
13051.533333333333 17221.533333333333 16492.333333333332 710.4627101012721 
11875.933333333332 17081.466666666667 16062.866666666667 1003.2506414428827 
12062.266666666666 16958.066666666666 15924.266666666666 1919.615550456798 
12299.333333333334 16657.666666666668 16024.533333333333 1881.0967841483684 
11773.466666666667 16412.8 15908.933333333332 2134.1308616546144 
12048.866666666667 16206.466666666667 15690.066666666668 2753.852155557133 
12061.2 16344.933333333332 15668.466666666667 3084.7284471156363 
11605.066666666668 16128.266666666666 15605.466666666667 2890.779011423891 
12669.0 16476.533333333333 15821.6 2682.3852330839186 
11148.333333333334 16385.0 15662.0 2737.3468483186416 
11192.133333333333 16093.866666666667 15423.0 2818.213152809181 
10797.266666666666 15728.133333333333 14973.6 2885.7875494683713 
10815.133333333333 15842.733333333334 15244.733333333334 3153.8370496904245 
10626.6 15961.6 15414.666666666666 2790.4489771759354 
9875.2 15835.4 15251.466666666667 2708.8758786625863 
9750.933333333332 15938.933333333332 15260.0 2626.903709566328 
10320.733333333334 16013.933333333332 15483.2 2792.0906352289735 
9826.2 16003.133333333333 15293.533333333333 2658.1966218973844 
10099.533333333333 16028.066666666668 15455.466666666667 2858.0451867588718 
10533.2 15877.333333333334 15097.2 3004.340115455195 
10792.066666666668 15906.0 15264.4 3069.77769672876 
11801.2 16203.066666666668 15756.333333333334 2811.2359000980327 
11066.866666666667 16279.2 15599.2 2703.8149796167636 
11679.8 16292.8 15785.266666666666 2859.1521017019486 
12559.666666666666 16391.733333333334 15706.266666666666 2637.6930101047687 
11878.666666666666 16390.133333333335 15787.533333333333 2167.9302347323514 
12242.266666666666 16851.933333333334 16280.533333333333 689.2628102223094 
12362.0 16871.0 16400.2 698.6055620543923 
12749.2 16802.466666666667 16360.133333333333 557.7653373557338 
11095.0 16788.933333333334 16187.0 714.6557992021991 
11617.133333333333 16700.0 16154.4 964.440935119063 
10383.866666666667 16646.666666666668 16028.2 654.6100885259865 
10850.333333333334 16741.6 16096.2 804.6947760900815 
10971.933333333332 16862.866666666665 16234.6 989.8102158158063 
11880.8 16813.733333333334 16236.6 788.2758700691865 
12606.933333333332 16833.666666666668 16371.533333333333 816.5184362074544 
13143.266666666666 16875.2 16428.333333333332 756.6835470951147 
11893.4 17050.533333333333 16590.266666666666 448.6626337114432 
12170.266666666666 16773.666666666668 16290.2 533.7700353772836 
12312.933333333332 16937.266666666666 16543.2 455.8032185055303 
12032.533333333333 16865.133333333335 16348.333333333334 492.8100357473792 
11752.133333333333 16679.8 16225.466666666667 716.2525690471668 
11809.866666666667 16855.666666666668 16260.2 778.7364004162982 
12183.333333333334 16873.133333333335 16163.133333333333 813.7059483894927 
11933.266666666666 17060.333333333332 16586.4 442.9912301615008 
12627.133333333333 16972.533333333333 16495.333333333332 791.4732392471932 
11429.333333333334 16792.866666666665 16168.866666666667 722.9914715956198 
10844.066666666668 16632.333333333332 15919.2 574.7379072238059 
11489.866666666667 16928.933333333334 16457.733333333334 630.654354707165 
11209.8 16885.6 16273.533333333333 617.6294063235295 
11295.066666666668 16578.266666666666 15881.6 1030.9609679000139 
10544.6 16714.666666666668 16170.333333333334 604.4270464203639 
11312.533333333333 16621.066666666666 16071.933333333332 820.4425074312034 
12163.733333333334 16942.533333333333 16440.533333333333 723.6393627583655 
10914.533333333333 16711.8 16134.2 782.5711737599336 
11850.466666666667 16983.866666666665 16399.733333333334 525.3579014982708 
11497.866666666667 16740.2 16185.733333333334 808.1616921548972 
12437.066666666668 16853.0 16355.333333333334 827.1417421189401 
12970.533333333333 16894.066666666666 16417.8 727.4283868533038 
12431.4 17047.8 16453.866666666665 463.04175045741465 
13036.4 16789.2 16356.066666666668 857.629503793904 
11843.933333333332 16995.133333333335 16342.733333333334 559.0804658842353 
11703.666666666666 16894.333333333332 16130.533333333333 880.1713076946381 
11704.6 16696.6 15955.266666666666 700.0362401730038 
12164.533333333333 17112.0 16535.6 588.1908579137669 
11497.0 16720.466666666667 16245.4 626.6186320242958 
12713.6 17002.666666666668 16558.4 470.1161969839657 
11690.733333333334 17016.466666666667 16448.066666666666 549.6352568345261 
11187.4 16497.2 15937.466666666667 804.9263759292937 
12207.333333333334 16847.466666666667 16313.533333333333 724.7524801996581 
12347.8 16960.6 16388.6 577.3594224282363 
12361.666666666666 17054.6 16232.2 782.7164573884126 
12165.333333333334 16875.533333333333 16040.533333333333 945.12632171578 
10852.133333333333 16583.733333333334 15724.333333333334 1415.4577218852012 
10654.2 16470.8 15796.733333333334 1951.7196159057041 
12594.866666666667 17023.0 16270.066666666668 787.1058566390901 
12391.0 17048.8 16422.066666666666 593.8514483157103 
11916.933333333332 17003.866666666665 16297.6 744.1529748647116 
11557.466666666667 16681.2 15846.933333333332 1450.2324851937058 
11196.866666666667 16327.266666666666 15537.866666666667 2046.7108413256626 
12149.0 16763.333333333332 16231.8 874.164236666467 
11874.866666666667 16726.466666666667 16088.866666666667 820.1912547963703 
13497.666666666666 16844.866666666665 16520.866666666665 833.4138406444771 
12254.333333333334 17082.466666666667 16445.066666666666 552.4056237142332 
11918.4 16679.266666666666 16033.4 978.9478467552124 
10847.266666666666 16458.6 15812.2 824.993868664085 
11275.8 16890.466666666667 16368.6 862.0911711259622 
11239.333333333334 16583.866666666665 16045.8 921.8519085695564 
12501.466666666667 16933.933333333334 16544.466666666667 706.436639291404 
12297.733333333334 16993.066666666666 16624.4 797.1354849292143 
9656.4 16656.4 16100.4 716.3262026944614 
11274.6 16594.2 15990.866666666667 883.3921909950934 
11346.0 16593.333333333332 16005.2 717.5906089129094 
12189.133333333333 16961.8 16515.933333333334 558.2745875562589 
11155.8 16917.4 16489.733333333334 525.186655072905 
12887.8 16831.6 16383.466666666667 761.2862917457533 
12486.333333333334 16873.266666666666 16393.4 718.8464203152159 
12502.4 16890.066666666666 16367.733333333334 419.87523728947014 
12164.133333333333 16858.466666666667 16312.866666666667 617.3078997640571 
12266.266666666666 16965.6 16530.066666666666 490.97090160438466 
12027.333333333334 16910.866666666665 16433.4 578.4533210784311 
12968.866666666667 16958.2 16563.8 733.2702398615852 
12346.266666666666 16945.533333333333 16499.0 569.4579492815952 
11784.733333333334 16827.0 16357.4 715.7723721034968 
10623.266666666666 16718.666666666668 16201.0 834.9578093133406 
10124.933333333332 16528.866666666665 15804.4 932.6367989022666 
10976.333333333334 16778.866666666665 16238.0 609.323692301555 
12690.933333333332 17049.4 16555.266666666666 900.3580732130966 
11938.8 16774.466666666667 15987.8 925.7914682403733 
11749.666666666666 16780.733333333334 16171.466666666667 927.8093746981534 
12237.733333333334 16827.333333333332 16283.866666666667 1007.0554972018398 
11613.733333333334 16862.466666666667 16367.333333333334 682.7933136104298 
9828.733333333334 16686.8 15988.733333333334 697.487810486877 
10589.4 16824.0 16250.8 592.772385771582 
11448.066666666668 17290.133333333335 16650.066666666666 413.559937077512 
11551.8 17092.8 16446.866666666665 857.2541236088888 
12477.066666666668 16843.2 16119.466666666667 688.943111504055 
11203.8 16366.6 15713.6 1335.4870514784732 
11210.533333333333 17137.733333333334 16407.266666666666 598.1526035311653 
12014.2 16905.266666666666 16260.666666666666 638.1517896759883 
12280.533333333333 16667.4 16195.733333333334 918.8341365254363 
11590.933333333332 16834.4 16111.0 659.350452086496 
12608.2 16795.533333333333 16189.933333333332 761.0303880631545 
12382.533333333333 16930.866666666665 16398.133333333335 304.712058981736 
12061.6 16989.333333333332 16499.0 464.1794818099283 
11612.8 16673.066666666666 16072.8 719.6736834612382 
12183.466666666667 16770.933333333334 16224.0 811.1442736447484 
11943.933333333332 16838.8 16187.333333333334 880.9906033046611 
12944.666666666666 16885.466666666667 16421.866666666665 806.1464467176888 
11999.6 16818.066666666666 16273.2 585.4446555112335 
12520.533333333333 16773.266666666666 16315.933333333332 812.1092503133087 
11700.733333333334 16927.866666666665 16381.4 659.8822208040864 
12122.066666666668 16689.466666666667 16154.133333333333 808.7000386079158 
12160.733333333334 16800.8 16338.333333333334 799.3934051655806 
12862.066666666668 17118.8 16465.6 592.5651739119783 
13196.266666666666 16928.0 16458.066666666666 610.7125475850139 
12759.0 16962.666666666668 16411.2 755.5539177760028 
12771.333333333334 17204.133333333335 16204.0 546.62043625658 
11861.666666666666 16895.0 15791.866666666667 1090.5304715290322 
12389.2 17055.0 16180.266666666666 1411.1009012666516 
11135.533333333333 16910.133333333335 16150.933333333332 879.9580686979729 
11698.533333333333 16638.333333333332 16079.266666666666 893.8338091862742 
10874.266666666666 16806.266666666666 16226.066666666668 684.1954741803611 
11243.4 16916.466666666667 16055.533333333333 764.4376172498752 
12251.8 16853.8 16241.333333333334 752.568779876261 
10654.533333333333 16809.066666666666 16158.666666666666 519.4128922799918 
11041.066666666668 16568.333333333332 15879.066666666668 1010.0930458791074 
10406.066666666668 16634.266666666666 15949.133333333333 430.6995111314718 
11356.4 16720.4 16169.733333333334 603.8615809015247 
11777.066666666668 16932.2 16288.0 929.6797649370093 
12164.133333333333 16835.6 16381.8 672.3512043567707 
12739.0 16862.333333333332 16402.866666666665 943.9290688982468 
12867.333333333334 16735.066666666666 16307.533333333333 829.6849183743054 
11997.933333333332 16902.6 16188.333333333334 942.0747794097875 
11694.2 16522.133333333335 15809.133333333333 913.5918292347214 
11477.8 16645.933333333334 15909.933333333332 840.5600109450845 
11030.2 16760.866666666665 16045.0 740.277943297876 
11956.466666666667 16924.4 16346.333333333334 880.0428773645066 
11124.8 16654.666666666668 15875.2 1159.7121640016255 
11835.6 16923.2 16367.266666666666 590.6437279217763 
10803.733333333334 16810.466666666667 16340.266666666666 635.1460591426545 
11181.4 16764.466666666667 16015.8 845.3784643578283 
11586.266666666666 16734.8 16190.666666666666 741.8630710732422 
11642.666666666666 16898.133333333335 16334.6 930.6594092362686 
11955.533333333333 16869.8 16426.4 741.0186039050124 
12059.133333333333 16975.2 16227.466666666667 609.4013747568638 
12948.4 17071.933333333334 16491.466666666667 588.687435458467 
12189.933333333332 16984.466666666667 16289.133333333333 805.571879819272 
11021.933333333332 16533.733333333334 15737.133333333333 1206.5033568125702 
12585.066666666668 16671.066666666666 15907.666666666666 1535.2473578475156 
11257.333333333334 16779.466666666667 16226.266666666666 568.28418106124 
11977.4 16866.866666666665 16439.133333333335 601.4831980658776 
12801.266666666666 16840.533333333333 16273.133333333333 793.5202638314356 
11427.6 16958.8 16454.266666666666 437.25033689079163 
12460.866666666667 16893.933333333334 16507.066666666666 463.21774625379425 
12280.8 16789.933333333334 16295.133333333333 563.5976328709853 
12646.4 16885.6 16426.533333333333 735.3688176690658 
11717.266666666666 16901.066666666666 16389.466666666667 598.0887254877455 
12439.066666666668 16796.266666666666 16145.733333333334 911.7038560361094 
11428.866666666667 16813.466666666667 16327.0 617.8595951616625 
11500.333333333334 17004.2 16353.8 492.06616086321833 
10667.066666666668 16749.266666666666 16164.133333333333 773.2407486244716 
12719.333333333334 17109.2 16613.533333333333 609.1915602756749 
12021.4 17079.8 16176.933333333332 766.0779896474135 
12197.066666666668 17370.133333333335 16426.866666666665 744.5403408218464 
11462.6 16915.666666666668 15950.733333333334 1307.802206587661 
10095.933333333332 16487.933333333334 15430.933333333332 1899.0713961770311 
10765.266666666666 16012.666666666666 15240.133333333333 2224.983083381384 
10692.333333333334 16218.733333333334 15732.533333333333 2571.282848480285 
11098.533333333333 16116.733333333334 15528.4 2830.226267750808 
11629.133333333333 15809.0 15247.066666666668 2770.004164978818 
11937.933333333332 16005.933333333332 15628.866666666667 2801.287218405139 
11642.933333333332 16007.6 15598.8 3037.1914631777827 
11299.666666666666 16047.2 15551.2 2837.2486455484773 
11140.866666666667 15814.666666666666 15255.866666666667 2709.7736394187777 
10230.6 15944.533333333333 15478.733333333334 2915.1578546166816 
11405.266666666666 16143.2 15733.6 2966.499481206764 
11201.6 15989.266666666666 15463.8 3029.5319759549225 
12210.933333333332 16131.666666666666 15519.666666666666 2729.441663946839 
11321.8 16260.6 15602.266666666666 2755.0372005151257 
10278.933333333332 16147.733333333334 15415.133333333333 2675.6131935606004 
11209.4 16543.933333333334 15893.8 1777.4489907355053 
11342.066666666668 16806.2 16251.533333333333 773.8847941823556 
12298.666666666666 16828.666666666668 16381.4 772.1904890202503 
11315.8 16684.933333333334 16078.866666666667 765.1344526726438 
11992.666666666666 16948.333333333332 16473.266666666666 435.62611211399593 
12414.866666666667 17038.933333333334 16495.6 642.07474954245 
11511.066666666668 16832.8 15935.933333333332 727.6057856651043 
12273.466666666667 16884.4 15986.2 1006.2298604195763 
11213.2 16684.8 15741.466666666667 1431.564939730876 
11495.933333333332 16630.533333333333 15988.8 1203.2531878204188 
11844.8 17006.266666666666 16416.266666666666 545.239511285331 
12566.466666666667 16865.466666666667 16357.666666666666 656.0763575140385 
11826.666666666666 16930.2 16451.666666666668 434.96070065134745 
11890.6 17087.133333333335 16286.266666666666 666.5146621709748 
12957.2 16866.866666666665 16242.533333333333 1166.6289610097404 
11709.0 16577.866666666665 15795.933333333332 1742.2454314922325 
11579.066666666668 16275.266666666666 15606.933333333332 2474.307286853793 
11661.666666666666 16361.466666666667 15660.866666666667 2816.982387196941 
11635.533333333333 16114.133333333333 15312.4 2732.020171594638 
11459.333333333334 16252.066666666668 15502.133333333333 2462.0291086373813 
11130.0 16773.8 16074.6 1080.9859918919703 
11256.533333333333 16761.733333333334 16106.066666666668 965.7015510900758 
11432.6 16736.866666666665 16197.466666666667 613.9239775592924 
10914.0 16807.866666666665 16197.533333333333 611.4722599322614 
12434.133333333333 16883.266666666666 16352.6 663.9668485700171 
12758.533333333333 17255.533333333333 16536.466666666667 489.9154673115671 
11993.8 16853.266666666666 16314.666666666666 600.1408488383744 
11773.133333333333 16816.866666666665 16283.066666666668 719.9559822964491 
12810.533333333333 16862.066666666666 16330.066666666668 1010.7230089836129 
11434.2 16945.933333333334 16204.733333333334 898.523701783468 
11785.666666666666 16900.933333333334 16321.333333333334 708.303403289234 
11998.0 16800.666666666668 16192.866666666667 842.3851009023261 
12283.6 16899.666666666668 16283.466666666667 672.9603646905547 
11934.266666666666 16812.533333333333 16282.533333333333 647.053035779225 
11995.333333333334 16803.933333333334 16092.6 704.818114125907 
12190.2 16843.266666666666 16310.333333333334 790.4690596236022 
13832.266666666666 17010.4 16607.0 750.9972658627548 
12735.266666666666 16958.733333333334 16539.933333333334 706.5811607074355 
12524.266666666666 16817.666666666668 16242.4 844.8843510603486 
14183.733333333334 17525.466666666667 16710.8 686.3803080897158 
12583.866666666667 17046.133333333335 16222.666666666666 758.3318622696355 
12472.4 17171.4 16142.8 909.8848267775431 
12416.466666666667 17019.8 15909.2 1496.58886605507 
11598.733333333334 16281.333333333334 15496.4 1325.2615165820418 
12080.533333333333 16634.533333333333 16082.266666666666 1728.33483638636 
11492.6 16760.533333333333 16299.133333333333 534.0046593637759 
11305.066666666668 16776.2 16198.066666666668 919.8266391010862 
12417.866666666667 16850.4 16417.733333333334 825.9708199042708 
11938.4 16864.466666666667 16169.333333333334 1011.9140334589254 
12395.4 16926.0 16469.066666666666 642.3137845148414 
11148.466666666667 16855.933333333334 16265.933333333332 639.6360124668122 
12575.266666666666 17080.0 16538.666666666668 699.6564348942192 
12796.066666666668 17279.333333333332 16528.333333333332 435.8415810564407 
12146.333333333334 16973.733333333334 16049.333333333334 759.0330472969467 
11592.733333333334 16858.8 15853.333333333334 1090.0626478428762 
10659.533333333333 16661.333333333332 15506.466666666667 1718.6133916620108 
11141.6 17074.333333333332 15578.133333333333 2063.5577099864313 
11082.4 16743.266666666666 15841.066666666668 1939.7098984126471 
11093.133333333333 16587.133333333335 15982.866666666667 1301.0491064265534 
11434.133333333333 16585.133333333335 16096.066666666668 1646.893287374747 
11144.6 16749.266666666666 16231.533333333333 592.3747259969823 
11523.066666666668 16828.866666666665 16071.866666666667 569.292433347455 
13021.266666666666 17102.266666666666 16671.333333333332 526.3091294835934 
12015.266666666666 16688.733333333334 16130.066666666668 720.3243163094431 
12678.466666666667 16936.2 16500.4 744.527244632458 
11334.2 16756.866666666665 15930.866666666667 845.6577221968179 
11893.733333333334 16773.6 16204.2 731.4328536053964 
12319.133333333333 16682.333333333332 16098.133333333333 887.9002539074355 
11822.133333333333 16798.666666666668 16364.333333333334 680.5299859504925 
10878.266666666666 16781.266666666666 16188.333333333334 743.6260774818961 
12322.666666666666 16966.466666666667 16405.333333333332 758.8782590112858 
12078.666666666666 16680.4 16142.466666666667 799.0586100044368 
12278.6 16730.666666666668 16195.133333333333 904.0042679348616 
12751.4 16783.933333333334 16317.733333333334 892.2254301588935 
11909.066666666668 16752.4 16054.0 602.0484947244698 
11946.066666666668 16798.066666666666 16099.266666666666 643.0598249342314 
12167.466666666667 16728.066666666666 16268.266666666666 550.1299301074247 
13286.333333333334 16989.533333333333 16576.333333333332 625.8141010804338 
11530.933333333332 16760.533333333333 16253.6 889.2253006596997 
11064.533333333333 16633.133333333335 16046.6 692.0409414670976 
12534.333333333334 16948.333333333332 16465.133333333335 608.1730468286873 
11765.6 16760.666666666668 16162.333333333334 763.2634909824174 
12079.466666666667 16674.333333333332 16022.2 1020.1190358646057 
12215.533333333333 16822.0 16473.333333333332 766.4482648337505 
 
1.2755555555555553 1.508888888888889 1.5355555555555556 1.4644444444444447 
1.3688888888888888 1.0244444444444443 1.8511111111111107 1.5555555555555558 
1.448888888888889 1.6199999999999997 1.4933333333333334 1.5088888888888887 
 
870.0
1305.0
1527.3333333333333
1600.8
1583.4
1546.6666666666667
1494.4666666666667
1480.9333333333334
1509.9333333333334
1457.7333333333333
1465.4666666666667
1461.6
1475.1333333333334
1450.0
1492.5333333333333
1529.2666666666667
1502.2
1486.7333333333333
1463.5333333333333
1432.6
1494.4666666666667
1554.4
1529.2666666666667
1482.8666666666666
1461.6
1488.6666666666667
1467.4
1436.4666666666667
1492.5333333333333
1492.5333333333333
1494.4666666666667
1482.8666666666666
1479.0
1552.4666666666667
1504.1333333333334
1571.8
1477.0666666666666
1448.0666666666666
1461.6
1492.5333333333333
1484.8
1508.0
1498.3333333333333
1490.6
1492.5333333333333
1482.8666666666666
1484.8
1461.6
1506.0666666666666
1537.0
1513.8
1471.2666666666667
1494.4666666666667
1506.0666666666666
1508.0
1469.3333333333333
1486.7333333333333
1509.9333333333334
1496.4
1461.6
1465.4666666666667
1548.6
1463.5333333333333
1492.5333333333333
1498.3333333333333
1504.1333333333334
1542.8
1496.4
1467.4
1480.9333333333334
1477.0666666666666
1484.8
1482.8666666666666
1511.8666666666666
1527.3333333333333
1436.4666666666667
1479.0
1457.7333333333333
1473.2
1498.3333333333333
1504.1333333333334
1469.3333333333333
1492.5333333333333
1502.2
1471.2666666666667
1475.1333333333334
1533.1333333333334
1467.4
1473.2
1477.0666666666666
1469.3333333333333
1513.8
1548.6
1448.0666666666666
1455.8
1486.7333333333333
1490.6
1521.5333333333333
1509.9333333333334
1465.4666666666667
1477.0666666666666
1533.1333333333334
1500.2666666666667
1480.9333333333334
1480.9333333333334
1455.8
1455.8
1490.6
1469.3333333333333
1521.5333333333333
1463.5333333333333
1467.4
1519.6
1446.1333333333334
1492.5333333333333
1494.4666666666667
1486.7333333333333
1519.6
1509.9333333333334
1511.8666666666666
1469.3333333333333
1531.2
1490.6
1461.6
1471.2666666666667
1459.6666666666667
1527.3333333333333
1473.2
1511.8666666666666
1529.2666666666667
1473.2
1459.6666666666667
1453.8666666666666
1432.6
1479.0
1463.5333333333333
1475.1333333333334
1492.5333333333333
1471.2666666666667
1488.6666666666667
1426.8
1479.0
1517.6666666666667
1506.0666666666666
1533.1333333333334
1525.4
1550.5333333333333
1488.6666666666667
1490.6
1432.6
1498.3333333333333
1482.8666666666666
1467.4
1509.9333333333334
1537.0
1527.3333333333333
1546.6666666666667
1498.3333333333333
1492.5333333333333
1451.9333333333334
1463.5333333333333
1473.2
1486.7333333333333
1523.4666666666667
1471.2666666666667
1477.0666666666666
1509.9333333333334
1542.8
1529.2666666666667
1480.9333333333334
1515.7333333333333
1484.8
1473.2
1461.6
1450.0
1494.4666666666667
1461.6
1511.8666666666666
1504.1333333333334
1517.6666666666667
1477.0666666666666
1523.4666666666667
1488.6666666666667
1477.0666666666666
1457.7333333333333
1523.4666666666667
1552.4666666666667
1569.8666666666666
1492.5333333333333
1477.0666666666666
1562.1333333333334
1589.2
1434.5333333333333
1430.6666666666667
1488.6666666666667
1509.9333333333334
1459.6666666666667
1480.9333333333334
1465.4666666666667
1560.2
1477.0666666666666
1486.7333333333333
1448.0666666666666
1459.6666666666667
1515.7333333333333
1490.6
1508.0
1504.1333333333334
1488.6666666666667
1486.7333333333333
1473.2
1438.4
1492.5333333333333
1479.0
1504.1333333333334
1508.0
1477.0666666666666
1488.6666666666667
1484.8
1523.4666666666667
1477.0666666666666
1446.1333333333334
1488.6666666666667
1467.4
1428.7333333333333
1463.5333333333333
1463.5333333333333
1492.5333333333333
1498.3333333333333
1523.4666666666667
1480.9333333333334
1465.4666666666667
1492.5333333333333
1504.1333333333334
1471.2666666666667
1461.6
1525.4
1508.0
1459.6666666666667
1482.8666666666666
1529.2666666666667
1479.0
1535.0666666666666
1477.0666666666666
1457.7333333333333
1498.3333333333333
1498.3333333333333
1511.8666666666666
1461.6
1467.4
1498.3333333333333
1484.8
1533.1333333333334
1459.6666666666667
1492.5333333333333
1480.9333333333334
1453.8666666666666
1513.8
1527.3333333333333
1529.2666666666667
1513.8
1473.2
1471.2666666666667
1490.6
1426.8
1480.9333333333334
1430.6666666666667
1450.0
1450.0
1540.8666666666666
1486.7333333333333
1519.6
1506.0666666666666
1521.5333333333333
1473.2
1463.5333333333333
1405.5333333333333
1477.0666666666666
1448.0666666666666
1451.9333333333334
1482.8666666666666
1475.1333333333334
1508.0
1519.6
1465.4666666666667
1477.0666666666666
1469.3333333333333
1453.8666666666666
1453.8666666666666
1477.0666666666666
1451.9333333333334
1461.6
1480.9333333333334
1482.8666666666666
1513.8
1475.1333333333334
1461.6
1500.2666666666667
1432.6
1471.2666666666667
1498.3333333333333
1457.7333333333333
1517.6666666666667
1484.8
1436.4666666666667
1473.2
1531.2
1480.9333333333334
1450.0
1479.0
1504.1333333333334
1509.9333333333334
1496.4
1451.9333333333334
1446.1333333333334
1459.6666666666667
1434.5333333333333
1506.0666666666666
1525.4
1500.2666666666667
1463.5333333333333
1438.4
1486.7333333333333
1477.0666666666666
1508.0
1508.0
1506.0666666666666
1506.0666666666666
1523.4666666666667
1515.7333333333333
1496.4
1494.4666666666667
1455.8
1480.9333333333334
1506.0666666666666
1500.2666666666667
1488.6666666666667
1461.6
1492.5333333333333
1480.9333333333334
1465.4666666666667
1523.4666666666667
1484.8
1492.5333333333333
1477.0666666666666
1500.2666666666667
1477.0666666666666
1496.4
1444.2
1471.2666666666667
1486.7333333333333
1508.0
1465.4666666666667
1475.1333333333334
1471.2666666666667
1479.0
1471.2666666666667
1477.0666666666666
1455.8
1450.0
1471.2666666666667
1480.9333333333334
1490.6
1509.9333333333334
1515.7333333333333
1480.9333333333334
1508.0
1494.4666666666667
1525.4
1480.9333333333334
1525.4
1492.5333333333333
1484.8
1482.8666666666666
1477.0666666666666
1465.4666666666667
1457.7333333333333
1475.1333333333334
1504.1333333333334
1482.8666666666666
1461.6
1480.9333333333334
1479.0
1461.6
1486.7333333333333
1508.0
1465.4666666666667
1488.6666666666667
1479.0
1531.2
1523.4666666666667
1473.2
1498.3333333333333
1475.1333333333334
1508.0
1535.0666666666666
1473.2
1475.1333333333334
1463.5333333333333
1494.4666666666667
1515.7333333333333
1504.1333333333334
1480.9333333333334
1479.0
1475.1333333333334
1467.4
1482.8666666666666
1477.0666666666666
1502.2
1490.6
1531.2
1479.0
1461.6
1502.2
1502.2
1477.0666666666666
1430.6666666666667
1446.1333333333334
1448.0666666666666
1477.0666666666666
1482.8666666666666
1540.8666666666666
1480.9333333333334
1422.9333333333334
1492.5333333333333
1455.8
1496.4
1521.5333333333333
1498.3333333333333
1469.3333333333333
1490.6
1459.6666666666667
1471.2666666666667
1517.6666666666667
1527.3333333333333
1492.5333333333333
1504.1333333333334
1486.7333333333333
1473.2
1471.2666666666667
1484.8
1482.8666666666666
1500.2666666666667
1500.2666666666667
1477.0666666666666
1506.0666666666666
1506.0666666666666
1440.3333333333333
1469.3333333333333
1517.6666666666667
1453.8666666666666
1461.6
1451.9333333333334
1486.7333333333333
1486.7333333333333
1511.8666666666666
1519.6
1477.0666666666666
1523.4666666666667
1484.8
1496.4
1506.0666666666666
1540.8666666666666
1515.7333333333333
1492.5333333333333
1463.5333333333333
1475.1333333333334
1453.8666666666666
1461.6
1527.3333333333333
1538.9333333333334
1535.0666666666666
1496.4
1461.6
1477.0666666666666
1492.5333333333333
1486.7333333333333
1482.8666666666666
1473.2
1502.2
1428.7333333333333
1484.8
1498.3333333333333
1455.8
1533.1333333333334
1509.9333333333334
1496.4
1479.0
1494.4666666666667
1484.8
1457.7333333333333
1440.3333333333333
1444.2
1453.8666666666666
1482.8666666666666
1477.0666666666666
1486.7333333333333
1473.2
1482.8666666666666
1486.7333333333333
1473.2
1475.1333333333334
1498.3333333333333
1531.2
1473.2
1421.0
1517.6666666666667
1475.1333333333334
1467.4
1508.0
1537.0
1525.4
1486.7333333333333
1455.8
1457.7333333333333
1500.2666666666667
1502.2
1523.4666666666667
1484.8
1477.0666666666666
1477.0666666666666
1444.2
1436.4666666666667
1465.4666666666667
1488.6666666666667
1494.4666666666667
1500.2666666666667
1527.3333333333333
1509.9333333333334
1461.6
1482.8666666666666
1457.7333333333333
1482.8666666666666
1480.9333333333334
1461.6
1509.9333333333334
1482.8666666666666
1500.2666666666667
1515.7333333333333
1488.6666666666667
1480.9333333333334
1482.8666666666666
1465.4666666666667
1500.2666666666667
1498.3333333333333
1467.4
1494.4666666666667
1533.1333333333334
1515.7333333333333
1515.7333333333333
1500.2666666666667
1515.7333333333333
1477.0666666666666
1432.6
1471.2666666666667
1502.2
1430.6666666666667
1465.4666666666667
1494.4666666666667
1533.1333333333334
1527.3333333333333
1465.4666666666667
1519.6
1492.5333333333333
1467.4
1517.6666666666667
1477.0666666666666
1500.2666666666667
1469.3333333333333
1500.2666666666667
1482.8666666666666
1461.6
1480.9333333333334
1517.6666666666667
1508.0
1498.3333333333333
1467.4
1494.4666666666667
1455.8
1461.6
1538.9333333333334
1482.8666666666666
1542.8
1477.0666666666666
1494.4666666666667
1486.7333333333333
1465.4666666666667
1519.6
1537.0
1521.5333333333333
1490.6
1506.0666666666666
1517.6666666666667
1479.0
1455.8
1494.4666666666667
1527.3333333333333
1506.0666666666666
1477.0666666666666
1525.4
