16368.4 33055.8 15825.8
11628.6 27797.266666666666 25824.133333333335
10337.333333333334 19678.7 35233.96666666667
14546.9 10468.266666666666 40234.833333333336
19416.6 8526.133333333333 37307.26666666667
28188.8 8521.2 28540.0
35810.1 6191.666666666667 23248.233333333334
38082.933333333334 6346.966666666666 20820.1
42114.73333333333 5418.866666666667 17716.4
42205.7 6274.9 16769.4
45418.433333333334 4902.733333333334 14928.833333333334
45741.26666666667 5600.033333333334 13908.7
45308.96666666667 5907.5 14033.533333333333
44926.333333333336 5708.5 14615.166666666666
47221.73333333333 4142.466666666666 13885.8
46777.63333333333 5359.066666666667 13113.3
47425.8 5205.466666666666 12618.733333333334
47796.23333333333 5943.133333333333 11510.633333333333
49460.86666666667 5640.066666666667 10149.066666666668
51578.73333333333 5121.266666666666 8550.0
51233.8 5820.133333333333 8196.066666666668
52479.36666666667 4793.433333333333 7977.2
52846.4 4833.8 7569.8
53449.76666666667 4766.766666666666 7033.466666666666
53434.13333333333 5718.466666666666 6097.4
54279.1 4512.866666666667 6458.033333333334
52886.63333333333 5062.433333333333 7300.933333333333
53025.7 4695.166666666667 7529.133333333333
53228.53333333333 4959.333333333333 7062.133333333333
52469.26666666667 5266.733333333334 7514.0
54554.1 4199.066666666667 6496.833333333333
54347.96666666667 3645.9666666666667 7256.066666666667
53282.8 4583.933333333333 7383.266666666666
55608.333333333336 3579.8333333333335 6061.833333333333
53626.5 4179.533333333334 7443.966666666666
53851.1 4099.366666666667 7299.533333333334
54780.36666666667 3866.8 6602.833333333333
54491.066666666666 4242.566666666667 6516.366666666667
53190.36666666667 5387.2 6672.433333333333
53170.26666666667 4807.533333333334 7272.2
53180.9 4817.166666666667 7251.933333333333
54681.3 4224.166666666667 6344.533333333334
53355.7 5590.8 6303.5
53623.13333333333 4949.9 6676.966666666666
52890.7 5609.0 6750.3
56181.13333333333 4128.666666666667 4940.2
56830.8 3394.4666666666667 5024.733333333334
54574.933333333334 4790.266666666666 5884.8
54821.666666666664 4544.9 5883.433333333333
56022.53333333333 3699.2 5528.266666666666
54952.3 4424.4 5873.3
55848.8 3963.0333333333333 5438.166666666667
55797.5 3913.233333333333 5539.266666666666
56539.8 3944.0666666666666 4766.133333333333
54674.933333333334 4523.9 6051.166666666667
57542.96666666667 3389.133333333333 4317.9
58100.3 3643.5333333333333 3506.1666666666665
56575.6 4486.933333333333 4187.466666666666
57123.7 4258.966666666666 3867.3333333333335
57674.433333333334 3815.633333333333 3759.9333333333334
56675.933333333334 4324.766666666666 4249.3
56470.933333333334 4058.3 4720.766666666666
58687.7 3567.233333333333 2995.0666666666666
57709.066666666666 4192.066666666667 3348.866666666667
56834.1 4674.533333333334 3741.366666666667
57790.76666666667 3516.733333333333 3942.5
57060.333333333336 4185.666666666667 4004.0
58407.23333333333 3631.866666666667 3210.9
58205.76666666667 3499.3 3544.9333333333334
58230.666666666664 3485.5666666666666 3533.766666666667
58129.26666666667 3141.5333333333333 3979.2
58807.26666666667 3327.1 3115.633333333333
57764.333333333336 4078.6 3407.0666666666666
58786.3 3101.366666666667 3362.3333333333335
57260.53333333333 4140.9 3848.5666666666666
58005.26666666667 4131.6 3113.133333333333
58267.1 3817.5333333333333 3165.366666666667
58235.8 3973.7 3040.5
58251.6 4029.733333333333 2968.6666666666665
56461.13333333333 4642.133333333333 4146.733333333334
57132.433333333334 4405.466666666666 3712.1
58429.1 3421.4666666666667 3399.4333333333334
56891.73333333333 4317.766666666666 4040.5
56028.86666666667 4961.6 4259.533333333334
56604.5 3792.9 4852.6
56092.86666666667 4000.0666666666666 5157.066666666667
58147.23333333333 2998.5666666666666 4104.2
55799.96666666667 4041.233333333333 5408.8
55354.73333333333 4156.666666666667 5738.6
55579.73333333333 3917.6 5752.666666666667
56993.0 3942.5666666666666 4314.433333333333
58041.86666666667 3740.366666666667 3467.766666666667
57083.2 4121.533333333334 4045.266666666667
57003.76666666667 4411.866666666667 3834.366666666667
56185.63333333333 4916.666666666667 4147.7
57419.03333333333 4173.166666666667 3657.8
57490.0 3982.5666666666666 3777.4333333333334
57250.7 4251.633333333333 3747.6666666666665
57270.166666666664 3916.6 4063.233333333333
57563.5 3936.266666666667 3750.233333333333
59147.333333333336 3066.633333333333 3036.0333333333333
59064.23333333333 3281.2 2904.5666666666666
58409.6 3791.5 3048.9
58413.666666666664 3724.9 3111.4333333333334
58785.2 3669.9 2794.9
58088.73333333333 3872.2 3289.0666666666666
59480.9 3192.733333333333 2576.366666666667
56294.433333333334 4876.7 4078.866666666667
56769.933333333334 4223.166666666667 4256.9
58092.53333333333 4076.9666666666667 3080.5
58101.6 4166.033333333334 2982.366666666667
58370.96666666667 3843.5666666666666 3035.4666666666667
58191.73333333333 3609.9 3448.366666666667
57868.96666666667 3953.0 3428.0333333333333
57478.5 3921.366666666667 3850.133333333333
58637.566666666666 3155.733333333333 3456.7
57965.23333333333 3533.266666666667 3751.5
57530.46666666667 3861.233333333333 3858.3
56840.6 3726.633333333333 4682.766666666666
58100.9 3506.8 3642.3
57690.166666666664 3668.4333333333334 3891.4
57036.933333333334 3793.2 4419.866666666667
58225.96666666667 3544.633333333333 3479.4
58883.03333333333 3228.0333333333333 3138.9333333333334
57688.5 3733.0666666666666 3828.4333333333334
57928.63333333333 3391.5333333333333 3929.8333333333335
57345.333333333336 4058.8 3845.866666666667
57020.5 4319.0 3910.5
58181.5 3769.866666666667 3298.633333333333
58724.833333333336 3587.633333333333 2937.5333333333333
57787.23333333333 3922.9 3539.866666666667
57713.6 3929.5333333333333 3606.866666666667
58505.2 3602.1 3142.7
57385.066666666666 4179.533333333334 3685.4
57364.5 4056.9666666666667 3828.5333333333333
57660.8 3618.133333333333 3971.0666666666666
56804.2 3940.9666666666667 4504.833333333333
57929.166666666664 3535.733333333333 3785.1
56098.666666666664 4278.033333333334 4873.3
57137.96666666667 4071.733333333333 4040.3
56459.13333333333 4136.966666666666 4653.9
57198.9 4070.6 3980.5
56471.4 4637.633333333333 4140.966666666666
57350.566666666666 3970.1666666666665 3929.266666666667
56311.36666666667 4475.266666666666 4463.366666666667
56333.0 4503.233333333334 4413.766666666666
56892.166666666664 4350.466666666666 4007.366666666667
58057.26666666667 3971.366666666667 3221.366666666667
58754.566666666666 3652.1 2843.3333333333335
57264.166666666664 4592.6 3393.233333333333
58716.96666666667 3521.866666666667 3011.1666666666665
57515.86666666667 4344.7 3389.4333333333334
57463.066666666666 4225.066666666667 3561.866666666667
56086.666666666664 5185.966666666666 3977.366666666667
57794.53333333333 3918.9666666666667 3536.5
58147.53333333333 3803.366666666667 3299.1
58283.63333333333 3695.733333333333 3270.633333333333
57541.166666666664 3847.0666666666666 3861.766666666667
58173.46666666667 3545.3333333333335 3531.2
58181.933333333334 3523.4 3544.6666666666665
57605.566666666666 3965.8333333333335 3678.6
57040.666666666664 4194.1 4015.233333333333
56888.86666666667 4315.5 4045.633333333333
57636.46666666667 3966.866666666667 3646.6666666666665
56056.03333333333 4789.833333333333 4404.133333333333
56235.7 4424.333333333333 4589.966666666666
58145.833333333336 3645.133333333333 3459.0333333333333
55710.9 4548.2 4990.9
57698.333333333336 3869.5 3682.1666666666665
57211.0 3673.366666666667 4365.633333333333
57364.36666666667 3475.5 4410.133333333333
56795.8 3687.633333333333 4766.566666666667
57195.933333333334 3772.9333333333334 4281.133333333333
55865.36666666667 4166.033333333334 5218.6
56986.2 4129.233333333334 4134.566666666667
55847.433333333334 4755.933333333333 4646.633333333333
56786.9 4421.9 4041.2
57932.3 3979.5666666666666 3338.133333333333
55844.2 5039.3 4366.5
58694.566666666666 3586.9333333333334 2968.5
57621.03333333333 4142.966666666666 3486.0
58445.066666666666 3866.0333333333333 2938.9
58086.2 4143.033333333334 3020.766666666667
58240.8 3853.266666666667 3155.9333333333334
57589.23333333333 4070.233333333333 3590.5333333333333
56286.13333333333 4583.6 4380.266666666666
56554.3 4318.366666666667 4377.333333333333
58386.433333333334 3751.233333333333 3112.3333333333335
57371.13333333333 3996.8333333333335 3882.0333333333333
59249.3 3098.133333333333 2902.5666666666666
58754.4 3320.6666666666665 3174.9333333333334
57046.666666666664 4306.5 3896.8333333333335
56571.566666666666 4416.366666666667 4262.066666666667
56802.7 4197.4 4249.9
57580.9 4074.733333333333 3594.366666666667
56511.0 4184.5 4554.5
56376.46666666667 3800.6666666666665 5072.866666666667
55473.9 4399.5 5376.6
56267.36666666667 3708.4333333333334 5274.2
55834.333333333336 3940.4666666666667 5475.2
56997.5 3837.7 4414.8
55178.5 4517.466666666666 5554.033333333334
55559.13333333333 3902.4 5788.466666666666
57507.13333333333 3673.766666666667 4069.1
58230.2 3325.3333333333335 3694.4666666666667
56834.5 4223.733333333334 4191.766666666666
56286.833333333336 4455.3 4507.866666666667
57521.0 3794.233333333333 3934.766666666667
56461.166666666664 4396.7 4392.133333333333
57998.7 3677.9666666666667 3573.3333333333335
56152.4 4212.6 4885.0
56665.566666666666 4070.1 4514.333333333333
57661.1 3519.0333333333333 4069.866666666667
56729.96666666667 4219.933333333333 4300.1
57333.566666666666 3613.5333333333333 4302.9
56266.96666666667 4224.7 4758.333333333333
56167.333333333336 4051.5333333333333 5031.133333333333
56003.03333333333 4229.566666666667 5017.4
57641.433333333334 3943.4333333333334 3665.133333333333
56347.5 4413.1 4489.4
56182.03333333333 4874.966666666666 4193.0
57081.63333333333 4081.1666666666665 4087.2
56452.96666666667 4917.066666666667 3879.9666666666667
57107.03333333333 4562.366666666667 3580.6
57952.7 4075.3 3222.0
57635.833333333336 4049.633333333333 3564.5333333333333
56516.433333333334 4712.433333333333 4021.133333333333
57806.166666666664 4318.233333333334 3125.6
57037.96666666667 4982.666666666667 3229.366666666667
57966.166666666664 4223.866666666667 3059.9666666666667
57900.46666666667 4082.5333333333333 3267.0
57080.8 4676.2 3493.0
58282.13333333333 3991.266666666667 2976.6
57332.13333333333 4556.3 3361.5666666666666
58558.23333333333 3471.633333333333 3220.133333333333
58428.333333333336 3558.1 3263.5666666666666
58489.03333333333 3390.7 3370.266666666667
56822.666666666664 4218.9 4208.433333333333
58838.066666666666 3421.1 2990.8333333333335
58131.63333333333 3699.3333333333335 3419.0333333333333
55395.6 4668.966666666666 5185.433333333333
57374.1 3519.5333333333333 4356.366666666667
56243.566666666666 3716.133333333333 5290.3
57939.03333333333 3697.4 3613.5666666666666
57453.666666666664 3970.733333333333 3825.6
56046.3 5109.366666666667 4094.3333333333335
57345.73333333333 4297.833333333333 3606.4333333333334
59095.23333333333 3405.9666666666667 2748.8
57948.933333333334 3816.1666666666665 3484.9
56734.23333333333 4401.733333333334 4114.033333333334
58917.4 3236.866666666667 3095.733333333333
57565.03333333333 3828.5333333333333 3856.4333333333334
57343.03333333333 3790.9 4116.066666666667
57730.2 4144.766666666666 3375.0333333333333
57551.03333333333 4020.7 3678.266666666667
57479.03333333333 4346.166666666667 3424.8
56511.9 4899.833333333333 3838.266666666667
56440.333333333336 4676.5 4133.166666666667
57330.03333333333 4475.566666666667 3444.4
57611.13333333333 4240.066666666667 3398.8
57960.23333333333 3778.8 3510.9666666666667
56403.5 4822.633333333333 4023.866666666667
57684.7 3997.266666666667 3568.0333333333333
57095.0 4256.966666666666 3898.0333333333333
56665.066666666666 4351.9 4233.033333333334
56960.26666666667 4486.133333333333 3803.6
56573.26666666667 4082.233333333333 4594.5
56977.5 4166.833333333333 4105.666666666667
57593.03333333333 3334.366666666667 4322.6
56911.6 3718.133333333333 4620.266666666666
57251.5 3652.766666666667 4345.733333333334
55966.63333333333 4500.5 4782.866666666667
57030.2 4022.0333333333333 4197.766666666666
57647.46666666667 3993.6666666666665 3608.866666666667
56139.433333333334 4642.266666666666 4468.3
57443.066666666666 4095.5 3711.4333333333334
57516.933333333334 3952.1666666666665 3780.9
57759.13333333333 3450.8 4040.0666666666666
56214.066666666666 4281.8 4754.133333333333
57882.26666666667 3783.8333333333335 3583.9
56840.53333333333 4100.033333333334 4309.433333333333
56768.36666666667 4399.966666666666 4081.6666666666665
56169.1 4601.1 4479.8
57290.666666666664 4360.933333333333 3598.4
56442.7 4579.3 4228.0
56247.73333333333 5103.933333333333 3898.3333333333335
57934.9 4219.133333333333 3095.9666666666667
56813.73333333333 4305.633333333333 4130.633333333333
56467.433333333334 4418.166666666667 4364.4
58837.36666666667 3361.7 3050.9333333333334
55815.53333333333 4782.733333333334 4651.733333333334
56306.63333333333 4341.633333333333 4601.733333333334
55689.63333333333 4259.066666666667 5301.3
56152.23333333333 4241.366666666667 4856.4
56325.0 4018.0 4907.0
56124.03333333333 3961.9666666666667 5164.0
57856.433333333334 3617.1 3776.4666666666667
56977.8 3908.1666666666665 4364.033333333334
56961.5 3903.9333333333334 4384.566666666667
56532.433333333334 4073.9666666666667 4643.6
54759.333333333336 4867.533333333334 5623.133333333333
57098.96666666667 3649.4 4501.633333333333
56283.333333333336 3838.9666666666667 5127.7
56251.6 4969.166666666667 4029.233333333333
57584.666666666664 3878.3 3787.0333333333333
56420.666666666664 4382.8 4446.533333333334
57193.166666666664 4180.6 3876.233333333333
57717.63333333333 3484.9666666666667 4047.4
58437.76666666667 3471.1 3341.133333333333
56149.2 4602.466666666666 4498.333333333333
55023.333333333336 4973.766666666666 5252.9
56016.1 4598.466666666666 4635.433333333333
56357.36666666667 4277.766666666666 4614.866666666667
58051.4 3469.2 3729.4
58419.1 3195.9 3635.0
57890.53333333333 3796.3 3563.1666666666665
55842.9 4580.866666666667 4826.233333333334
58369.0 3791.4666666666667 3089.5333333333333
57030.86666666667 4560.7 3658.4333333333334
57368.4 4462.433333333333 3419.1666666666665
57761.166666666664 3846.1666666666665 3642.6666666666665
56254.36666666667 4736.033333333334 4259.6
56946.46666666667 4820.2 3483.3333333333335
56906.13333333333 4798.7 3545.1666666666665
57471.1 4612.3 3166.6
56594.3 4979.7 3676.0
57203.76666666667 4539.3 3506.9333333333334
56866.1 4607.833333333333 3776.0666666666666
57455.933333333334 4191.966666666666 3602.1
58309.6 3607.0666666666666 3333.3333333333335
57478.96666666667 3864.2 3906.8333333333335
56209.76666666667 4741.8 4298.433333333333
57068.03333333333 4267.566666666667 3914.4
56810.6 4413.866666666667 4025.5333333333333
57521.566666666666 4237.366666666667 3491.0666666666666
57786.333333333336 4029.1 3434.5666666666666
57771.933333333334 3889.4 3588.6666666666665
58405.9 3442.5333333333333 3401.5666666666666
58083.23333333333 3702.0666666666666 3464.7
57039.13333333333 4079.733333333333 4131.133333333333
57842.433333333334 3857.733333333333 3549.8333333333335
57773.0 3953.633333333333 3523.366666666667
56940.3 4293.633333333333 4016.0666666666666
56575.4 4109.8 4564.8
57342.36666666667 4121.366666666667 3786.266666666667
56604.03333333333 4263.2 4382.766666666666
57797.26666666667 3910.6 3542.133333333333
57562.333333333336 3857.233333333333 3830.4333333333334
58425.066666666666 3465.4666666666667 3359.4666666666667
58234.566666666666 4097.133333333333 2918.3
57775.13333333333 3971.1666666666665 3503.7
57475.833333333336 4234.566666666667 3539.6
57811.63333333333 4033.0666666666666 3405.3
57692.6 4142.6 3414.8
57421.933333333334 4277.1 3550.9666666666667
57364.0 4116.0 3770.0
58069.96666666667 3873.9333333333334 3306.1
57360.9 4376.733333333334 3512.366666666667
57402.46666666667 4231.7 3615.8333333333335
57468.63333333333 4086.8333333333335 3694.5333333333333
57770.3 3993.8333333333335 3485.866666666667
56868.96666666667 4147.166666666667 4233.866666666667
58237.23333333333 3574.1666666666665 3438.6
57335.7 4195.333333333333 3718.9666666666667
57404.7 4103.266666666666 3742.0333333333333
57654.13333333333 3804.6 3791.266666666667
57562.066666666666 4031.4333333333334 3656.5
57713.96666666667 4256.4 3279.633333333333
57464.566666666666 4414.466666666666 3370.9666666666667
57376.86666666667 4670.166666666667 3202.9666666666667
57232.03333333333 4483.9 3534.0666666666666
57173.53333333333 4576.733333333334 3499.733333333333
57328.13333333333 4169.333333333333 3752.5333333333333
57115.666666666664 4449.566666666667 3684.766666666667
57598.36666666667 4189.433333333333 3462.2
57533.5 4184.833333333333 3531.6666666666665
56084.2 4324.766666666666 4841.033333333334
56155.86666666667 4059.6 5034.533333333334
55021.5 4497.133333333333 5731.366666666667
56713.2 3948.9 4587.9
55898.4 4295.666666666667 5055.933333333333
57608.9 3626.7 4014.4
56960.26666666667 3706.9666666666667 4582.766666666666
57635.36666666667 3511.4333333333334 4103.2
56794.26666666667 4018.633333333333 4437.1
57946.933333333334 3617.5 3685.5666666666666
55974.5 4778.533333333334 4496.966666666666
56560.1 4662.633333333333 4027.266666666667
56117.566666666666 4732.733333333334 4399.7
57442.0 4247.7 3560.3
57264.73333333333 4392.266666666666 3593.0
57605.03333333333 4044.633333333333 3600.3333333333335
56918.86666666667 4708.4 3622.733333333333
56805.8 4744.966666666666 3699.233333333333
57891.46666666667 4245.1 3113.4333333333334
57392.36666666667 4610.966666666666 3246.6666666666665
58102.13333333333 3853.733333333333 3294.133333333333
57051.566666666666 4507.833333333333 3690.6
58839.9 3374.0 3036.1
57265.86666666667 4436.266666666666 3547.866666666667
58449.73333333333 3692.8 3107.4666666666667
58598.333333333336 3862.633333333333 2789.0333333333333
56393.86666666667 4257.666666666667 4598.466666666666
57343.566666666666 4195.933333333333 3710.5
56555.63333333333 4484.1 4210.266666666666
58948.2 3257.9 3043.9
56582.26666666667 4297.3 4370.433333333333
58213.833333333336 3764.0333333333333 3272.133333333333
56555.4 4763.7 3930.9
56255.333333333336 4771.066666666667 4223.6
56911.03333333333 4601.5 3737.4666666666667
57785.433333333334 4019.3333333333335 3445.233333333333
56413.36666666667 4742.2 4094.4333333333334
58229.53333333333 3823.3 3197.1666666666665
55978.53333333333 5171.7 4099.766666666666
57009.13333333333 4449.966666666666 3790.9
56789.3 4301.666666666667 4159.033333333334
56449.1 4726.466666666666 4074.4333333333334
57869.6 4085.4 3295.0
57199.26666666667 4357.433333333333 3693.3
57541.8 4218.1 3490.1
57608.933333333334 4500.733333333334 3140.3333333333335
58522.933333333334 3752.9333333333334 2974.133333333333
57905.9 4183.3 3160.8
57656.0 4268.966666666666 3325.0333333333333
57873.333333333336 4201.266666666666 3175.4
58979.1 3163.0 3107.9
58722.2 3283.766666666667 3244.0333333333333
57861.86666666667 3735.133333333333 3653.0
58107.333333333336 4045.3 3097.366666666667
56575.0 4750.6 3924.4
56875.4 4116.0 4258.6
55960.433333333334 4429.666666666667 4859.9
58335.066666666666 3709.9666666666667 3204.9666666666667
57305.3 3605.6666666666665 4339.033333333334
57125.166666666664 3744.2 4380.633333333333
57712.0 3704.8 3833.2
57630.5 4322.633333333333 3296.866666666667
57010.46666666667 4513.633333333333 3725.9
57628.73333333333 4121.5 3499.766666666667
57200.333333333336 4038.733333333333 4010.9333333333334
57914.86666666667 4182.166666666667 3152.9666666666667
57988.333333333336 3981.3333333333335 3280.3333333333335
56826.1 4505.5 3918.4
57153.066666666666 4477.7 3619.233333333333
57357.8 4493.7 3398.5
57882.3 3953.6666666666665 3414.0333333333333
58470.066666666666 3753.6666666666665 3026.266666666667
57345.63333333333 4328.133333333333 3576.233333333333
57515.46666666667 4568.733333333334 3165.8
57081.666666666664 4529.533333333334 3638.8
58402.8 3798.366666666667 3048.8333333333335
58423.46666666667 3880.633333333333 2945.9
59397.26666666667 3387.5666666666666 2465.1666666666665
58524.96666666667 3761.9 2963.133333333333
59460.166666666664 3236.5666666666666 2553.266666666667
57166.8 4039.7 4043.5
58459.433333333334 3465.133333333333 3325.4333333333334
57510.1 4066.3 3673.6
58056.566666666666 3941.133333333333 3252.3
57894.96666666667 3692.866666666667 3662.1666666666665
57065.3 4315.666666666667 3869.0333333333333
57816.86666666667 3757.733333333333 3675.4
57524.13333333333 4101.6 3624.266666666667
58692.0 3505.133333333333 3052.866666666667
58875.3 3420.4666666666667 2954.233333333333
57464.5 4235.0 3550.5
57252.3 3971.633333333333 4026.0666666666666
58129.5 3519.4666666666667 3601.0333333333333
56414.76666666667 4360.833333333333 4474.4
56371.4 4254.033333333334 4624.566666666667
56511.166666666664 4313.133333333333 4425.7
56761.4 4184.4 4304.2
57752.86666666667 3608.4 3888.733333333333
56397.1 4054.9333333333334 4797.966666666666
57308.333333333336 3878.366666666667 4063.3
56284.6 4111.1 4854.3
56509.76666666667 3865.3333333333335 4874.9
57013.566666666666 3358.766666666667 4877.666666666667
57883.9 3659.3 3706.8
56421.166666666664 4156.4 4672.433333333333
56783.166666666664 4092.8333333333335 4374.0
57112.566666666666 4157.6 3979.8333333333335
58065.7 3761.5666666666666 3422.733333333333
57793.26666666667 4045.0 3411.733333333333
57261.066666666666 4131.0 3857.9333333333334
55623.53333333333 4682.6 4943.866666666667
55632.833333333336 4674.033333333334 4943.133333333333
56054.53333333333 4502.366666666667 4693.1
56582.63333333333 4112.6 4554.766666666666
56587.03333333333 4167.2 4495.766666666666
55755.933333333334 4356.866666666667 5137.2
56873.86666666667 3840.4333333333334 4535.7
56259.8 4172.0 4818.2
55840.4 4147.633333333333 5261.966666666666
57599.1 3543.733333333333 4107.166666666667
56352.03333333333 3981.0333333333333 4916.933333333333
57175.433333333334 3935.9 4138.666666666667
55157.23333333333 4222.5 5870.266666666666
56529.433333333334 3571.5 5149.066666666667
56614.2 3716.3 4919.5
54942.26666666667 4370.266666666666 5937.466666666666
55486.933333333334 3993.5333333333333 5769.533333333334
57183.8 3233.0666666666666 4833.133333333333
55336.53333333333 4414.666666666667 5498.8
55799.166666666664 4416.9 5033.933333333333
57359.46666666667 3522.5 4368.033333333334
56376.9 4248.733333333334 4624.366666666667
56467.1 4268.6 4514.3
56653.833333333336 4013.4666666666667 4582.7
56043.46666666667 4318.633333333333 4887.9
55588.6 4154.433333333333 5506.966666666666
57869.63333333333 3171.3333333333335 4209.033333333334
58277.53333333333 3570.9666666666667 3401.5
57809.03333333333 3675.9 3765.0666666666666
58394.53333333333 3279.2 3576.266666666667
57571.2 3835.2 3843.6
58069.6 3300.133333333333 3880.266666666667
56191.566666666666 4093.9666666666667 4964.466666666666
55978.433333333334 4047.2 5224.366666666667
57002.36666666667 3734.3333333333335 4513.3
57948.63333333333 3224.3333333333335 4077.0333333333333
56548.0 4321.666666666667 4380.333333333333
56997.23333333333 4325.233333333334 3927.5333333333333
55814.3 5017.833333333333 4417.866666666667
55345.1 4851.733333333334 5053.166666666667
54842.03333333333 5107.3 5300.666666666667
56865.3 4551.433333333333 3833.266666666667
57434.76666666667 4000.5333333333333 3814.7
56539.53333333333 4447.166666666667 4263.3
58347.8 3711.5333333333333 3190.6666666666665
57683.5 3997.1 3569.4
56986.7 4155.733333333334 4107.566666666667
58175.76666666667 3759.866666666667 3314.366666666667
57923.566666666666 3785.766666666667 3540.6666666666665
57359.433333333334 4542.066666666667 3348.5
57813.46666666667 4208.266666666666 3228.266666666667
57337.36666666667 4191.266666666666 3721.366666666667
56361.63333333333 4864.533333333334 4023.8333333333335
56111.4 4964.8 4173.8
57529.833333333336 3721.9333333333334 3998.233333333333
54730.23333333333 5245.6 5274.166666666667
57409.9 4423.433333333333 3416.6666666666665
57417.03333333333 4456.1 3376.866666666667
57269.433333333334 4856.633333333333 3123.9333333333334
58646.73333333333 3875.4666666666667 2727.8
57050.9 4566.533333333334 3632.5666666666666
56833.86666666667 4816.233333333334 3599.9
58130.26666666667 4001.233333333333 3118.5
58735.6 3640.6666666666665 2873.733333333333
57201.4 4342.4 3706.2
57456.433333333334 4061.0 3732.5666666666666
57662.76666666667 3664.4333333333334 3922.8
57658.8 3892.4 3698.8
58076.066666666666 3798.233333333333 3375.7
58197.26666666667 3688.0666666666666 3364.6666666666665
57309.7 3892.5 4047.8
57062.4 4114.466666666666 4073.133333333333
58033.933333333334 3658.3333333333335 3557.733333333333
57072.1 3989.4 4188.5
56694.166666666664 3905.7 4650.133333333333
57906.666666666664 3797.8 3545.5333333333333
57577.666666666664 3632.766666666667 4039.5666666666666
56149.26666666667 3958.5333333333333 5142.2
56940.433333333334 3830.866666666667 4478.7
57606.76666666667 3782.8333333333335 3860.4
56518.6 3875.8 4855.6
57709.96666666667 3381.633333333333 4158.4
57444.76666666667 3956.6666666666665 3848.5666666666666
57125.9 4336.766666666666 3787.3333333333335
58442.833333333336 3518.1 3289.0666666666666
58730.26666666667 3187.8 3331.9333333333334
58070.933333333334 3352.6 3826.4666666666667
59052.86666666667 3369.5 2827.633333333333
58338.1 3602.5 3309.4
57559.03333333333 4038.0333333333333 3652.9333333333334
55516.26666666667 5227.366666666667 4506.366666666667
57417.166666666664 3989.366666666667 3843.4666666666667
56578.566666666666 4658.166666666667 4013.266666666667
56747.26666666667 4536.5 3966.233333333333
56504.96666666667 4139.3 4605.733333333334
57383.23333333333 3787.8333333333335 4078.9333333333334
56958.03333333333 3985.9666666666667 4306.0
56454.9 4257.2 4537.9
57784.1 3683.9333333333334 3781.9666666666667
57789.2 4165.033333333334 3295.766666666667
56865.933333333334 4511.6 3872.4666666666667
57364.666666666664 4157.2 3728.133333333333
57991.7 4050.733333333333 3207.5666666666666
57478.9 4303.6 3467.5
58446.833333333336 3905.0 2898.1666666666665
57655.2 3958.266666666667 3636.5333333333333
58267.26666666667 3678.266666666667 3304.4666666666667
57716.96666666667 4182.0 3351.0333333333333
58432.3 3907.133333333333 2910.5666666666666
57176.333333333336 4278.633333333333 3795.0333333333333
58313.76666666667 3561.633333333333 3374.6
57487.666666666664 3931.5666666666666 3830.766666666667
58462.76666666667 3522.3333333333335 3264.9
58323.566666666666 3703.9666666666667 3222.4666666666667
 
585.0333333333333
0.0
6.366666666666666
2.033333333333333
55.89942528735633
111.85714285714286
36.0
 
7919.533333333334 14150.0 10928.766666666666 641.1608865522325 
6138.466666666666 11584.8 9455.066666666668 1077.1106545857867 
5259.166666666667 9914.0 8384.833333333334 1877.8120366532962 
5473.433333333333 9688.866666666667 8305.833333333334 3862.675359212403 
6353.466666666666 10534.066666666668 9085.433333333332 4234.511484640885 
7581.2 12147.0 10839.333333333334 4635.02030982006 
8980.566666666668 13135.6 12130.733333333334 5008.748889493264 
8163.8 13683.866666666667 12600.866666666667 4538.556288182399 
8811.166666666666 14223.166666666666 13314.4 4629.165473387185 
8661.633333333333 14367.133333333333 13418.266666666666 4318.664277850014 
9369.666666666666 14629.866666666667 13923.533333333333 4540.28758859074 
9844.033333333333 14728.766666666666 14057.733333333334 4415.770927520282 
9745.5 14659.466666666667 14002.133333333333 4296.286214847527 
9480.5 14818.8 13905.666666666666 4190.310335510831 
9824.2 14840.8 14208.166666666666 4230.332016520689 
9708.733333333334 15046.266666666666 14241.066666666668 3928.386668256236 
10205.2 15084.866666666667 14355.3 3939.9334187267687 
9922.766666666666 15400.033333333333 14503.066666666668 3572.0476721965015 
10814.233333333334 15580.066666666668 14805.666666666666 3412.657279468759 
11167.8 15829.2 15177.4 3318.202955617192 
11473.033333333333 15927.833333333334 15178.3 3206.747239285732 
11867.433333333332 15966.533333333333 15324.733333333334 3278.3676635891024 
11845.9 16007.666666666666 15402.233333333334 3142.2822652404166 
11922.166666666666 16142.566666666668 15516.133333333333 2934.3051216221156 
11708.3 16254.0 15608.133333333333 2670.978173794928 
12511.4 16212.2 15656.766666666666 2884.1362524833826 
11599.4 16030.966666666667 15433.1 2827.217381160022 
11500.066666666668 16125.3 15424.2 2973.7793284528248 
11840.866666666667 16076.366666666667 15491.1 2909.806161699893 
11773.566666666668 15929.433333333332 15370.133333333333 2913.673439262998 
12345.333333333334 16201.366666666667 15680.333333333334 2867.393281013262 
12338.066666666668 16129.233333333334 15583.7 3006.474624262333 
12170.933333333332 16002.366666666667 15464.533333333333 2855.902158493685 
12786.2 16260.733333333334 15829.266666666666 2969.902398976176 
12186.833333333334 15982.966666666667 15492.933333333332 2935.1613151958486 
12522.8 16179.533333333333 15529.866666666667 2982.5106072829903 
12305.5 16294.633333333333 15692.366666666667 2896.7470749100617 
12560.233333333334 16217.866666666667 15672.1 2888.105186507814 
12209.0 16235.933333333332 15526.366666666667 2677.8332886869566 
12246.6 16079.066666666668 15464.433333333332 2974.587371160354 
12362.266666666666 16078.033333333333 15467.433333333332 2909.9678728467084 
12777.433333333332 16232.766666666666 15708.266666666666 2894.8655733710484 
12668.166666666666 16171.0 15579.8 2626.3965273101217 
12125.733333333334 16179.5 15569.233333333334 2709.4550161117886 
11935.833333333334 16159.5 15488.533333333333 2435.708630038586 
12332.866666666667 16509.133333333335 15998.666666666666 2015.1201176770248 
12792.3 16539.166666666668 16055.033333333333 2242.623561961897 
12141.066666666668 16336.7 15743.566666666668 2098.3613279572864 
11777.5 16352.666666666666 15768.3 2143.9935768715973 
12356.733333333334 16466.066666666666 15924.066666666668 2097.0254729550193 
12260.0 16406.3 15782.333333333334 2097.7572660131846 
12063.433333333332 16504.0 15915.633333333333 2068.455497681516 
12284.5 16455.966666666667 15900.433333333332 2075.77957899088 
12348.866666666667 16597.766666666666 16051.9 1692.4777032504742 
11990.8 16458.2 15737.033333333333 1429.3757512751267 
12248.166666666666 16863.7 16197.066666666668 1071.3328674547836 
12707.133333333333 16894.4 16334.033333333333 765.2848294734598 
12249.4 16730.966666666667 16113.4 778.6065900055048 
12200.3 16784.733333333334 16200.233333333334 713.4950266119588 
13042.766666666666 16783.8 16265.966666666667 835.324874591384 
12795.533333333333 16705.3 16117.2 949.1873424145521 
12307.3 16629.633333333335 16049.533333333333 1035.4756254977708 
12627.9 16865.666666666668 16443.833333333332 653.9292978262679 
13292.866666666667 16847.566666666666 16310.566666666668 750.4277667511452 
12537.4 16789.933333333334 16183.9 674.7301776759851 
12961.6 16843.233333333334 16259.366666666667 1096.6630577448218 
12609.166666666666 16713.9 16180.133333333333 801.3478372231513 
12889.066666666668 16881.9 16394.3 582.204205297992 
12671.833333333334 16830.033333333333 16340.7 945.45927587249 
12418.566666666668 16865.766666666666 16344.266666666666 894.6299101366503 
12959.0 16863.333333333332 16289.633333333333 1117.2721050248533 
12742.333333333334 16926.233333333334 16443.666666666668 663.1089168957592 
13177.8 16749.466666666667 16310.3 750.3280620279816 
13513.733333333334 16890.066666666666 16416.866666666665 892.5766446393026 
12882.6 16781.8 16215.7 879.7030553923674 
13074.866666666667 16832.833333333332 16363.833333333334 771.4560766642661 
12599.166666666666 16950.833333333332 16384.7 575.2749255790661 
13165.1 16909.033333333333 16394.033333333333 568.9820425793575 
13048.633333333333 16906.8 16402.833333333332 758.2866526291725 
11929.633333333333 16734.233333333334 16105.933333333332 673.4662202202705 
12900.3 16806.666666666668 16216.733333333334 721.3563050870829 
12823.133333333333 16831.966666666667 16377.466666666667 544.7940279489939 
12803.466666666667 16861.733333333334 16159.666666666666 724.7114066992461 
11738.066666666668 16724.566666666666 16051.5 604.9504370883066 
12134.866666666667 16689.966666666667 16049.8 1013.4302763387327 
11932.8 16615.633333333335 15968.066666666668 878.5220026334636 
12469.933333333332 16801.466666666667 16278.866666666667 1099.1461520956468 
12101.033333333333 16609.866666666665 15913.7 1185.746579023809 
11631.733333333334 16579.966666666667 15836.133333333333 885.7514592455129 
11732.166666666666 16602.733333333334 15857.266666666666 1225.0763968921374 
12037.9 16693.0 16142.433333333332 779.2261274281467 
12445.566666666668 16865.266666666666 16332.033333333333 631.7089721101356 
12879.266666666666 16660.266666666666 16178.5 879.946820362837 
12655.366666666667 16741.033333333333 16191.433333333332 684.4662736598331 
12903.033333333333 16803.733333333334 16078.333333333334 947.9299947194884 
13146.233333333334 16793.666666666668 16250.666666666666 974.4318038392083 
13328.9 16745.766666666666 16245.766666666666 1163.3316863885193 
12990.333333333334 16767.533333333333 16224.8 757.5330688051406 
13210.466666666667 16718.833333333332 16195.333333333334 840.5110764026583 
13127.8 16771.766666666666 16255.833333333334 750.6526542505087 
13462.666666666666 16932.633333333335 16485.666666666668 717.4660317936855 
13891.933333333332 16879.6 16490.5 716.8428832968444 
13327.4 16868.166666666668 16410.666666666668 679.3267545477981 
13487.9 16872.433333333334 16404.766666666666 747.974499342502 
13138.3 16911.7 16473.6 516.568735342484 
13325.0 16838.433333333334 16354.533333333333 687.2073680241406 
13497.333333333334 17058.1 16565.1 730.7696978756942 
12909.333333333334 16673.033333333333 16096.133333333333 888.2379645492905 
12959.633333333333 16747.333333333332 16125.866666666667 1109.2160494391223 
12866.5 16905.2 16375.766666666666 503.7078468715771 
13174.8 16897.966666666667 16386.466666666667 575.9688866018139 
13163.333333333334 16917.266666666666 16408.133333333335 433.2473513415223 
13088.8 16859.366666666665 16348.933333333332 640.4632471890952 
13017.1 16817.833333333332 16318.666666666666 725.7851344119232 
12717.566666666668 16807.233333333334 16237.466666666667 685.0238379469399 
12842.733333333334 16869.1 16392.533333333333 741.4252405558727 
13044.266666666666 16832.4 16295.866666666667 713.1680199410704 
12652.466666666667 16729.5 16241.7 700.0984542667316 
12389.966666666667 16708.066666666666 16090.333333333334 883.2254000096591 
12653.5 16883.333333333332 16320.4 758.3118795500085 
12389.166666666666 16805.933333333334 16254.533333333333 854.2856741161003 
12700.366666666667 16734.7 16136.233333333334 1187.1391580883292 
13149.233333333334 16814.333333333332 16349.3 842.7745532861483 
12930.333333333334 16941.7 16449.0 715.0855042114425 
12740.6 16810.533333333333 16260.5 876.8057702060739 
12460.0 16879.333333333332 16274.366666666667 826.3233090692232 
12399.4 16790.266666666666 16224.533333333333 557.1203939305519 
12409.033333333333 16758.566666666666 16185.533333333333 778.3183297626006 
12948.866666666667 16860.033333333333 16362.866666666667 750.1929135599427 
12783.3 16951.733333333334 16453.266666666666 626.3307907523343 
12836.933333333332 16814.433333333334 16299.3 669.8238253451426 
12598.066666666668 16847.766666666666 16285.2 730.9159773872781 
12577.8 16918.466666666667 16410.833333333332 563.0740662746873 
12816.2 16735.266666666666 16244.533333333333 827.1733687686032 
12537.8 16756.266666666666 16228.066666666668 732.2918807112064 
12648.633333333333 16766.066666666666 16243.566666666668 777.976882261506 
12654.066666666668 16676.0 16104.433333333332 964.4369854998305 
12649.333333333334 16787.666666666668 16288.933333333332 766.2672314538839 
11835.9 16687.2 15997.033333333333 1239.9757313485347 
12165.1 16735.233333333334 16184.4 589.6568748009302 
11878.0 16679.833333333332 16055.066666666668 889.9624784225458 
12521.333333333334 16739.666666666668 16196.366666666667 763.9955631052084 
12447.1 16688.633333333335 16107.633333333333 880.105421652555 
12715.366666666667 16843.366666666665 16216.633333333333 810.888331057023 
12516.9 16704.433333333334 16059.4 963.2308162290767 
12540.033333333333 16721.166666666668 16066.466666666667 889.0938178842545 
12392.033333333333 16776.866666666665 16163.066666666668 609.3617637422873 
13189.433333333332 16863.5 16358.2 702.5097026613466 
13315.6 16893.5 16465.733333333334 602.1723373660476 
13282.6 16788.0 16261.633333333333 658.3347382263493 
13620.966666666667 16887.333333333332 16445.1 650.320836715745 
12880.033333333333 16830.333333333332 16287.266666666666 621.8987149582051 
12930.0 16892.566666666666 16264.7 818.2595077357792 
11697.866666666667 16717.3 16085.4 694.9056422757458 
12814.533333333333 16802.333333333332 16300.4 735.308227208155 
12988.8 16802.666666666668 16359.433333333332 569.1810736097567 
12817.5 16928.633333333335 16375.8 576.0163238427655 
12899.666666666666 16723.633333333335 16242.433333333332 723.8141882493817 
12929.533333333333 16805.366666666665 16338.766666666666 617.128457364339 
13234.3 16816.666666666668 16338.333333333334 781.5348249864919 
12803.9 16767.366666666665 16267.266666666666 791.2544655306674 
12249.466666666667 16710.166666666668 16177.066666666668 534.2348126058428 
12517.133333333333 16713.833333333332 16158.866666666667 738.8165633858877 
12929.633333333333 16787.8 16273.466666666667 820.5774124223614 
12364.4 16588.033333333333 16039.7 779.5783785696814 
12696.533333333333 16584.433333333334 16039.1 928.0499598620756 
13217.166666666666 16802.2 16343.233333333334 763.1764276874501 
12074.0 16552.966666666667 15946.6 1057.7843195409293 
12588.6 16806.3 16276.133333333333 647.3424021850155 
12214.466666666667 16711.466666666667 16159.033333333333 835.6820493864078 
12404.733333333334 16708.8 16170.033333333333 912.6747561730606 
12224.9 16646.7 16077.533333333333 782.4257915113877 
12261.133333333333 16722.166666666668 16165.933333333332 869.9987504461018 
11915.333333333334 16620.4 15939.266666666666 985.0613723125183 
12210.933333333332 16702.4 16159.766666666666 704.9681806058105 
12758.8 16605.866666666665 15994.666666666666 749.8239898654734 
13021.633333333333 16685.266666666666 16149.2 758.449989342299 
13241.133333333333 16825.6 16333.966666666667 636.4897872096788 
12517.466666666667 16602.2 16022.4 831.3225192426825 
13237.266666666666 16916.366666666665 16447.166666666668 601.8397872819274 
13015.2 16802.366666666665 16288.1 575.5984639196553 
13645.2 16877.433333333334 16425.166666666668 723.8305846137079 
12617.7 16832.9 16381.166666666666 570.4612960870643 
13023.966666666667 16842.133333333335 16383.033333333333 582.5372491666665 
13236.7 16745.033333333333 16274.333333333334 798.2801994148283 
12525.5 16667.3 16065.1 852.8689004374197 
12926.466666666667 16702.233333333334 16092.266666666666 726.7017507585598 
13370.733333333334 16861.6 16401.933333333334 641.9561964114928 
13282.8 16699.666666666668 16223.5 892.3055401598717 
13152.666666666666 16958.533333333333 16509.266666666666 577.2990813550055 
13014.433333333332 16858.766666666666 16432.433333333334 650.6495298289753 
12956.9 16719.7 16189.566666666668 678.642850351592 
12568.633333333333 16669.266666666666 16105.466666666667 711.00862121668 
12321.6 16682.533333333333 16129.9 680.7977237525598 
12846.2 16822.4 16273.1 699.8857454375441 
12454.433333333332 16735.2 16070.3 1114.6329929622575 
12042.866666666667 16673.7 16004.9 1254.549344054137 
11896.8 16631.233333333334 15884.2 999.3460620158896 
11874.133333333333 16657.5 15973.933333333332 916.1275491618693 
11672.9 16624.2 15910.433333333332 909.9566998245332 
12343.033333333333 16748.166666666668 16132.733333333334 716.1334047818493 
12012.566666666668 16581.666666666668 15836.966666666667 960.4152068535544 
11550.533333333333 16619.8 15851.533333333333 1107.1974644720488 
12362.466666666667 16836.733333333334 16218.333333333334 832.0832113169665 
11871.466666666667 16853.233333333334 16328.066666666668 631.2699459555054 
12055.466666666667 16732.366666666665 16138.866666666667 667.6403817425465 
12807.366666666667 16652.766666666666 16052.433333333332 928.5360623045289 
12433.533333333333 16763.766666666666 16233.233333333334 698.2737280051587 
11905.2 16725.2 16081.466666666667 754.00972075962 
12567.766666666666 16845.466666666667 16317.133333333333 618.4746653393871 
12186.5 16656.033333333333 16001.333333333334 922.6494826193627 
12000.1 16660.833333333332 16089.6 877.9122429567398 
12380.6 16790.633333333335 16233.633333333333 752.1784667809154 
12355.133333333333 16785.9 16117.6 667.1260825361276 
12472.0 16772.866666666665 16177.666666666666 1018.7240513941393 
12498.4 16679.0 16025.466666666667 1056.6629801723286 
11787.0 16648.466666666667 15988.2 831.2622947461689 
12458.533333333333 16646.666666666668 15973.133333333333 1110.0560832178207 
12064.566666666668 16860.3 16272.2 792.797075129149 
12371.8 16621.5 16060.5 971.7234426522807 
12411.033333333333 16619.133333333335 16073.433333333332 766.5426301836634 
12667.933333333332 16707.466666666667 16174.033333333333 737.6302587038816 
12489.966666666667 16652.133333333335 16131.933333333332 688.2979246744181 
12260.333333333334 16732.266666666666 16227.166666666666 555.0506406326061 
12639.133333333333 16846.933333333334 16347.533333333333 506.80471266334746 
12978.3 16831.133333333335 16281.7 789.196872987554 
12969.033333333333 16666.9 16124.033333333333 855.1752920373175 
12849.366666666667 16812.5 16342.6 672.5437133252628 
12113.366666666667 16821.766666666666 16255.4 756.8410017962818 
13243.1 16808.6 16365.166666666666 641.5356127639716 
13309.4 16780.3 16337.866666666667 700.752977081717 
13143.833333333334 16719.5 16233.266666666666 639.701723027572 
13283.766666666666 16851.4 16405.1 445.77911346315875 
12957.9 16774.566666666666 16271.666666666666 758.5855899120562 
13183.4 16873.466666666667 16408.333333333332 575.8211059965682 
13481.9 16850.6 16391.033333333333 829.1886466098451 
12847.6 16873.766666666666 16386.433333333334 807.350361573792 
12637.666666666666 16723.5 16135.9 847.0220349357311 
12993.333333333334 16987.766666666666 16459.233333333334 583.9542195716677 
12651.133333333333 16883.3 16345.866666666667 620.599943961039 
11917.933333333332 16588.466666666667 15895.666666666666 1035.293998769861 
12235.1 16735.766666666666 16176.333333333334 910.707945623745 
12046.566666666668 16620.9 15969.833333333334 1025.4342852339848 
12613.633333333333 16795.9 16307.033333333333 750.6166833566474 
12875.8 16792.133333333335 16237.3 609.421911869492 
12682.166666666666 16656.833333333332 16069.733333333334 759.9787161493407 
12641.7 16788.466666666667 16248.5 637.2995373710334 
13178.866666666667 16915.8 16509.233333333334 551.5494531066296 
12780.833333333334 16792.866666666665 16320.8 739.7609985664291 
12664.633333333333 16680.133333333335 16136.633333333333 667.5477499358713 
13070.8 16873.1 16456.7 615.8652975015451 
12289.666666666666 16768.466666666667 16245.366666666667 822.2498382149095 
13158.266666666666 16717.966666666667 16197.266666666666 1003.2906829805385 
12841.033333333333 16843.166666666668 16310.033333333333 593.2526030284232 
12875.566666666668 16777.766666666666 16261.7 577.8871380584045 
12797.433333333332 16775.633333333335 16280.0 509.76343958088376 
13121.3 16638.933333333334 16141.9 873.1722565832393 
12663.733333333334 16675.566666666666 16105.2 882.8006284924509 
12953.333333333334 16767.233333333334 16263.033333333333 721.5807239818856 
12568.066666666668 16822.666666666668 16295.8 720.651304492448 
12691.8 16829.2 16319.533333333333 739.965728035202 
12551.033333333333 16675.033333333333 16112.5 721.769267610271 
12925.9 16813.066666666666 16286.266666666666 759.5213217693247 
12453.766666666666 16768.5 16194.333333333334 904.4430711769535 
12312.433333333332 16669.5 16117.633333333333 738.8300056320278 
12306.2 16755.166666666668 16190.266666666666 712.085334461787 
12212.266666666666 16651.8 16072.466666666667 1008.2529844020079 
12402.733333333334 16702.1 16161.633333333333 582.2242150199146 
12399.666666666666 16794.1 16201.666666666666 836.3189465349527 
12280.533333333333 16653.333333333332 16103.633333333333 816.3270179420881 
12355.766666666666 16766.033333333333 16165.066666666668 931.5896155973877 
12295.1 16634.2 15992.966666666667 799.7490138926227 
11579.933333333332 16804.933333333334 16157.766666666666 748.0612535080265 
12918.133333333333 16821.033333333333 16278.466666666667 774.54850619212 
12341.1 16641.7 16041.666666666666 928.6584632324917 
12195.166666666666 16823.433333333334 16247.766666666666 690.2991624409424 
12396.266666666666 16804.233333333334 16248.2 774.5049806166518 
12544.433333333332 16808.166666666668 16246.4 794.8484358668638 
12215.533333333333 16594.333333333332 16020.466666666667 864.4780089742019 
12367.066666666668 16860.933333333334 16304.333333333334 730.2061359643592 
12642.166666666666 16677.8 16127.633333333333 849.6234178217494 
13035.5 16738.0 16143.233333333334 804.9503654125375 
12722.566666666668 16563.533333333333 16043.433333333332 953.6752326890136 
12772.0 16701.266666666666 16243.766666666666 656.0769280774591 
12635.233333333334 16715.0 16095.933333333332 681.7126076613548 
13119.266666666666 16622.166666666668 16109.4 759.0377570758039 
12919.7 16910.8 16358.533333333333 877.9182544836141 
13246.166666666666 16609.4 16142.9 1001.2593541801909 
13139.933333333332 16640.666666666668 16084.833333333334 1006.9700084356477 
13477.066666666668 16865.866666666665 16453.2 580.2583151781054 
12461.3 16523.6 15991.0 736.7459702412134 
12630.766666666666 16675.1 16044.966666666667 741.554537516366 
12508.366666666667 16545.466666666667 15913.3 1091.6522895745393 
12461.7 16628.2 16004.166666666666 1045.5945834787021 
12058.833333333334 16614.3 16016.366666666667 925.9118812164459 
12217.333333333334 16588.933333333334 15970.566666666668 918.7254081969577 
12056.466666666667 16833.9 16282.466666666667 643.5873962062618 
12600.9 16734.333333333332 16136.0 728.4395763090671 
12487.033333333333 16671.566666666666 16132.166666666666 951.1869318558435 
12337.333333333334 16655.666666666668 16063.4 694.5014809199473 
12134.733333333334 16568.0 15788.166666666666 958.7748966490752 
11835.633333333333 16725.166666666668 16134.3 908.8659809528207 
12089.233333333334 16577.666666666668 15990.133333333333 1066.4507945621413 
12419.466666666667 16638.4 16096.666666666666 761.6212014876922 
12533.3 16858.333333333332 16254.266666666666 558.6792069992703 
12661.033333333333 16709.966666666667 16071.933333333332 823.7002210890938 
12804.1 16770.533333333333 16206.2 781.1648225566743 
12578.2 16797.966666666667 16241.6 858.3510418237983 
12825.5 16865.366666666665 16384.166666666668 616.9038350234717 
12362.133333333333 16643.8 16039.633333333333 812.033376982334 
11811.166666666666 16470.7 15851.566666666668 811.7522033642207 
11908.933333333332 16642.1 16012.633333333333 760.8922332805523 
12164.466666666667 16707.3 16048.8 872.8845465848656 
12730.266666666666 16841.933333333334 16306.766666666666 734.1927960541277 
12465.2 16839.5 16352.966666666667 725.6184471041086 
12322.366666666667 16809.233333333334 16307.266666666666 590.0522766859073 
12328.333333333334 16585.4 15976.166666666666 864.5674087208135 
13022.966666666667 16861.133333333335 16402.5 565.8002715917812 
12467.4 16777.433333333334 16211.866666666667 633.9841367626377 
12745.8 16793.133333333335 16269.466666666667 604.7052171650801 
13393.933333333332 16805.333333333332 16286.5 909.5672672577145 
12924.8 16652.866666666665 16074.033333333333 761.0014088905046 
12955.0 16724.433333333334 16220.9 776.4361918406432 
12880.433333333332 16709.766666666666 16210.666666666666 757.1607578461934 
13228.933333333332 16803.966666666667 16305.066666666668 599.556693547639 
12725.5 16720.0 16166.433333333332 523.3526020868826 
12799.833333333334 16736.133333333335 16244.266666666666 524.1149597178082 
12645.466666666667 16745.833333333332 16183.633333333333 689.9897901821125 
12511.533333333333 16802.733333333334 16259.966666666667 721.7006357671211 
13242.966666666667 16866.566666666666 16372.2 645.7783226464014 
12968.866666666667 16797.766666666666 16231.833333333334 846.8618896976188 
12561.166666666666 16665.366666666665 16065.633333333333 708.5544050310385 
12932.4 16725.333333333332 16189.866666666667 844.4815058168335 
12915.2 16669.833333333332 16153.166666666666 798.73352850344 
13222.033333333333 16764.166666666668 16277.7 682.0966732558271 
13034.133333333333 16819.133333333335 16309.733333333334 765.6356206882405 
12878.133333333333 16771.366666666665 16292.866666666667 869.383886950344 
12944.066666666668 16790.766666666666 16374.933333333332 738.9747268268983 
13090.866666666667 16823.366666666665 16336.5 662.9052089099921 
13228.7 16679.3 16165.433333333332 986.1802984805114 
13082.5 16826.9 16303.766666666666 795.5734265994004 
12538.333333333334 16854.6 16299.466666666667 718.9803893941291 
12436.5 16746.566666666666 16166.966666666667 800.9969153082509 
12313.0 16638.066666666666 16075.633333333333 750.159422908076 
12856.566666666668 16758.133333333335 16230.1 757.0454396313781 
12349.733333333334 16640.666666666668 16096.633333333333 909.280642779408 
13299.166666666666 16766.4 16300.1 865.4417369182054 
12941.033333333333 16709.533333333333 16247.733333333334 670.6036569970207 
13366.333333333334 16865.333333333332 16381.133333333333 759.9851334803271 
13537.033333333333 16834.533333333333 16406.2 510.4318811882086 
13046.266666666666 16845.0 16301.7 713.9247703131379 
12956.8 16753.666666666668 16268.3 704.536304955252 
13085.366666666667 16786.566666666666 16315.2 738.2401872019703 
12976.0 16804.466666666667 16302.3 660.8319418228309 
12381.933333333332 16809.0 16261.6 675.3940610241307 
13089.333333333334 16785.266666666666 16233.966666666667 1026.1132587476775 
13478.0 16866.033333333333 16350.866666666667 843.9112778538328 
12590.166666666666 16830.733333333334 16259.4 694.8557677676713 
13306.233333333334 16760.566666666666 16253.166666666666 845.0011852062697 
12996.933333333332 16760.7 16252.0 731.8231678486271 
12689.6 16831.466666666667 16303.0 620.7772356758367 
12669.7 16741.133333333335 16138.1 832.0052990616508 
12522.466666666667 16943.5 16354.366666666667 581.489562818342 
12605.966666666667 16781.3 16236.233333333334 608.7037151922841 
12602.3 16766.033333333333 16240.833333333334 629.7789665165602 
12506.3 16790.433333333334 16260.933333333332 636.0646135941431 
13034.6 16832.933333333334 16265.066666666668 838.2403310241971 
12977.5 16879.033333333333 16318.0 499.60844601881325 
12743.366666666667 16847.266666666666 16283.866666666667 585.2705457972216 
12997.466666666667 16769.733333333334 16291.966666666667 627.386669801363 
13425.033333333333 16718.666666666668 16244.433333333332 667.3205748863634 
13095.533333333333 16790.3 16241.933333333332 655.310439749318 
12195.2 16739.2 16232.2 648.4933358691258 
12436.466666666667 16754.0 16217.533333333333 772.4404253907081 
13085.666666666666 16763.766666666666 16288.2 730.7523175924019 
12540.0 16838.166666666668 16274.766666666666 706.5788257512392 
12365.433333333332 16609.6 15998.866666666667 754.6904570013381 
11822.033333333333 16669.4 15986.733333333334 945.4801317614007 
11824.666666666666 16438.433333333334 15803.6 945.4240949612682 
12497.6 16706.533333333333 16087.1 855.6965184378552 
12009.2 16611.066666666666 15958.633333333333 813.7687808380625 
12109.7 16784.8 16233.966666666667 574.3152950349754 
12221.3 16685.266666666666 16112.233333333334 850.0021608469265 
12440.333333333334 16745.566666666666 16227.8 747.4117956878475 
12326.433333333332 16670.466666666667 16110.266666666666 863.1018363373404 
12703.966666666667 16799.5 16300.666666666666 736.2833190347918 
12702.233333333334 16616.766666666666 16022.3 982.4501378356733 
12426.5 16657.5 16127.866666666667 738.511939194847 
12427.366666666667 16665.633333333335 16046.266666666666 922.0551922502015 
12617.5 16804.4 16262.7 754.1492555632913 
12588.033333333333 16810.4 16241.7 633.2512345033366 
13389.066666666668 16815.1 16275.133333333333 815.315606035138 
12846.233333333334 16798.433333333334 16204.1 651.0268980618235 
12388.466666666667 16735.366666666665 16185.233333333334 663.8362621912123 
12876.733333333334 16818.066666666666 16352.433333333332 594.8399531713459 
13210.866666666667 16737.833333333332 16289.066666666668 750.7170222157242 
13192.033333333333 16776.733333333334 16355.4 630.9848978647058 
13155.4 16676.533333333333 16210.666666666666 797.3751111546491 
13505.633333333333 16943.266666666666 16454.9 718.9119848771475 
13028.066666666668 16763.9 16246.366666666667 552.0126826240296 
13113.633333333333 16844.333333333332 16408.833333333332 635.8730135281204 
13380.766666666666 16887.733333333334 16455.5 591.2248272301606 
12553.166666666666 16594.633333333335 16054.266666666666 945.2926201858223 
12609.566666666668 16823.133333333335 16237.9 627.9495712236773 
12288.4 16683.666666666668 16109.066666666668 747.2055276532392 
12823.3 16957.433333333334 16464.933333333334 568.893331634128 
12975.266666666666 16696.833333333332 16095.766666666666 886.4750981650114 
13184.933333333332 16855.666666666668 16368.733333333334 721.5697416820573 
12821.9 16674.733333333334 16137.033333333333 911.2639779144376 
12894.9 16623.433333333334 16077.733333333334 812.4691408840637 
12650.666666666666 16768.166666666668 16191.866666666667 710.2885774262617 
13320.433333333332 16823.466666666667 16308.6 758.3406622356472 
12815.733333333334 16697.566666666666 16106.466666666667 710.3960740319445 
13165.433333333332 16848.6 16377.766666666666 686.668813346159 
12998.0 16622.9 16062.433333333332 813.260894383428 
12588.7 16768.166666666668 16196.333333333334 690.1172865696252 
12043.8 16808.9 16137.566666666668 723.0748759445471 
12468.8 16668.866666666665 16112.0 800.0891671140997 
12732.9 16868.3 16331.933333333332 575.7270612982435 
12331.1 16815.533333333333 16225.166666666666 749.9255571203201 
12369.933333333332 16868.033333333333 16279.7 553.589616653588 
12596.133333333333 16852.633333333335 16321.366666666667 680.5709816845787 
13283.8 16903.2 16429.533333333333 729.3259813767169 
13095.5 16877.466666666667 16349.066666666668 879.7964416714685 
12948.633333333333 16825.666666666668 16307.7 722.3195020210933 
13023.066666666668 16854.466666666667 16344.366666666667 662.9511595886986 
13252.133333333333 16890.866666666665 16461.6 827.7702390559027 
13618.066666666668 16901.066666666666 16422.266666666666 969.335286965019 
13078.0 16848.366666666665 16295.466666666667 810.2734042010486 
12715.7 16828.733333333334 16375.533333333333 533.5663973052776 
12461.9 16716.866666666665 16139.6 780.3851907872162 
12109.633333333333 16659.166666666668 16136.266666666666 704.4427919363725 
12265.166666666666 16597.966666666667 15984.633333333333 982.5586429770435 
12495.933333333332 16912.066666666666 16387.566666666666 548.851222200617 
12582.0 16780.066666666666 16171.133333333333 953.37260117263 
12731.9 16722.4 16149.066666666668 980.9960526594045 
12622.1 16862.133333333335 16262.433333333332 796.9920207323977 
12793.166666666666 16843.933333333334 16307.966666666667 730.2483105081448 
12772.566666666668 16788.866666666665 16203.0 700.0353274418845 
13119.566666666668 16784.833333333332 16287.433333333332 881.6435328407962 
12351.5 16775.3 16193.533333333333 1097.8414608271592 
12803.3 16871.3 16350.8 651.2884391726911 
12859.533333333333 16915.766666666666 16345.233333333334 721.9053038853349 
12527.133333333333 16749.2 16165.266666666666 785.4334298830024 
12497.066666666668 16756.7 16227.9 720.3029129007692 
13134.4 16820.733333333334 16270.5 677.3819889840591 
12752.1 16780.466666666667 16321.3 621.0070509529932 
13031.7 16887.033333333333 16418.9 501.42423954172796 
13016.066666666668 16787.266666666666 16251.5 819.8815723424127 
12127.166666666666 16874.166666666668 16309.466666666667 524.1838146638598 
12673.6 16779.233333333334 16218.866666666667 670.7199824732292 
13342.033333333333 16859.9 16409.9 584.5012822911514 
13557.2 16849.733333333334 16422.3 781.2525547691561 
13418.566666666668 16929.533333333333 16567.766666666666 697.924023642816 
13109.933333333332 16920.9 16430.766666666666 618.9392557701711 
13597.033333333333 17013.2 16565.266666666666 594.1517354832664 
12965.633333333333 16748.333333333332 16186.9 885.2774143359435 
13219.9 16838.233333333334 16387.933333333334 930.1722058008638 
13098.633333333333 16805.8 16258.2 778.5415306841376 
12963.466666666667 16823.133333333335 16355.066666666668 579.2552024415105 
12920.166666666666 16801.233333333334 16297.833333333334 797.1299528795655 
12682.866666666667 16715.366666666665 16194.233333333334 839.1862852390602 
13159.966666666667 16820.266666666666 16288.7 752.4917310730617 
13187.4 16759.933333333334 16264.533333333333 579.6417807577368 
13279.033333333333 16898.666666666668 16438.466666666667 644.2548196689465 
13578.9 16894.333333333332 16466.666666666668 663.5573445871544 
12636.366666666667 16810.666666666668 16265.933333333332 624.8028151167198 
12688.866666666667 16760.166666666668 16197.133333333333 844.687565842477 
13082.333333333334 16853.666666666668 16327.433333333332 672.4497849901758 
12311.2 16623.133333333335 16068.533333333333 749.1298923862719 
12384.266666666666 16652.5 16049.266666666666 792.498113772729 
12430.6 16659.566666666666 16083.133333333333 759.8105426135301 
12303.7 16709.666666666668 16120.233333333334 699.3068147180543 
13168.666666666666 16793.1 16260.966666666667 863.5177311439526 
12051.466666666667 16626.3 16034.4 805.9399766732013 
12459.4 16807.7 16199.066666666668 876.9662884056603 
12058.466666666667 16660.733333333334 16017.5 880.6033225389664 
12393.866666666667 16625.8 16038.066666666668 916.9244630223845 
12435.033333333333 16687.866666666665 16088.2 1097.0011563348507 
12764.866666666667 16805.333333333332 16292.3 822.9834803931363 
11998.166666666666 16701.5 16049.466666666667 907.2446233881282 
12342.5 16774.266666666666 16115.466666666667 719.0726805329825 
12334.066666666668 16759.133333333335 16187.866666666667 753.1333086955236 
13062.633333333333 16844.1 16338.866666666667 723.3090542008225 
12885.1 16826.133333333335 16312.666666666666 577.6089334489209 
12469.2 16770.6 16214.866666666667 725.7921038424157 
11965.833333333334 16626.0 15942.6 741.7509492185816 
11369.4 16635.5 15943.6 874.6690827583501 
12167.966666666667 16629.033333333333 16010.666666666666 891.9443770026619 
12277.6 16636.233333333334 16077.3 842.47613813884 
11348.733333333334 16707.366666666665 16083.666666666666 757.480362928454 
11812.0 16614.566666666666 15936.366666666667 909.4240741626904 
12024.933333333332 16752.733333333334 16108.333333333334 970.6646449727116 
11858.766666666666 16666.466666666667 16018.633333333333 830.6113201197724 
12084.533333333333 16573.366666666665 15932.466666666667 1134.2809956091128 
11927.233333333334 16769.566666666666 16223.733333333334 750.9500632902 
11475.066666666668 16731.833333333332 16018.1 968.0032821914052 
11995.933333333332 16788.266666666666 16178.3 615.2819611094304 
11325.766666666666 16558.566666666666 15803.2 867.4209153192775 
11959.5 16692.5 16012.533333333333 1026.5136402730682 
11817.133333333333 16696.933333333334 16044.0 827.3528088629017 
11051.366666666667 16581.9 15774.966666666667 1057.5490547067363 
11012.466666666667 16646.566666666666 15846.3 797.9002389605691 
11646.4 16770.966666666667 16109.633333333333 827.3635484678622 
11404.633333333333 16673.4 15858.3 822.1557545055965 
11717.5 16666.166666666668 15951.066666666668 1047.8621730297677 
11874.733333333334 16828.566666666666 16173.633333333333 1005.533725883368 
11773.3 16705.3 16049.833333333334 724.7143172006163 
11793.966666666667 16696.233333333334 16069.9 809.6166022671883 
11736.466666666667 16718.533333333333 16081.733333333334 722.6542019220226 
11567.0 16682.766666666666 15990.133333333333 840.9978943691436 
11446.733333333334 16617.766666666666 15882.766666666666 849.760646888287 
12351.566666666668 16814.3 16240.7 882.8077469075582 
11902.233333333334 17055.033333333333 16362.166666666666 716.9037980556852 
12454.5 16873.4 16278.966666666667 692.2570918540466 
12291.866666666667 16880.166666666668 16356.366666666667 563.1245997902142 
12520.366666666667 16811.166666666668 16247.3 690.2298660591266 
12443.9 16865.033333333333 16293.4 722.8838555858518 
11938.266666666666 16657.433333333334 15997.266666666666 892.5509640600052 
11701.633333333333 16723.933333333334 15949.866666666667 943.4472291666461 
11755.266666666666 16800.266666666666 16123.433333333332 863.9435363494538 
12437.4 16866.433333333334 16261.8 949.9562961877069 
12702.566666666668 16769.9 16091.233333333334 880.5467827813959 
12396.166666666666 16981.366666666665 16181.6 770.2231566241046 
11764.833333333334 16832.7 16014.266666666666 946.3099465819851 
11880.733333333334 16630.466666666667 15903.766666666666 1302.8179427686741 
11763.233333333334 16580.466666666667 15828.666666666666 1334.29679802592 
12287.7 16805.166666666668 16177.766666666666 712.7200598177849 
12431.666666666666 16890.533333333333 16236.533333333333 909.6158218354238 
12249.166666666666 16743.233333333334 16102.166666666666 955.1543363945606 
12203.7 16931.533333333333 16390.2 619.0824161612089 
12731.7 16889.033333333333 16286.0 873.5718816063928 
12296.2 16806.8 16162.5 865.4826788176258 
12560.5 16922.366666666665 16360.633333333333 864.1320572947428 
12756.533333333333 16895.6 16312.866666666667 712.6250043169814 
12757.1 16822.833333333332 16275.6 631.7771347556037 
12531.1 16902.033333333333 16333.133333333333 683.6203984018549 
12021.833333333334 16795.633333333335 16236.2 591.1864257575606 
12392.733333333334 16689.5 16108.333333333334 910.0822042235772 
12315.966666666667 16743.966666666667 16068.333333333334 691.2034976120358 
12593.933333333332 16765.633333333335 16227.7 894.6331274140626 
12196.4 16518.0 15820.2 1332.6714828994177 
12478.233333333334 16818.9 16273.9 737.5560681512061 
12736.266666666666 16792.833333333332 16278.566666666668 604.9625557742306 
12882.866666666667 16822.666666666668 16289.033333333333 694.8184022542227 
13229.1 16975.333333333332 16466.433333333334 643.6123762707557 
12847.866666666667 16721.133333333335 16216.366666666667 604.8197874849443 
12513.933333333332 16730.1 16197.966666666667 707.4580505035068 
13302.0 16800.166666666668 16375.766666666666 717.547193724721 
13163.933333333332 16926.2 16460.7 551.7810048681753 
12749.066666666668 16851.9 16224.033333333333 668.6207872262954 
12950.233333333334 16792.033333333333 16246.9 781.591703299534 
13033.066666666668 16767.1 16248.466666666667 918.1731125204853 
13186.733333333334 16810.433333333334 16270.566666666668 889.491632213467 
13069.2 16864.7 16344.633333333333 793.8602746495551 
12770.8 16908.3 16357.8 534.9488960016025 
12518.3 16782.066666666666 16200.7 855.5923482204207 
12594.3 16758.233333333334 16173.4 689.3926365528815 
12559.666666666666 16886.033333333333 16322.133333333333 623.1074710228122 
12355.733333333334 16792.7 16162.866666666667 884.033455500664 
12255.266666666666 16747.9 16078.933333333332 931.3236901791389 
12406.0 16806.933333333334 16310.633333333333 560.090960073054 
12713.6 16765.033333333333 16228.3 800.415759673267 
12242.833333333334 16586.033333333333 15975.2 854.5397111895971 
12456.133333333333 16713.033333333333 16120.7 944.794805235507 
12187.0 16853.133333333335 16249.166666666666 848.5614873943365 
12034.066666666668 16668.9 16040.866666666667 1156.9614420733494 
12177.633333333333 16833.733333333334 16229.733333333334 968.3917724764082 
12859.366666666667 16772.433333333334 16234.133333333333 791.5743665492066 
12611.466666666667 16698.0 16208.4 666.8684670407902 
12942.366666666667 16842.366666666665 16389.933333333334 640.202934232576 
13307.5 16835.7 16414.3 737.4028582351261 
12803.433333333332 16819.233333333334 16299.0 931.9287422687783 
12777.6 16932.433333333334 16497.133333333335 638.2864867927426 
12708.0 16877.666666666668 16377.4 722.4274909405557 
13133.833333333334 16771.2 16265.233333333334 733.6736623170942 
11988.066666666668 16600.166666666668 15975.6 795.7289892503185 
13004.566666666668 16759.9 16231.966666666667 820.3220469899475 
12169.233333333334 16824.166666666668 16131.066666666668 787.9191405919208 
11777.666666666666 16763.133333333335 16152.7 888.296822576778 
12176.366666666667 16671.8 16064.5 919.0007785633262 
12220.7 16765.633333333335 16205.033333333333 679.0410189704627 
12192.333333333334 16784.8 16139.833333333334 910.0883066433106 
12410.033333333333 16674.2 16066.233333333334 1052.9338936725537 
12550.966666666667 16855.333333333332 16274.733333333334 835.7416599776647 
13087.666666666666 16798.7 16323.933333333332 807.8012795373763 
13048.166666666666 16746.166666666668 16173.933333333332 853.4600861590812 
13085.5 16734.466666666667 16238.2 759.8054584343724 
13009.033333333333 16845.7 16352.933333333332 774.258037665021 
13055.466666666667 16811.933333333334 16275.733333333334 645.0740901460681 
12967.333333333334 16906.566666666666 16429.4 538.4407977360803 
13179.166666666666 16776.3 16276.366666666667 680.7236533441618 
13445.0 16867.933333333334 16370.833333333334 725.1987882259901 
13015.466666666667 16821.1 16311.2 602.5072696656862 
13226.833333333334 16893.566666666666 16426.733333333334 560.4219430234884 
12947.633333333333 16707.366666666665 16212.6 734.5652017803912 
12998.166666666666 16826.933333333334 16368.466666666667 633.6215736191087 
13070.2 16743.933333333334 16240.2 826.1274245942128 
12856.533333333333 16861.5 16394.266666666666 557.6080776156513 
13034.266666666666 16854.066666666666 16384.7 480.71076993690633 
 
1.3333333333333333 1.5233333333333339 1.527777777777778 1.506666666666667 
1.4899999999999998 1.048888888888889 1.9555555555555553 1.0311111111111115 
1.5122222222222217 1.8288888888888886 1.1166666666666667 1.69 
 
870.0
1305.0
1535.0666666666666
1673.3
1749.6666666666667
1770.9333333333334
1808.6333333333334
1825.0666666666666
1874.3666666666666
1863.7333333333333
1888.8666666666666
1871.4666666666667
1926.5666666666666
1955.5666666666666
1982.6333333333334
1983.6
1990.3666666666666
1960.4
1984.5666666666666
1953.6333333333334
1933.3333333333333
1947.8333333333333
1913.0333333333333
1917.8666666666666
1908.2
1893.7
1892.7333333333333
1958.4666666666667
2006.8
2005.8333333333333
2020.3333333333333
1963.3
2034.8333333333333
2058.0333333333333
2030.9666666666667
2036.7666666666667
2045.4666666666667
2039.6666666666667
1966.2
1960.4
1953.6333333333334
1961.3666666666666
1953.6333333333334
2016.4666666666667
2043.5333333333333
2078.3333333333335
2012.6
1933.3333333333333
1941.0666666666666
1940.1
1962.3333333333333
1973.9333333333334
1961.3666666666666
1952.6666666666667
1984.5666666666666
1971.0333333333333
1931.4
1949.7666666666667
1982.6333333333334
2000.0333333333333
2002.9333333333334
2038.7
2023.2333333333333
1993.2666666666667
1977.8
2038.7
2026.1333333333334
2018.4
2037.7333333333333
2040.6333333333334
2002.9333333333334
1969.1
2001.9666666666667
1977.8
1949.7666666666667
1947.8333333333333
1976.8333333333333
1994.2333333333333
2032.9
2015.5
2019.3666666666666
2032.9
2033.8666666666666
2008.7333333333333
2028.0666666666666
2075.4333333333334
2035.8
1920.7666666666667
1957.5
1999.0666666666666
2014.5333333333333
1972.0
2002.9333333333334
2008.7333333333333
2049.3333333333335
2103.4666666666667
2075.4333333333334
2099.6
2047.4
2016.4666666666667
2071.5666666666666
2052.233333333333
1964.2666666666667
1931.4
1974.9
1993.2666666666667
2011.6333333333334
1946.8666666666666
2022.2666666666667
2000.0333333333333
2030.9666666666667
2023.2333333333333
2010.6666666666667
1943.0
1967.1666666666667
2003.9
1985.5333333333333
1962.3333333333333
1994.2333333333333
1976.8333333333333
2010.6666666666667
2046.4333333333334
2030.9666666666667
2018.4
1980.7
2016.4666666666667
2025.1666666666667
2059.9666666666667
2136.3333333333335
2032.9
1991.3333333333333
1985.5333333333333
1978.7666666666667
2010.6666666666667
1993.2666666666667
1996.1666666666667
1992.3
2052.233333333333
2087.0333333333333
2128.6
2125.7
2091.866666666667
2040.6333333333334
2009.7
2063.8333333333335
2041.6
2054.1666666666665
2060.9333333333334
2036.7666666666667
2024.2
2029.0333333333333
1988.4333333333334
2041.6
2033.8666666666666
2107.3333333333335
2084.133333333333
2097.6666666666665
2082.2
2062.866666666667
2096.7
2035.8
2028.0666666666666
2044.5
2085.1
2141.1666666666665
2127.633333333333
2138.266666666667
2106.366666666667
2117.0
2063.8333333333335
2067.7
2050.3
2014.5333333333333
2010.6666666666667
2004.8666666666666
2023.2333333333333
2025.1666666666667
2091.866666666667
2088.9666666666667
2036.7666666666667
2060.9333333333334
2034.8333333333333
2056.1
2062.866666666667
2035.8
2027.1
2084.133333333333
2073.5
2059.9666666666667
2091.866666666667
2095.733333333333
2029.0333333333333
2014.5333333333333
1992.3
2013.5666666666666
2037.7333333333333
2064.8
2055.133333333333
2099.6
2090.9
2072.5333333333333
2092.8333333333335
2058.0333333333333
2084.133333333333
2039.6666666666667
2020.3333333333333
2007.7666666666667
2043.5333333333333
2017.4333333333334
1958.4666666666667
1975.8666666666666
2016.4666666666667
1999.0666666666666
1939.1333333333334
1933.3333333333333
1965.2333333333333
1971.0333333333333
2000.0333333333333
1976.8333333333333
1986.5
2030.0
2059.0
2006.8
2036.7666666666667
1984.5666666666666
1996.1666666666667
2009.7
2004.8666666666666
2056.1
2088.9666666666667
2065.766666666667
2067.7
2084.133333333333
2065.766666666667
2003.9
2024.2
2007.7666666666667
1989.4
2033.8666666666666
2001.0
2022.2666666666667
2061.9
2065.766666666667
1997.1333333333334
2030.0
2069.633333333333
2085.1
2055.133333333333
2086.0666666666666
2045.4666666666667
1980.7
2045.4666666666667
2013.5666666666666
1990.3666666666666
2006.8
2019.3666666666666
2023.2333333333333
2039.6666666666667
2113.133333333333
2040.6333333333334
2054.1666666666665
2018.4
2030.0
2043.5333333333333
2085.1
2041.6
2058.0333333333333
1970.0666666666666
2011.6333333333334
1972.0
2003.9
2041.6
2065.766666666667
2083.1666666666665
2015.5
2072.5333333333333
2077.366666666667
2048.366666666667
2011.6333333333334
2014.5333333333333
2063.8333333333335
2113.133333333333
2097.6666666666665
2136.3333333333335
2079.3
2020.3333333333333
2019.3666666666666
2059.9666666666667
2114.1
2131.5
2088.0
2089.9333333333334
2120.866666666667
2072.5333333333333
2061.9
2024.2
2035.8
2046.4333333333334
2044.5
2101.5333333333333
2007.7666666666667
2071.5666666666666
2041.6
2064.8
2054.1666666666665
2057.0666666666666
2015.5
2034.8333333333333
2032.9
1995.2
2004.8666666666666
2037.7333333333333
2007.7666666666667
1996.1666666666667
1987.4666666666667
1928.5
2021.3
2060.9333333333334
2041.6
2068.6666666666665
2092.8333333333335
1988.4333333333334
2044.5
2037.7333333333333
1990.3666666666666
1959.4333333333334
1993.2666666666667
1970.0666666666666
2001.0
2058.0333333333333
2038.7
2032.9
2068.6666666666665
2073.5
2043.5333333333333
2076.4
1998.1
2059.9666666666667
2018.4
1989.4
2012.6
1988.4333333333334
1991.3333333333333
1984.5666666666666
1992.3
1968.1333333333334
2000.0333333333333
2073.5
2078.3333333333335
2080.266666666667
2041.6
1999.0666666666666
2009.7
2000.0333333333333
2066.733333333333
2051.266666666667
2025.1666666666667
2034.8333333333333
2062.866666666667
2082.2
2077.366666666667
2060.9333333333334
2061.9
2023.2333333333333
2017.4333333333334
2036.7666666666667
2021.3
2014.5333333333333
2017.4333333333334
2034.8333333333333
2042.5666666666666
2077.366666666667
2088.0
2117.9666666666667
2193.366666666667
2015.5
1994.2333333333333
2032.9
2026.1333333333334
2088.0
2111.2
2108.3
2078.3333333333335
2070.6
2036.7666666666667
1986.5
2030.0
2036.7666666666667
2042.5666666666666
1966.2
1999.0666666666666
2038.7
2041.6
1995.2
2073.5
2040.6333333333334
2030.9666666666667
1993.2666666666667
2024.2
2016.4666666666667
2045.4666666666667
2097.6666666666665
2030.0
1991.3333333333333
1945.9
1984.5666666666666
1972.0
1930.4333333333334
1914.9666666666667
1943.0
1974.9
2005.8333333333333
1970.0666666666666
2018.4
1999.0666666666666
1979.7333333333333
2005.8333333333333
2001.0
1991.3333333333333
2000.0333333333333
2048.366666666667
1994.2333333333333
1989.4
1957.5
2002.9333333333334
1998.1
2003.9
2039.6666666666667
1996.1666666666667
2057.0666666666666
2066.733333333333
2053.2
2079.3
2046.4333333333334
2054.1666666666665
2070.6
2041.6
2015.5
2072.5333333333333
2057.0666666666666
2010.6666666666667
1931.4
1942.0333333333333
1964.2666666666667
2015.5
2033.8666666666666
2051.266666666667
2047.4
1967.1666666666667
1972.9666666666667
2041.6
2063.8333333333335
2084.133333333333
2048.366666666667
2023.2333333333333
1999.0666666666666
1971.0333333333333
2018.4
2086.0666666666666
2039.6666666666667
1995.2
2025.1666666666667
1964.2666666666667
1984.5666666666666
1975.8666666666666
1966.2
2011.6333333333334
2060.9333333333334
2074.4666666666667
1982.6333333333334
2039.6666666666667
2004.8666666666666
1979.7333333333333
2048.366666666667
1984.5666666666666
1968.1333333333334
1954.6
2020.3333333333333
2036.7666666666667
2069.633333333333
2023.2333333333333
2038.7
1978.7666666666667
1971.0333333333333
2037.7333333333333
2044.5
2061.9
2011.6333333333334
2011.6333333333334
2058.0333333333333
2107.3333333333335
2024.2
2042.5666666666666
1981.6666666666667
2042.5666666666666
2002.9333333333334
1955.5666666666666
1982.6333333333334
1973.9333333333334
1978.7666666666667
1993.2666666666667
1965.2333333333333
1976.8333333333333
1973.9333333333334
1932.3666666666666
1982.6333333333334
1980.7
1973.9333333333334
1948.8
1990.3666666666666
2043.5333333333333
2054.1666666666665
2004.8666666666666
1972.9666666666667
1972.9666666666667
1914.0
1941.0666666666666
1957.5
2006.8
2025.1666666666667
1999.0666666666666
2008.7333333333333
2046.4333333333334
2117.9666666666667
2046.4333333333334
2026.1333333333334
1996.1666666666667
1987.4666666666667
2029.0333333333333
1971.0333333333333
2000.0333333333333
1976.8333333333333
1971.0333333333333
1999.0666666666666
1991.3333333333333
1957.5
1976.8333333333333
1968.1333333333334
2007.7666666666667
1981.6666666666667
2015.5
2075.4333333333334
2090.9
2113.133333333333
2072.5333333333333
2099.6
2036.7666666666667
2074.4666666666667
2089.9333333333334
2107.3333333333335
2049.3333333333335
2078.3333333333335
2061.9
2063.8333333333335
2060.9333333333334
2019.3666666666666
1950.7333333333333
1977.8
1961.3666666666666
2005.8333333333333
1949.7666666666667
2015.5
2017.4333333333334
2033.8666666666666
1991.3333333333333
1943.9666666666667
1983.6
2016.4666666666667
2046.4333333333334
2028.0666666666666
2065.766666666667
2037.7333333333333
2039.6666666666667
2059.0
2007.7666666666667
2014.5333333333333
1997.1333333333334
1972.9666666666667
1983.6
1997.1333333333334
2011.6333333333334
2021.3
2041.6
2030.9666666666667
2031.9333333333334
2045.4666666666667
2054.1666666666665
2042.5666666666666
2040.6333333333334
2016.4666666666667
2015.5
2014.5333333333333
1969.1
1978.7666666666667
1977.8
1975.8666666666666
1993.2666666666667
2003.9
2010.6666666666667
2025.1666666666667
