16906.066666666666 32314.633333333335 16029.3
6814.4 24252.7 34182.9
2897.8 14342.2 48010.0
1666.9 8721.966666666667 54861.13333333333
2886.1 8542.066666666668 53821.833333333336
4798.133333333333 9047.833333333334 51404.03333333333
7297.0 8568.9 49384.1
10512.833333333334 8360.2 46376.96666666667
12480.1 10342.0 42427.9
13141.633333333333 10693.233333333334 41415.13333333333
12697.1 12342.766666666666 40210.13333333333
11471.5 13052.666666666666 40725.833333333336
11184.766666666666 11488.6 42576.63333333333
10639.433333333332 12042.266666666666 42568.3
9607.333333333334 12153.866666666667 43488.8
10661.433333333332 10948.2 43640.36666666667
12212.933333333332 11889.633333333333 41147.433333333334
12505.333333333334 9675.333333333334 43069.333333333336
13159.3 10605.933333333332 41484.76666666667
13802.033333333333 9661.366666666667 41786.6
13183.133333333333 10057.633333333333 42009.23333333333
13403.2 11663.766666666666 40183.03333333333
14521.966666666667 11203.033333333333 39525.0
15352.766666666666 9852.266666666666 40044.96666666667
17183.8 10828.766666666666 37237.433333333334
20066.666666666668 11349.3 33834.03333333333
22958.033333333333 11678.066666666668 30613.9
24612.2 13430.4 27207.4
24564.266666666666 15055.7 25630.033333333333
23322.466666666667 14242.666666666666 27684.866666666665
24072.1 13515.966666666667 27661.933333333334
25064.466666666667 12701.6 27483.933333333334
25819.566666666666 13240.666666666666 26189.766666666666
26664.866666666665 13149.433333333332 25435.7
27913.933333333334 14621.7 22714.366666666665
29733.866666666665 14576.933333333332 20939.2
31248.4 14967.2 19034.4
30596.4 14268.133333333333 20385.466666666667
30804.3 13609.266666666666 20836.433333333334
29710.133333333335 14947.966666666667 20591.9
27781.733333333334 13863.9 23604.366666666665
28355.933333333334 13507.6 23386.466666666667
28995.466666666667 11664.133333333333 24590.4
30905.8 10892.6 23451.6
30201.866666666665 10738.033333333333 24310.1
30308.833333333332 10969.966666666667 23971.2
31136.133333333335 11913.566666666668 22200.3
33397.0 10619.633333333333 21233.366666666665
33460.63333333333 11749.9 20039.466666666667
36225.2 10288.9 18735.9
33580.066666666666 11799.9 19870.033333333333
32990.36666666667 12074.166666666666 20185.466666666667
32815.8 11922.9 20511.3
33491.1 12421.866666666667 19337.033333333333
34382.03333333333 10284.366666666667 20583.6
33308.4 10940.6 21001.0
32862.166666666664 11375.8 21012.033333333333
32947.36666666667 10865.533333333333 21437.1
33602.4 12530.366666666667 19117.233333333334
33302.4 12800.833333333334 19146.766666666666
35990.333333333336 11950.066666666668 17309.6
37729.73333333333 12238.1 15282.166666666666
36688.166666666664 12247.333333333334 16314.5
36785.333333333336 11310.0 17154.666666666668
35143.6 12792.7 17313.7
35625.8 12473.466666666667 17150.733333333334
35482.23333333333 11678.333333333334 18089.433333333334
35610.5 11664.233333333334 17975.266666666666
36097.4 11891.633333333333 17260.966666666667
35257.46666666667 12381.333333333334 17611.2
36811.433333333334 11853.7 16584.866666666665
35461.333333333336 13008.466666666667 16780.2
34437.333333333336 12487.866666666667 18324.8
35312.63333333333 10905.033333333333 19032.333333333332
35143.13333333333 12073.8 18033.066666666666
37616.73333333333 11553.1 16080.166666666666
37212.36666666667 12125.8 15911.833333333334
37783.666666666664 11873.233333333334 15593.1
39238.13333333333 11078.933333333332 14932.933333333332
36865.63333333333 11510.6 16873.766666666666
36657.13333333333 12929.333333333334 15663.533333333333
35909.566666666666 13264.3 16076.133333333333
37637.3 11746.9 15865.8
37207.9 11744.7 16297.4
37673.433333333334 11482.2 16094.366666666667
36492.36666666667 11634.033333333333 17123.6
36313.9 11071.833333333334 17864.266666666666
36132.36666666667 10868.9 18248.733333333334
35847.066666666666 11498.066666666668 17904.866666666665
36337.933333333334 11519.2 17392.866666666665
36278.5 12190.8 16780.7
37446.23333333333 11168.1 16635.666666666668
37540.9 11235.966666666667 16473.133333333335
38627.6 11546.166666666666 15076.233333333334
37388.6 12756.4 15105.0
38571.833333333336 12273.966666666667 14404.2
38199.76666666667 12121.066666666668 14929.166666666666
39367.73333333333 12027.066666666668 13855.2
39731.53333333333 11413.866666666667 14104.6
40693.833333333336 11107.233333333334 13448.933333333332
38281.96666666667 11686.333333333334 15281.7
38177.0 11972.666666666666 15100.333333333334
38253.96666666667 12130.766666666666 14865.266666666666
37562.3 11664.566666666668 16023.133333333333
38249.96666666667 11408.2 15591.833333333334
36899.5 11246.9 17103.6
37108.53333333333 11231.266666666666 16910.2
38390.833333333336 10539.5 16319.666666666666
37268.03333333333 11562.4 16419.566666666666
37907.8 10419.866666666667 16922.333333333332
37889.566666666666 11336.233333333334 16024.2
36597.46666666667 13125.766666666666 15526.766666666666
38728.5 11624.266666666666 14897.233333333334
38798.6 11571.533333333333 14879.866666666667
39186.76666666667 10967.133333333333 15096.1
38868.23333333333 11330.733333333334 15051.033333333333
37619.9 12270.3 15359.8
39365.3 11112.533333333333 14772.166666666666
38051.166666666664 11349.1 15849.733333333334
37642.8 11389.133333333333 16218.066666666668
39424.9 10716.766666666666 15108.333333333334
39697.26666666667 10592.366666666667 14960.366666666667
39780.63333333333 11331.733333333334 14137.633333333333
38513.46666666667 12001.866666666667 14734.666666666666
38865.833333333336 12006.866666666667 14377.3
40209.666666666664 11450.533333333333 13589.8
40328.566666666666 11216.733333333334 13704.7
40334.2 11726.4 13189.4
39275.23333333333 12737.0 13237.766666666666
39403.23333333333 10892.433333333332 14954.333333333334
38314.833333333336 12410.466666666667 14524.7
40755.166666666664 11805.966666666667 12688.866666666667
41155.9 10664.8 13429.3
40004.166666666664 11284.666666666666 13961.166666666666
39535.333333333336 11772.733333333334 13941.933333333332
39584.333333333336 11481.233333333334 14184.433333333332
41364.03333333333 11171.733333333334 12714.233333333334
40763.1 11415.033333333333 13071.866666666667
40411.03333333333 11225.3 13613.666666666666
40819.0 11676.666666666666 12754.333333333334
40263.13333333333 12312.766666666666 12674.1
41003.36666666667 13110.8 11135.833333333334
42960.5 12094.6 10194.9
42160.63333333333 12633.8 10455.566666666668
41538.166666666664 12553.5 11158.333333333334
44004.933333333334 11340.566666666668 9904.5
43738.1 11148.233333333334 10363.666666666666
43288.1 11393.9 10568.0
44254.9 10906.0 10089.1
43962.433333333334 11124.266666666666 10163.3
42682.7 11731.4 10835.9
42170.4 11961.9 11117.7
42602.333333333336 12305.033333333333 10342.633333333333
43378.933333333334 11468.1 10402.966666666667
43179.666666666664 11640.566666666668 10429.766666666666
43399.03333333333 11392.566666666668 10458.4
43519.46666666667 11621.266666666666 10109.266666666666
43072.333333333336 11981.4 10196.266666666666
42816.76666666667 12182.5 10250.733333333334
43862.23333333333 12493.2 8894.566666666668
44667.666666666664 11802.566666666668 8779.766666666666
45423.666666666664 11171.333333333334 8655.0
44309.3 11905.533333333333 9035.166666666666
44575.166666666664 11575.666666666666 9099.166666666666
44028.7 11817.933333333332 9403.366666666667
43620.566666666666 12290.366666666667 9339.066666666668
43204.46666666667 12288.166666666666 9757.366666666667
44244.9 12126.9 8878.2
44645.36666666667 11792.733333333334 8811.9
44708.23333333333 11795.633333333333 8746.133333333333
44274.3 11892.766666666666 9082.933333333332
44912.96666666667 11642.266666666666 8694.766666666666
43038.53333333333 12703.6 9507.866666666667
44651.1 11785.466666666667 8813.433333333332
45468.46666666667 11604.966666666667 8176.566666666667
44266.9 11908.666666666666 9074.433333333332
43483.13333333333 12072.333333333334 9694.533333333333
44161.13333333333 12009.766666666666 9079.1
45048.933333333334 11606.933333333332 8594.133333333333
45767.86666666667 11010.133333333333 8472.0
43590.96666666667 12175.0 9484.033333333333
44133.4 11752.466666666667 9364.133333333333
45072.5 11599.5 8578.0
45435.7 11310.533333333333 8503.766666666666
46510.76666666667 10600.533333333333 8138.7
44933.2 11598.566666666668 8718.233333333334
45160.36666666667 11558.633333333333 8531.0
44358.566666666666 11985.766666666666 8905.666666666666
44189.23333333333 11694.633333333333 9366.133333333333
44992.933333333334 12000.233333333334 8256.833333333334
45455.73333333333 11176.1 8618.166666666666
45259.03333333333 11465.666666666666 8525.3
43243.933333333334 12256.066666666668 9750.0
45018.166666666664 11771.433333333332 8460.4
44436.03333333333 11567.766666666666 9246.2
44669.333333333336 11597.266666666666 8983.4
43678.0 11928.3 9643.7
44702.86666666667 11649.533333333333 8897.6
44693.433333333334 11607.7 8948.866666666667
46638.0 10442.8 8169.2
44621.86666666667 11720.066666666668 8908.066666666668
44635.933333333334 11825.3 8788.766666666666
45095.4 11478.3 8676.3
43343.666666666664 12105.533333333333 9800.8
44588.5 11683.033333333333 8978.466666666667
43440.63333333333 11988.633333333333 9820.733333333334
44893.9 11431.133333333333 8924.966666666667
44156.166666666664 12264.333333333334 8829.5
44981.73333333333 11417.233333333334 8851.033333333333
43399.76666666667 12587.366666666667 9262.866666666667
44840.7 11607.3 8802.0
45581.03333333333 11581.066666666668 8087.9
43983.73333333333 12319.633333333333 8946.633333333333
44584.6 11709.033333333333 8956.366666666667
44372.833333333336 12075.4 8801.766666666666
43799.46666666667 11840.133333333333 9610.4
43972.333333333336 11961.6 9316.066666666668
45133.6 11465.0 8651.4
43908.76666666667 11929.033333333333 9412.2
43913.53333333333 12112.3 9224.166666666666
45292.333333333336 11436.4 8521.266666666666
43863.333333333336 12012.066666666668 9374.6
45261.333333333336 11206.133333333333 8782.533333333333
44124.1 12390.033333333333 8735.866666666667
45260.63333333333 11345.8 8643.566666666668
43801.833333333336 12147.466666666667 9300.7
44884.5 11740.7 8624.8
46258.46666666667 10343.9 8647.633333333333
43447.666666666664 12816.0 8986.333333333334
45146.2 11234.466666666667 8869.333333333334
45113.9 11277.4 8858.7
44655.166666666664 12075.266666666666 8519.566666666668
47131.76666666667 10259.666666666666 7858.566666666667
44355.166666666664 11709.266666666666 9185.566666666668
45682.96666666667 11157.9 8409.133333333333
44857.46666666667 11214.033333333333 9178.5
43926.36666666667 12057.533333333333 9266.1
45609.433333333334 11334.7 8305.866666666667
44667.9 11617.633333333333 8964.466666666667
44459.6 11953.066666666668 8837.333333333334
43605.9 12308.066666666668 9336.033333333333
42704.8 12788.666666666666 9756.533333333333
44826.63333333333 11189.433333333332 9233.933333333332
44252.433333333334 11758.533333333333 9239.033333333333
44467.86666666667 11797.5 8984.633333333333
44625.2 11640.2 8984.6
44390.6 11765.966666666667 9093.433333333332
44297.833333333336 11970.0 8982.166666666666
45251.73333333333 11154.766666666666 8843.5
44285.53333333333 11926.133333333333 9038.333333333334
45017.73333333333 11495.8 8736.466666666667
44847.166666666664 11218.266666666666 9184.566666666668
43293.76666666667 12289.7 9666.533333333333
44793.76666666667 11674.3 8781.933333333332
44497.6 11884.633333333333 8867.766666666666
43771.833333333336 12271.033333333333 9207.133333333333
43100.7 12219.5 9929.8
45216.2 11615.633333333333 8418.166666666666
44216.4 12067.9 8965.7
44015.96666666667 11820.533333333333 9413.5
44560.833333333336 11591.533333333333 9097.633333333333
44326.23333333333 11848.866666666667 9074.9
43857.03333333333 11781.433333333332 9611.533333333333
44321.3 11935.733333333334 8992.966666666667
44540.63333333333 11621.5 9087.866666666667
43885.566666666666 11997.3 9367.133333333333
43418.666666666664 12319.7 9511.633333333333
45558.8 10701.533333333333 8989.666666666666
45188.9 11153.2 8907.9
45394.86666666667 11344.2 8510.933333333332
44013.2 11944.966666666667 9291.833333333334
44959.9 11372.433333333332 8917.666666666666
44819.73333333333 11489.0 8941.266666666666
44906.6 11344.433333333332 8998.966666666667
44830.6 11631.766666666666 8787.633333333333
45012.96666666667 11708.666666666666 8528.366666666667
43330.53333333333 12283.0 9636.466666666667
44692.566666666666 11599.233333333334 8958.2
44431.1 11857.2 8961.7
44940.433333333334 11409.433333333332 8900.133333333333
43820.13333333333 12184.2 9245.666666666666
43713.6 12148.533333333333 9387.866666666667
45057.333333333336 11238.933333333332 8953.733333333334
45348.1 11167.8 8734.1
45239.9 11619.166666666666 8390.933333333332
45334.23333333333 11038.133333333333 8877.633333333333
44442.73333333333 11779.166666666666 9028.1
44106.23333333333 11978.533333333333 9165.233333333334
45551.9 11167.566666666668 8530.533333333333
44364.86666666667 11682.866666666667 9202.266666666666
44732.2 12031.7 8486.1
44778.433333333334 11710.166666666666 8761.4
44509.53333333333 11677.866666666667 9062.6
45412.9 11707.8 8129.3
43951.36666666667 11907.333333333334 9391.3
43898.7 11944.866666666667 9406.433333333332
44594.03333333333 12045.933333333332 8610.033333333333
45589.46666666667 10998.466666666667 8662.066666666668
45128.86666666667 11428.166666666666 8692.966666666667
43451.53333333333 12146.766666666666 9651.7
43429.9 12542.8 9277.3
45437.0 11488.7 8324.3
44611.76666666667 11497.566666666668 9140.666666666666
43479.36666666667 12552.4 9218.233333333334
44947.9 11183.233333333334 9118.866666666667
45631.6 11321.7 8296.7
45491.333333333336 11119.9 8638.766666666666
44720.066666666666 11487.666666666666 9042.266666666666
44066.13333333333 12217.166666666666 8966.7
44296.0 11977.866666666667 8976.133333333333
44492.333333333336 12060.4 8697.266666666666
43720.166666666664 12209.2 9320.633333333333
45311.833333333336 11291.6 8646.566666666668
44548.933333333334 11964.133333333333 8736.933333333332
44902.433333333334 11518.466666666667 8829.1
44226.3 11474.8 9548.9
44548.76666666667 11537.3 9163.933333333332
43507.333333333336 12268.333333333334 9474.333333333334
44146.03333333333 12139.6 8964.366666666667
45109.433333333334 11295.0 8845.566666666668
45084.6 11569.666666666666 8595.733333333334
44941.3 11746.033333333333 8562.666666666666
44516.066666666666 12089.833333333334 8644.1
43925.76666666667 12321.333333333334 9002.9
44556.5 11428.5 9265.0
45596.933333333334 11524.166666666666 8128.9
44196.63333333333 11607.966666666667 9445.4
45034.03333333333 11607.666666666666 8608.3
44439.2 11714.533333333333 9096.266666666666
44460.73333333333 11587.2 9202.066666666668
44467.13333333333 12017.133333333333 8765.733333333334
43225.066666666666 12669.333333333334 9355.6
44346.73333333333 11704.333333333334 9198.933333333332
44018.63333333333 12209.133333333333 9022.233333333334
45912.166666666664 10735.366666666667 8602.466666666667
45526.7 11110.666666666666 8612.633333333333
43827.066666666666 12070.266666666666 9352.666666666666
44098.333333333336 11591.5 9560.166666666666
44780.6 11873.3 8596.1
42943.066666666666 13004.266666666666 9302.666666666666
45194.933333333334 11564.233333333334 8490.833333333334
45106.7 11436.633333333333 8706.666666666666
44318.03333333333 11899.166666666666 9032.8
44959.1 11430.066666666668 8860.833333333334
44630.63333333333 11562.533333333333 9056.833333333334
42930.26666666667 12793.033333333333 9526.7
45034.833333333336 11539.8 8675.366666666667
43869.53333333333 11817.533333333333 9562.933333333332
44244.3 11599.366666666667 9406.333333333334
43845.36666666667 12187.133333333333 9217.5
43027.46666666667 12581.833333333334 9640.7
44189.8 12000.133333333333 9060.066666666668
44726.4 11561.7 8961.9
44676.73333333333 11755.4 8817.866666666667
44719.1 11206.4 9324.5
44030.2 12176.666666666666 9043.133333333333
43505.833333333336 12426.333333333334 9317.833333333334
44501.96666666667 11328.333333333334 9419.7
45510.23333333333 11778.5 7961.266666666666
44882.166666666664 11345.766666666666 9022.066666666668
44436.23333333333 11755.433333333332 9058.333333333334
43880.566666666666 11813.1 9556.333333333334
45096.03333333333 11199.766666666666 8954.2
45234.5 11755.366666666667 8260.133333333333
45149.6 11265.766666666666 8834.633333333333
45176.566666666666 11562.8 8510.633333333333
44939.166666666664 11761.233333333334 8549.6
44857.666666666664 11573.7 8818.633333333333
45897.9 11049.466666666667 8302.633333333333
45172.933333333334 11407.666666666666 8669.4
44877.3 11912.9 8459.8
44348.2 11827.366666666667 9074.433333333332
44844.833333333336 12013.633333333333 8391.533333333333
44290.3 12033.166666666666 8926.533333333333
44558.13333333333 11742.6 8949.266666666666
44116.1 11783.9 9350.0
44061.03333333333 12089.266666666666 9099.7
44285.9 12214.2 8749.9
44532.36666666667 11525.533333333333 9192.1
44187.666666666664 11786.6 9275.733333333334
44521.566666666666 11649.4 9079.033333333333
43695.9 12308.833333333334 9245.266666666666
45052.3 11673.2 8524.5
44504.23333333333 11960.766666666666 8785.0
43742.666666666664 11951.166666666666 9556.166666666666
44964.6 11828.366666666667 8457.033333333333
44745.13333333333 11379.966666666667 9124.9
43992.63333333333 12203.433333333332 9053.933333333332
43665.63333333333 12289.466666666667 9294.9
44966.5 11235.766666666666 9047.733333333334
45469.26666666667 11099.266666666666 8681.466666666667
43298.46666666667 12202.766666666666 9748.766666666666
44808.7 11648.033333333333 8793.266666666666
45006.433333333334 11705.966666666667 8537.6
44499.63333333333 11639.333333333334 9111.033333333333
45128.23333333333 11396.6 8725.166666666666
44411.96666666667 11856.666666666666 8981.366666666667
44777.96666666667 11659.566666666668 8812.466666666667
44449.7 11838.233333333334 8962.066666666668
45836.566666666666 10853.633333333333 8559.8
45737.46666666667 11420.866666666667 8091.666666666667
46209.6 10872.5 8167.9
45472.166666666664 11434.5 8343.333333333334
42457.03333333333 12597.4 10195.566666666668
44717.833333333336 11994.566666666668 8537.6
45573.933333333334 11111.3 8564.766666666666
44257.666666666664 11829.766666666666 9162.566666666668
44205.0 12194.733333333334 8850.266666666666
45663.433333333334 11209.7 8376.866666666667
45867.2 11068.3 8314.5
43479.76666666667 12097.6 9672.633333333333
44385.96666666667 11735.6 9128.433333333332
43991.46666666667 12189.466666666667 9069.066666666668
44427.03333333333 11684.533333333333 9138.433333333332
44773.8 11609.0 8867.2
43480.566666666666 11722.766666666666 10046.666666666666
45673.9 11049.866666666667 8526.233333333334
45781.9 11036.433333333332 8431.666666666666
44995.53333333333 11527.466666666667 8727.0
44533.1 11545.233333333334 9171.666666666666
44010.73333333333 12157.333333333334 9081.933333333332
45876.2 10924.166666666666 8449.633333333333
44810.7 11631.733333333334 8807.566666666668
44549.7 11907.966666666667 8792.333333333334
44286.4 11685.2 9278.4
44093.6 12170.433333333332 8985.966666666667
44550.066666666666 11557.566666666668 9142.366666666667
43893.7 12156.033333333333 9200.266666666666
44704.166666666664 11677.8 8868.033333333333
45277.36666666667 11290.2 8682.433333333332
44675.23333333333 12006.466666666667 8568.3
43369.03333333333 12232.866666666667 9648.1
44829.066666666666 11761.333333333334 8659.6
45052.833333333336 11401.066666666668 8796.1
45587.46666666667 11220.233333333334 8442.3
44166.433333333334 12132.733333333334 8950.833333333334
44267.23333333333 11642.4 9340.366666666667
44432.833333333336 11695.8 9121.366666666667
44457.03333333333 11478.4 9314.566666666668
43671.5 12155.6 9422.9
44765.566666666666 11773.133333333333 8711.3
45361.76666666667 11466.566666666668 8421.666666666666
45470.53333333333 11131.566666666668 8647.9
44158.5 11884.066666666668 9207.433333333332
44948.73333333333 11861.366666666667 8439.9
46131.63333333333 10851.866666666667 8266.5
45845.76666666667 11181.6 8222.633333333333
45132.7 11539.7 8577.6
44133.36666666667 11907.733333333334 9208.9
44372.2 11862.6 9015.2
45128.26666666667 11293.466666666667 8828.266666666666
44744.03333333333 11751.2 8754.766666666666
44660.0 11870.766666666666 8719.233333333334
45248.933333333334 11543.333333333334 8457.733333333334
45026.066666666666 11573.366666666667 8650.566666666668
43936.46666666667 12343.3 8970.233333333334
44974.7 11254.8 9020.5
45037.833333333336 11464.833333333334 8747.333333333334
44701.26666666667 11536.066666666668 9012.666666666666
44197.76666666667 11980.366666666667 9071.866666666667
45374.36666666667 11171.666666666666 8703.966666666667
45129.73333333333 11524.1 8596.166666666666
44707.23333333333 11565.233333333334 8977.533333333333
45414.0 11323.666666666666 8512.333333333334
43584.73333333333 11950.833333333334 9714.433333333332
43989.13333333333 12324.7 8936.166666666666
43872.066666666666 11700.566666666668 9677.366666666667
44982.166666666664 11299.166666666666 8968.666666666666
45252.5 11442.933333333332 8554.566666666668
44671.23333333333 11717.7 8861.066666666668
44509.7 11856.1 8884.2
46129.333333333336 10771.1 8349.566666666668
44483.13333333333 11901.033333333333 8865.833333333334
45125.933333333334 11521.833333333334 8602.233333333334
45686.96666666667 11422.133333333333 8140.9
41695.36666666667 13180.066666666668 10374.566666666668
45004.833333333336 11432.966666666667 8812.2
44559.1 11775.733333333334 8915.166666666666
43607.5 12287.9 9354.6
44889.46666666667 11356.5 9004.033333333333
43292.666666666664 12787.333333333334 9170.0
46939.73333333333 10533.7 7776.566666666667
43711.933333333334 12212.766666666666 9325.3
43333.8 12522.166666666666 9394.033333333333
44888.5 11839.466666666667 8522.033333333333
44348.23333333333 11558.6 9343.166666666666
45696.833333333336 10989.433333333332 8563.733333333334
45113.46666666667 11396.666666666666 8739.866666666667
45312.3 11469.566666666668 8468.133333333333
44287.433333333334 11770.933333333332 9191.633333333333
45329.666666666664 11306.0 8614.333333333334
42975.26666666667 12413.833333333334 9860.9
44688.3 11795.266666666666 8766.433333333332
45382.7 11229.733333333334 8637.566666666668
44495.333333333336 11716.866666666667 9037.8
43309.2 12295.1 9645.7
43549.433333333334 12175.266666666666 9525.3
44735.2 11588.166666666666 8926.633333333333
44895.86666666667 11812.7 8541.433333333332
43330.666666666664 12108.4 9810.933333333332
44607.96666666667 12073.566666666668 8568.466666666667
45196.566666666666 11039.366666666667 9014.066666666668
44215.23333333333 12112.2 8922.566666666668
45826.3 11412.266666666666 8011.433333333333
43934.53333333333 12312.466666666667 9003.0
45210.066666666666 11848.533333333333 8191.4
45087.833333333336 11560.166666666666 8602.0
43388.4 12291.5 9570.1
45036.166666666664 11481.266666666666 8732.566666666668
45010.76666666667 11855.2 8384.033333333333
43886.76666666667 12004.766666666666 9358.466666666667
45177.333333333336 11406.466666666667 8666.2
43690.066666666666 12375.866666666667 9184.066666666668
45419.2 11546.0 8284.8
44588.36666666667 11913.966666666667 8747.666666666666
44965.2 11681.9 8602.9
45050.9 11689.566666666668 8509.533333333333
43741.166666666664 12060.3 9448.533333333333
43546.46666666667 12611.033333333333 9092.5
43737.933333333334 11654.3 9857.766666666666
45126.8 11168.1 8955.1
43573.333333333336 12092.833333333334 9583.833333333334
43097.4 12944.7 9207.9
45400.76666666667 11299.466666666667 8549.766666666666
43662.433333333334 12374.9 9212.666666666666
43555.1 12177.766666666666 9517.133333333333
44840.0 11547.133333333333 8862.866666666667
45158.7 11495.666666666666 8595.633333333333
43183.96666666667 12671.733333333334 9394.3
44093.833333333336 11757.033333333333 9399.133333333333
44325.73333333333 11999.633333333333 8924.633333333333
44420.066666666666 11814.466666666667 9015.466666666667
44706.833333333336 11279.866666666667 9263.3
44860.4 11720.066666666668 8669.533333333333
46161.6 11119.933333333332 7968.466666666666
44926.166666666664 11272.466666666667 9051.366666666667
44944.03333333333 11253.033333333333 9052.933333333332
44872.0 11314.0 9064.0
44698.433333333334 11657.933333333332 8893.633333333333
43790.63333333333 12357.266666666666 9102.1
44342.9 11484.333333333334 9422.766666666666
44897.53333333333 11462.0 8890.466666666667
44202.833333333336 12122.6 8924.566666666668
46423.433333333334 10477.6 8348.966666666667
45625.26666666667 11035.433333333332 8589.3
45173.6 11500.866666666667 8575.533333333333
44311.86666666667 11912.066666666668 9026.066666666668
44248.63333333333 12004.233333333334 8997.133333333333
43809.86666666667 11725.7 9714.433333333332
45347.36666666667 11423.3 8479.333333333334
44063.166666666664 12088.766666666666 9098.066666666668
44312.63333333333 11809.6 9127.766666666666
44239.666666666664 11868.766666666666 9141.566666666668
45454.53333333333 11408.233333333334 8387.233333333334
44830.9 11758.3 8660.8
44274.4 11719.433333333332 9256.166666666666
45282.5 11490.9 8476.6
45652.46666666667 11611.4 7986.133333333333
42916.46666666667 12700.733333333334 9632.8
45741.7 11126.066666666668 8382.233333333334
46377.0 10359.366666666667 8513.633333333333
44262.7 12190.2 8797.1
43508.2 12414.933333333332 9326.866666666667
45192.333333333336 11271.966666666667 8785.7
45783.933333333334 11309.566666666668 8156.5
45302.933333333334 11449.566666666668 8497.5
44832.86666666667 11502.966666666667 8914.166666666666
43715.23333333333 12209.466666666667 9325.3
45108.9 11769.2 8371.9
44408.2 12101.766666666666 8740.033333333333
45270.4 11207.5 8772.1
43821.6 11856.0 9572.4
45547.433333333334 10809.133333333333 8893.433333333332
43596.13333333333 12156.233333333334 9497.633333333333
43973.6 12220.833333333334 9055.566666666668
44867.933333333334 11792.8 8589.266666666666
44443.3 11846.566666666668 8960.133333333333
44427.86666666667 11741.4 9080.733333333334
44934.1 11588.866666666667 8727.033333333333
45895.066666666666 11224.266666666666 8130.666666666667
44644.933333333334 11688.766666666666 8916.3
44786.3 12177.466666666667 8286.233333333334
44986.0 11677.1 8586.9
44070.1 12022.133333333333 9157.766666666666
44103.5 12061.6 9084.9
44303.7 12205.9 8740.4
44576.96666666667 11544.866666666667 9128.166666666666
45317.8 11429.833333333334 8502.366666666667
45718.8 10847.5 8683.7
45359.76666666667 11388.266666666666 8501.966666666667
43940.23333333333 12506.633333333333 8803.133333333333
42465.6 12932.3 9852.1
43957.03333333333 11959.533333333333 9333.433333333332
44672.1 11622.3 8955.6
44985.833333333336 11312.433333333332 8951.733333333334
45261.6 11544.966666666667 8443.433333333332
44074.6 12295.9 8879.5
43943.666666666664 11822.866666666667 9483.466666666667
44314.73333333333 11790.633333333333 9144.633333333333
44412.066666666666 11865.633333333333 8972.3
 
395.6333333333333
0.0
38.733333333333334
8.6
95.02914721444132
0.0
74.0
 
8511.833333333334 13537.233333333334 10962.2 901.117993198819 
5200.833333333333 9451.233333333334 8137.7 1273.4143490370027 
3142.3333333333335 7216.3 6363.4 1305.3910783107617 
2531.6 6270.3 5555.166666666667 1055.6693130689912 
3120.0333333333333 6517.966666666666 5780.933333333333 1724.9310049970118 
3719.5333333333333 6978.8 6213.966666666666 2279.4047642848436 
3837.3333333333335 7370.766666666666 6665.833333333333 3002.6262542610557 
4854.133333333333 8118.6 7288.233333333334 3770.0721438720507 
5278.8 8816.633333333333 7879.766666666666 3861.488717378887 
5501.833333333333 9190.166666666666 8047.2 3978.834295912979 
5582.0 9248.433333333332 8123.166666666667 3781.3915672966514 
5084.066666666667 9017.466666666667 7949.166666666667 3593.51929713601 
5258.0 8804.133333333333 7735.366666666667 3655.124026167467 
5087.933333333333 8637.666666666666 7681.6 3520.2266012289606 
4210.133333333333 8287.833333333334 7486.433333333333 3233.5649059341436 
4721.866666666667 8355.3 7576.666666666667 3557.8979822673696 
4776.033333333334 8727.033333333333 7981.133333333333 3843.788875416778 
4698.4 8659.066666666668 7818.166666666667 3955.859430824665 
4990.7 8815.5 8042.033333333334 3900.9707484448304 
5200.233333333334 8896.666666666666 8076.133333333333 4049.8822251050983 
5071.333333333333 8887.566666666668 7991.933333333333 3924.314232335518 
5003.666666666667 9071.233333333334 8196.633333333333 3696.299020506864 
5316.3 9292.866666666667 8374.2 3756.6662535196456 
5521.233333333334 9234.3 8405.266666666666 3967.0595744343323 
6337.7 9660.333333333334 8869.233333333334 3999.2177696394574 
6834.133333333333 10364.3 9497.766666666666 4258.256011209283 
7716.3 11195.533333333333 10109.033333333333 4434.8765540379545 
7825.866666666667 11814.0 10615.0 4254.903882894027 
7627.933333333333 11932.333333333334 10767.966666666667 4085.065348926502 
7113.633333333333 11453.966666666667 10438.233333333334 4195.44241089198 
7592.7 11489.8 10515.533333333333 4060.8324776659606 
7852.4 11719.633333333333 10632.633333333333 4173.744093683219 
7738.333333333333 11942.466666666667 10837.533333333333 4129.080732936946 
7961.433333333333 12056.966666666667 10997.466666666667 4132.33442054515 
7908.933333333333 12507.466666666667 11394.5 3949.076336182931 
8792.133333333333 12874.833333333334 11754.0 3876.9461660779693 
8632.7 13255.333333333334 12095.966666666667 3619.5471292844236 
8098.433333333333 12737.5 11895.666666666666 3794.706518998977 
8427.666666666666 12843.833333333334 11871.366666666667 3821.0605926743547 
8282.233333333334 12722.466666666667 11786.266666666666 3717.7157493547024 
7161.766666666666 12155.0 11292.266666666666 3927.967835139296 
7189.266666666666 12142.0 11371.6 3905.6463451435707 
7350.2 11948.433333333332 11315.0 4154.292321202252 
7663.166666666667 12244.966666666667 11619.9 4202.828662777804 
7656.1 12147.0 11463.7 4237.689466954054 
8531.866666666667 12130.366666666667 11508.333333333334 4051.9635454787713 
7835.266666666666 12474.666666666666 11768.133333333333 3867.3077424166227 
7703.166666666667 12809.266666666666 12091.0 4090.0362597822204 
8433.266666666666 12916.666666666666 12216.7 3736.74587669539 
9262.633333333333 13362.366666666667 12623.533333333333 3947.9103297961456 
8171.6 12996.4 12245.566666666668 3757.3392979163677 
8028.2 12887.533333333333 12155.033333333333 3748.268079541685 
8107.666666666667 12837.5 12104.933333333332 3849.940584144701 
8250.733333333334 12970.766666666666 12289.933333333332 3696.2089745215076 
8656.966666666667 12850.6 12254.3 4074.1024203702423 
7558.966666666666 12692.0 12105.233333333334 3977.150538318161 
7847.2 12688.4 12059.466666666667 3876.4906046577744 
8286.866666666667 12655.733333333334 12025.566666666668 3915.561761853449 
8654.8 13065.933333333332 12323.1 3586.248648518393 
8143.566666666667 13041.166666666666 12290.133333333333 3486.200315991928 
9062.166666666666 13619.066666666668 12742.633333333333 3573.585480469471 
8522.5 14003.233333333334 13119.366666666667 3399.2274236786343 
8655.933333333332 13724.033333333333 12911.866666666667 3514.1729597287726 
9191.133333333333 13543.366666666667 12837.633333333333 3494.8441677228843 
9110.6 13442.3 12657.633333333333 3315.288131889059 
8128.466666666666 13460.133333333333 12722.1 3404.939523594118 
9152.466666666667 13277.066666666668 12613.9 3534.1478742878508 
8543.466666666667 13313.5 12638.1 3642.2798376383257 
8585.666666666666 13432.766666666666 12758.233333333334 3528.9269639965946 
9072.233333333334 13407.833333333334 12639.133333333333 3474.4879118128083 
9203.6 13671.533333333333 12897.166666666666 3504.231398450863 
8543.9 13524.466666666667 12742.666666666666 3373.7472187465382 
8049.3 13138.2 12485.8 3459.276294737576 
8657.1 13071.7 12502.633333333333 3727.2217079362363 
8275.833333333334 13274.366666666667 12585.6 3411.00942899117 
8838.866666666667 13784.4 13028.266666666666 3427.9873225002193 
8730.166666666666 13705.966666666667 13004.566666666668 3258.931161592708 
8970.766666666666 13729.5 13093.666666666666 3324.9016392301824 
9096.666666666666 14014.766666666666 13305.1 3269.873079188243 
8504.1 13569.7 12873.666666666666 3349.213518856164 
8288.2 13715.966666666667 12973.833333333334 3030.3042616945986 
8460.866666666667 13607.666666666666 12857.9 2943.877878751087 
9189.233333333334 13680.7 13051.733333333334 3286.817414984356 
8448.6 13578.733333333334 12965.533333333333 3350.540510839673 
8928.3 13662.3 13032.533333333333 3303.2665699274107 
8770.833333333334 13394.166666666666 12811.466666666667 3364.235463898976 
8733.166666666666 13281.733333333334 12719.5 3509.85094123193 
8417.533333333333 13261.8 12662.966666666667 3584.0957318408778 
8138.1 13295.1 12668.666666666666 3522.164022554568 
8499.933333333332 13443.333333333334 12769.0 3455.50148574704 
8062.266666666666 13532.533333333333 12824.366666666667 3323.373888251382 
8895.033333333333 13524.466666666667 12955.6 3380.974078033331 
8905.633333333333 13548.9 12981.366666666667 3360.616747843897 
8855.366666666667 13890.4 13229.633333333333 3218.07125760136 
9113.066666666668 13805.2 13102.933333333332 2967.9120397642814 
8643.833333333334 13999.166666666666 13291.266666666666 3071.8778088220456 
8951.466666666667 13767.233333333334 13201.633333333333 3104.2447480470637 
9175.166666666666 14049.266666666666 13425.8 2818.4341459990396 
9463.533333333333 14007.633333333333 13437.3 3016.8079046126445 
9529.133333333333 14203.633333333333 13599.2 3041.828869556384 
9076.066666666668 13852.666666666666 13174.5 3175.8271165162623 
8602.0 13864.3 13182.2 3171.3726191246174 
8850.366666666667 13870.966666666667 13213.4 3058.8877693806726 
8521.233333333334 13556.666666666666 13028.433333333332 3249.806397566887 
8493.433333333332 13719.266666666666 13140.4 3247.4528100240864 
8437.3 13400.6 12854.1 3431.3064467731047 
8192.5 13493.1 12894.4 3485.1748267004727 
8916.1 13627.7 13081.666666666666 3474.788986095254 
8373.233333333334 13563.233333333334 12959.333333333334 3374.7212446857493 
8819.5 13535.566666666668 12973.133333333333 3476.7093760240205 
8466.433333333332 13662.366666666667 13061.1 3290.9712850464075 
8460.733333333334 13663.233333333334 12981.566666666668 2853.6941381499023 
8881.9 13911.366666666667 13257.666666666666 3185.7142118456823 
9322.4 13828.466666666667 13266.366666666667 3052.2688010724087 
9476.866666666667 13883.133333333333 13283.6 3152.449993682163 
9099.266666666666 13907.8 13256.266666666666 3202.553555281229 
9582.1 13701.533333333333 13100.566666666668 2988.1461718113974 
8881.966666666667 13916.733333333334 13333.766666666666 3245.392662426742 
8929.633333333333 13641.366666666667 13094.733333333334 3206.569544838984 
9007.666666666666 13542.766666666666 13016.966666666667 3125.4711803715827 
8918.3 13871.733333333334 13306.2 3210.3902659437945 
8895.733333333334 13901.266666666666 13348.233333333334 3204.9218022875034 
9115.9 13985.5 13438.9 2901.1107627941406 
8895.333333333334 13828.033333333333 13252.4 2788.7884237902786 
8791.466666666667 13963.533333333333 13323.4 2784.085452352352 
9142.366666666667 14138.766666666666 13536.533333333333 2767.217529577319 
9688.766666666666 14092.533333333333 13536.9 2854.837359874172 
9173.333333333334 14220.833333333334 13589.033333333333 2695.3706290189066 
9174.066666666668 14098.3 13478.3 2527.2537977021616 
9264.133333333333 13840.366666666667 13319.466666666667 3051.354636678237 
8522.866666666667 13847.833333333334 13253.5 2648.3208302620737 
9336.7 14253.533333333333 13681.233333333334 2523.949471518354 
9392.133333333333 14185.5 13647.2 2753.5998112773514 
9206.5 14033.033333333333 13478.933333333332 2718.519048387273 
9580.766666666666 14014.333333333334 13433.9 2663.753786294822 
9253.366666666667 13921.833333333334 13414.533333333333 2615.587793488195 
9124.666666666666 14320.0 13739.6 2618.9136191685793 
8818.2 14196.033333333333 13643.666666666666 2538.6724113861824 
9037.333333333334 14115.0 13554.233333333334 2713.318326391751 
9130.833333333334 14234.266666666666 13680.933333333332 2433.066631639997 
9584.033333333333 14216.566666666668 13633.366666666667 2229.164326603133 
9029.9 14544.5 13861.3 1896.987129459062 
10021.8 14727.766666666666 14151.066666666668 1663.098753264854 
9934.933333333332 14666.266666666666 14045.133333333333 1464.3935675448272 
10320.033333333333 14512.866666666667 13912.533333333333 1649.841482654891 
10238.633333333333 14817.633333333333 14284.566666666668 1547.1318981694264 
9626.566666666668 14733.633333333333 14211.966666666667 1655.0293696286278 
9759.366666666667 14700.4 14146.666666666666 1688.9062551775276 
9859.733333333334 14803.933333333332 14291.133333333333 1574.7546917253849 
9366.866666666667 14830.633333333333 14254.4 1747.01084656049 
9816.4 14609.566666666668 14059.233333333334 1632.0147343425276 
9513.533333333333 14517.533333333333 13979.833333333334 1602.7566991835592 
9330.633333333333 14729.8 14100.533333333333 1616.2201983159484 
10071.066666666668 14670.1 14172.133333333333 1463.513113140205 
9760.333333333334 14727.133333333333 14149.533333333333 1604.0053742982839 
9943.033333333333 14715.0 14168.633333333333 1669.4632498367719 
10168.933333333332 14795.033333333333 14215.6 1545.9241725690606 
9521.7 14768.1 14162.2 1593.2909395336435 
10287.233333333334 14681.2 14131.066666666668 1221.5299372781112 
9559.566666666668 15040.766666666666 14371.3 731.8033479016066 
10687.133333333333 15004.233333333334 14463.3 588.2175218403478 
10673.066666666668 15069.3 14551.4 593.0312712384285 
9686.966666666667 14956.1 14401.966666666667 597.2386759077143 
9915.066666666668 14947.3 14422.133333333333 601.7269954980508 
10086.7 14858.333333333334 14337.066666666668 546.9168577885798 
9579.1 14883.433333333332 14302.766666666666 732.1588803744108 
9710.433333333332 14761.233333333334 14219.2 554.6577368071233 
9655.466666666667 14998.433333333332 14411.133333333333 558.0219936924032 
9816.866666666667 15028.733333333334 14457.8 633.614455327528 
9767.9 15042.8 14470.733333333334 548.3109027833673 
10248.966666666667 14934.633333333333 14393.733333333334 625.7226182582823 
9481.4 15063.133333333333 14496.4 572.3377615825583 
9154.133333333333 14828.966666666667 14227.633333333333 630.8097843248787 
9678.533333333333 15031.133333333333 14458.233333333334 521.0873912630523 
10057.833333333334 15220.933333333332 14603.766666666666 482.1841841500448 
9723.8 14956.833333333334 14393.733333333334 774.0766951665706 
9824.633333333333 14776.2 14253.366666666667 680.7943300129474 
10148.6 14970.8 14382.833333333334 628.4356715068155 
10386.266666666666 15088.433333333332 14520.0 527.0820555979241 
10252.533333333333 15114.9 14604.033333333333 517.9535210808014 
9918.466666666667 14843.733333333334 14285.3 554.9258364862822 
9990.533333333333 14879.733333333334 14351.4 558.9557155982933 
9975.233333333334 15092.566666666668 14524.1 508.6714502833173 
9897.5 15105.633333333333 14567.733333333334 558.6798685790956 
10417.8 15214.3 14711.7 477.90197460706673 
10113.933333333332 15048.833333333334 14496.033333333333 442.7132265925652 
10236.733333333334 15108.633333333333 14537.566666666668 493.59977703488573 
9602.833333333334 14988.833333333334 14419.766666666666 724.9817244439872 
10445.4 14872.533333333333 14356.833333333334 636.2698285930096 
9250.766666666666 15175.733333333334 14548.133333333333 540.934623386022 
9981.3 15091.933333333332 14558.333333333334 630.4666517746994 
9839.0 15109.666666666666 14547.9 555.3642786496084 
10080.733333333334 14766.466666666667 14223.933333333332 674.0299500434352 
9977.033333333333 15114.366666666667 14530.4 589.0753876485873 
10302.766666666666 14898.333333333334 14393.566666666668 673.3438054466184 
9795.866666666667 14972.4 14443.1 740.0957753336162 
10083.333333333334 14789.2 14277.933333333332 589.80360978135 
9935.533333333333 15003.533333333333 14455.1 639.0212479513755 
10082.0 14996.1 14448.966666666667 764.5618234576514 
10821.0 15210.866666666667 14721.333333333334 483.4937143105149 
9855.6 14990.533333333333 14445.9 502.06408355906126 
9834.333333333334 15031.5 14459.233333333334 425.6297017361451 
9994.866666666667 15063.933333333332 14516.4 557.5174625067812 
10046.7 14756.2 14228.8 514.1735478739969 
9758.066666666668 14963.2 14435.566666666668 633.5672489957163 
10263.2 14735.2 14236.533333333333 529.5882489674826 
9937.966666666667 14991.366666666667 14471.433333333332 563.6502652847381 
9418.033333333333 15022.5 14407.133333333333 513.4059498421628 
10169.866666666667 15021.533333333333 14487.633333333333 522.5327741980506 
9415.3 14900.2 14288.266666666666 653.1814246014995 
10069.666666666666 15036.3 14478.5 556.7088092830338 
9787.2 15229.833333333334 14623.8 474.2452382470486 
9561.966666666667 14997.7 14378.233333333334 572.1557219071667 
9889.9 14987.1 14437.466666666667 565.3526377403751 
9857.733333333334 15021.133333333333 14431.666666666666 436.45163560493404 
10511.866666666667 14804.266666666666 14293.433333333332 551.5692715637206 
9760.766666666666 14884.066666666668 14340.133333333333 511.4824350193597 
9920.666666666666 15053.833333333334 14522.766666666666 467.3478944474282 
10113.3 14866.333333333334 14324.266666666666 684.2123499973446 
9543.2 14910.166666666666 14343.466666666667 602.6794547868893 
9839.1 15106.666666666666 14551.6 620.7027957619222 
9685.933333333332 14876.566666666668 14323.466666666667 598.1442167236928 
10364.866666666667 15047.166666666666 14522.433333333332 587.4041877427994 
9207.466666666667 15050.966666666667 14413.3 683.9668434946244 
10104.4 15079.766666666666 14536.3 526.3446817438171 
9689.833333333334 14899.733333333334 14324.6 525.0040450637815 
9500.166666666666 15096.666666666666 14500.5 374.1351132946492 
11185.966666666667 15068.566666666668 14635.533333333333 590.7115499312862 
9089.7 14987.0 14320.7 526.6960711200848 
9985.366666666667 15002.8 14502.366666666667 577.7713817381021 
10234.1 15002.1 14500.066666666668 613.872868307799 
9334.4 15121.466666666667 14488.033333333333 458.8327405251043 
10766.1 15295.933333333332 14801.866666666667 469.505477899649 
10532.933333333332 14917.8 14391.6 543.4616441540899 
10036.5 15136.833333333334 14602.0 627.6453295187234 
10645.7 14912.7 14442.433333333332 562.9007334039162 
9673.466666666667 14906.533333333333 14340.6 688.6117711260341 
9593.666666666666 15163.866666666667 14604.933333333332 529.5317091544189 
10148.333333333334 14981.8 14444.9 717.6559219663231 
10222.966666666667 15024.766666666666 14436.866666666667 516.1741265201974 
9535.933333333332 14867.1 14301.6 634.3794779152302 
8915.333333333334 14750.333333333334 14169.433333333332 576.3776539735038 
10833.4 14912.066666666668 14433.866666666667 488.6437114890334 
10089.666666666666 14914.333333333334 14375.8 628.2099930225031 
9797.766666666666 14974.733333333334 14422.8 519.4648615001146 
9992.733333333334 14994.6 14438.633333333333 702.8182888279953 
9886.933333333332 14967.833333333334 14404.333333333334 497.29672932767204 
9745.466666666667 14968.0 14406.066666666668 634.330962160571 
10226.6 14994.533333333333 14515.433333333332 620.2289732205536 
9929.366666666667 14961.0 14399.266666666666 511.55781600041155 
10139.033333333333 15039.766666666666 14502.666666666666 588.5790104612596 
10645.166666666666 14921.533333333333 14440.8 710.3048955671549 
9852.433333333332 14800.8 14237.333333333334 722.3620758010178 
10084.466666666667 15040.5 14475.7 594.4061745417299 
10391.266666666666 15017.066666666668 14437.5 535.5871640856727 
9680.7 14918.166666666666 14330.966666666667 656.7800180510299 
10013.533333333333 14736.5 14191.6 693.0825715598396 
9900.233333333334 15142.166666666666 14554.433333333332 525.2586117544597 
9475.1 14987.9 14399.6 537.0001300434357 
10411.433333333332 14870.866666666667 14334.8 622.4416036866431 
10257.766666666666 14959.5 14420.933333333332 488.2418332934794 
9909.0 14952.333333333334 14399.633333333333 581.8613914747128 
10070.0 14809.033333333333 14299.1 537.2370218689948 
9591.5 14975.7 14407.333333333334 609.5467509187097 
10084.133333333333 14960.3 14419.8 632.5741245103217 
9987.066666666668 14890.533333333333 14326.366666666667 485.72417653094726 
9786.733333333334 14823.133333333333 14265.233333333334 620.2769197884298 
10644.933333333332 14978.133333333333 14531.466666666667 628.9718568160794 
10206.166666666666 14999.633333333333 14502.7 458.6009834267694 
10239.6 15107.433333333332 14562.966666666667 647.2602289651359 
9448.166666666666 14898.866666666667 14346.733333333334 562.3308169277819 
9793.166666666666 14990.533333333333 14478.833333333334 685.3763218521309 
10368.3 14987.466666666667 14462.4 658.4016388193454 
10164.733333333334 14958.066666666668 14465.4 644.299428578566 
9821.166666666666 15024.533333333333 14478.8 528.8341980242959 
9843.5 15124.333333333334 14523.033333333333 553.8279460064992 
9844.0 14807.233333333334 14243.9 633.3978891660438 
9944.833333333334 14983.433333333332 14448.033333333333 649.4806163389329 
9102.933333333332 14995.533333333333 14421.433333333332 632.0295856295899 
9984.2 15005.5 14478.6 585.7940078787651 
9452.033333333333 14923.833333333334 14331.933333333332 532.5546338170384 
9699.833333333334 14874.533333333333 14307.133333333333 576.6584074553055 
10420.066666666668 14992.966666666667 14484.9 525.7178723738933 
9879.666666666666 15054.933333333332 14536.0 540.5657178672482 
9646.1 15148.033333333333 14559.4 481.7367624889481 
10814.6 15013.8 14520.166666666666 682.7321723129145 
9798.666666666666 14962.366666666667 14416.033333333333 530.602929275325 
9758.9 14944.2 14368.6 586.9629284148474 
9910.333333333334 15105.133333333333 14576.666666666666 465.6312366621849 
9761.8 14923.966666666667 14390.833333333334 700.500491394863 
9780.933333333332 15115.6 14499.233333333334 616.6139976607011 
9912.266666666666 15044.666666666666 14476.333333333334 614.1316909986724 
10495.033333333333 14958.366666666667 14419.266666666666 545.8578447422615 
10101.4 15229.0 14603.0 444.10368383970865 
10146.566666666668 14849.733333333334 14330.566666666668 587.3030554057153 
10183.1 14874.566666666668 14323.733333333334 735.9218169524984 
9628.6 15069.033333333333 14472.966666666667 537.4296156500662 
10507.233333333334 15053.4 14567.233333333334 598.6414367363637 
10073.2 15047.566666666668 14518.0 570.2877457915433 
10487.133333333333 14801.633333333333 14254.533333333333 554.6278420907322 
9431.133333333333 14907.8 14289.8 495.8705274565125 
9729.433333333332 15173.2 14585.833333333334 531.235969644794 
10163.533333333333 14933.766666666666 14421.566666666668 663.1867525650508 
9486.733333333334 14933.833333333334 14300.666666666666 609.100963716197 
10822.866666666667 14946.933333333332 14457.533333333333 528.5535008135148 
9872.4 15179.666666666666 14608.1 434.03998625318695 
10016.133333333333 15082.166666666666 14559.766666666666 742.6503784120463 
10139.9 14970.333333333334 14442.366666666667 553.0711115620167 
10443.533333333333 14991.8 14384.466666666667 541.8977704942755 
9699.0 14985.4 14406.5 508.917009606347 
9678.366666666667 15056.4 14454.1 531.2327562691643 
9286.766666666666 14895.933333333332 14314.533333333333 618.0034365240663 
10041.366666666667 15071.033333333333 14541.133333333333 544.0320493010195 
9477.3 15035.833333333334 14455.7 613.5156243595866 
10146.466666666667 15034.566666666668 14481.9 649.9736835698301 
10469.7 14828.333333333334 14342.266666666666 631.1926175458998 
10215.4 14938.633333333333 14413.066666666668 462.85061268909084 
9637.433333333332 14841.633333333333 14277.733333333334 584.827840574567 
9724.4 14979.9 14392.733333333334 588.6494355726505 
10050.133333333333 15020.833333333334 14500.866666666667 556.8447888674983 
9236.533333333333 15090.333333333334 14523.4 546.5837130150636 
9887.333333333334 15096.933333333332 14512.5 598.4969827270087 
9925.266666666666 15086.5 14461.666666666666 507.33844839734184 
9532.7 14982.133333333333 14366.8 675.6731482997777 
10361.566666666668 14907.666666666666 14403.733333333334 618.5654997204779 
9605.133333333333 15235.566666666668 14621.3 583.2051214338454 
10289.6 14865.0 14349.833333333334 576.1447589123952 
10099.366666666667 15068.2 14517.1 538.6118831465441 
10589.666666666666 14952.8 14408.7 650.2571983453931 
10285.333333333334 14920.0 14400.4 552.4804702430666 
9821.633333333333 15053.4 14444.8 634.867744757389 
9056.8 14878.466666666667 14261.533333333333 544.6198913003453 
9916.566666666668 14920.166666666666 14389.333333333334 525.2627461037424 
9625.766666666666 14960.833333333334 14374.266666666666 651.9924399698034 
10423.9 15082.533333333333 14605.5 535.4506429167865 
10387.933333333332 15083.133333333333 14565.9 463.92930567777967 
9730.2 14877.066666666668 14321.966666666667 666.11205997523 
10415.866666666667 14811.3 14328.3 544.3349174298239 
9575.433333333332 15091.766666666666 14492.966666666667 508.65368386664727 
9920.9 14893.266666666666 14238.566666666668 547.9036871973437 
9879.133333333333 15125.5 14545.033333333333 521.0824926161991 
10274.6 15069.7 14514.533333333333 532.6737461982606 
9561.033333333333 14972.833333333334 14403.1 554.9734032666191 
10513.066666666668 15011.266666666666 14484.366666666667 563.2518077102718 
9978.3 14984.166666666666 14431.8 638.491683057292 
9692.7 14815.933333333332 14214.9 570.5902724372369 
9716.433333333332 15066.333333333334 14510.433333333332 541.2631898315888 
10311.033333333333 14823.433333333332 14305.233333333334 421.95425081136204 
9975.066666666668 14874.166666666666 14358.366666666667 687.6428020580323 
9422.433333333332 14919.366666666667 14337.466666666667 494.51633227719475 
9779.166666666666 14778.0 14213.266666666666 689.4170899309713 
9575.3 14962.566666666668 14387.466666666667 393.9570103450377 
10435.266666666666 14978.266666666666 14451.0 651.1291840589955 
9712.133333333333 15030.4 14460.533333333333 565.5478671164803 
11046.033333333333 14905.2 14414.033333333333 599.078111582937 
9750.866666666667 14937.066666666668 14373.2 589.3324155347304 
9695.8 14882.333333333334 14293.3 540.5175809659974 
10355.0 14859.466666666667 14382.7 631.9960738274672 
9194.266666666666 15281.5 14629.5 500.8274656339582 
10339.666666666666 14971.033333333333 14460.533333333333 457.34607040086297 
9995.8 14968.366666666667 14412.366666666667 612.5996991873602 
10525.766666666666 14817.433333333332 14307.066666666668 624.4043292077123 
10697.466666666667 14979.866666666667 14488.666666666666 640.1356895221513 
10002.866666666667 15183.066666666668 14572.0 473.9677763308388 
10548.666666666666 15019.333333333334 14506.066666666668 611.478697275892 
9854.566666666668 15105.733333333334 14541.1 599.4537179799621 
9455.0 15092.066666666668 14513.6 484.29671380260265 
9999.366666666667 15039.933333333332 14478.466666666667 659.799816358467 
10626.633333333333 15158.966666666667 14634.066666666668 499.6996366707592 
9947.766666666666 15064.166666666666 14524.933333333332 555.8730510547249 
9588.066666666668 15127.2 14516.333333333334 526.5676171627387 
10302.933333333332 14957.3 14401.933333333332 604.3640621898912 
9470.7 15138.566666666668 14519.866666666667 617.532805696273 
9407.066666666668 14991.1 14410.966666666667 598.2896733374415 
9848.966666666667 14980.933333333332 14435.433333333332 527.4372923232991 
10177.4 14886.4 14351.2 571.787293492956 
9320.2 14956.166666666666 14370.7 736.263164907766 
9373.033333333333 15052.733333333334 14428.266666666666 614.959099272283 
10260.833333333334 14914.3 14408.566666666668 600.5833077563473 
10151.966666666667 14892.033333333333 14365.7 502.5116462995326 
10077.933333333332 14935.8 14418.833333333334 422.7222211124254 
9295.166666666666 14915.4 14319.6 653.727916644226 
9962.833333333334 15108.133333333333 14527.3 470.70487073466035 
9320.0 15043.466666666667 14446.466666666667 541.6226875479522 
10119.466666666667 14826.866666666667 14293.2 662.846967507081 
9355.6 15121.566666666668 14525.233333333334 634.2199720917024 
10296.066666666668 14938.766666666666 14436.566666666668 723.454102437282 
9519.066666666668 14970.066666666668 14368.4 594.5239650342111 
9653.7 14893.933333333332 14311.6 539.8760734341416 
10766.2 14964.666666666666 14466.5 599.9037414452423 
10292.666666666666 15062.533333333333 14553.233333333334 452.93928045354784 
9822.6 14757.7 14229.566666666668 586.3179508120525 
10014.7 15045.2 14476.133333333333 633.8550006814562 
9648.266666666666 15109.566666666668 14521.466666666667 531.0350933161886 
10587.233333333334 14950.466666666667 14413.433333333332 589.3979248163145 
10148.633333333333 15052.366666666667 14514.866666666667 598.0877997603884 
9555.7 14971.266666666666 14417.566666666668 607.6052554450499 
9961.733333333334 15043.666666666666 14471.133333333333 649.2189102640531 
9853.833333333334 14980.066666666668 14423.266666666666 615.4156543886958 
10124.066666666668 15097.933333333332 14602.133333333333 610.6251515182342 
10225.566666666668 15223.833333333334 14639.066666666668 741.1989353593123 
10354.666666666666 15207.9 14678.666666666666 418.55256632563805 
10064.566666666668 15164.966666666667 14587.366666666667 487.9248108059272 
10041.5 14649.2 14100.733333333334 440.3537365951756 
9616.433333333332 15111.733333333334 14492.533333333333 611.5799734203931 
9978.1 15098.566666666668 14575.5 554.6472888241681 
9606.133333333333 14933.766666666666 14384.0 601.445078401456 
9347.133333333333 15020.566666666668 14410.066666666668 546.7395918838633 
9854.433333333332 15158.933333333332 14603.266666666666 466.0367902739963 
10460.633333333333 15166.966666666667 14629.866666666667 655.2762273355495 
9842.4 14799.1 14255.233333333334 587.8395797796841 
9927.366666666667 14955.766666666666 14400.266666666666 534.4195237202074 
9889.266666666666 14953.966666666667 14366.8 557.009679149893 
10043.333333333334 14923.333333333334 14403.4 689.4513006732236 
9536.866666666667 15004.6 14465.2 717.2112185402568 
10565.466666666667 14689.933333333332 14217.966666666667 854.3450583796795 
10224.166666666666 15112.466666666667 14589.3 587.4817767386493 
10118.266666666666 15129.7 14609.466666666667 678.2973716102202 
9812.633333333333 15040.733333333334 14501.433333333332 601.0825358375412 
10319.133333333333 14928.5 14410.8 655.8582618726905 
9572.366666666667 14957.433333333332 14367.4 570.0302629393169 
10007.5 15127.8 14617.233333333334 640.7284471599494 
9917.066666666668 15036.3 14474.9 568.100002933756 
9610.6 15019.1 14450.333333333334 681.6710450552133 
9752.333333333334 14894.0 14375.333333333334 620.9545123794852 
9722.933333333332 14982.366666666667 14385.3 433.43284254887766 
10589.533333333333 14938.7 14415.3 424.5114756988319 
9622.966666666667 14908.9 14343.866666666667 745.4681162419581 
10359.666666666666 14993.166666666666 14458.2 616.5208447408733 
10151.433333333332 15066.2 14534.033333333333 489.2395380133903 
9207.4 15091.533333333333 14485.233333333334 464.17803002248564 
9560.933333333332 14782.133333333333 14246.733333333334 565.3967063536501 
9701.866666666667 15073.7 14491.5 407.0169660673452 
9764.833333333334 15024.833333333334 14500.266666666666 525.3775315586561 
9675.466666666667 15142.6 14589.033333333333 622.2728514620147 
9242.7 14990.366666666667 14396.133333333333 618.9500408846509 
10190.933333333332 14882.933333333332 14367.3 682.7033528553964 
10066.7 14941.266666666666 14405.666666666666 718.1737344743881 
10242.566666666668 14886.9 14388.8 608.8261328162581 
9921.4 14873.1 14299.4 516.4491088190588 
10228.0 15052.466666666667 14480.033333333333 623.7478897759894 
10331.033333333333 15152.7 14568.466666666667 628.5848249131624 
10175.9 15056.8 14556.733333333334 584.5637090077428 
9741.733333333334 14902.466666666667 14369.733333333334 626.9171731576668 
9777.9 15128.866666666667 14525.533333333333 627.381424564745 
10727.166666666666 15162.966666666667 14661.1 728.55850737375 
10107.966666666667 15194.166666666666 14636.833333333334 499.49225107992316 
9841.2 15099.033333333333 14530.133333333333 575.9011409183967 
10275.766666666666 14911.933333333332 14366.966666666667 371.2945715855389 
9664.266666666666 14959.233333333334 14410.166666666666 622.5378005479755 
10142.166666666666 15014.333333333334 14504.566666666668 664.0004918003534 
9487.866666666667 15055.866666666667 14473.533333333333 563.0831424695053 
9688.833333333334 15060.133333333333 14468.7 503.09992347445257 
10098.033333333333 15115.2 14553.8 582.5751333519136 
9473.533333333333 15073.2 14512.066666666668 570.1842632966218 
8778.9 14972.533333333333 14371.233333333334 576.7307383481094 
10324.033333333333 14970.933333333332 14469.933333333332 503.64321674949383 
9805.7 15046.566666666668 14503.6 592.8942578571664 
10126.833333333334 14958.566666666668 14443.366666666667 514.2777412168556 
10090.666666666666 14951.933333333332 14387.1 576.0867107765404 
9944.566666666668 15056.133333333333 14541.566666666668 494.2827913024868 
9757.0 15086.6 14527.9 556.9934221634337 
10301.633333333333 14986.2 14447.533333333333 576.1211453428099 
10145.6 15108.7 14564.7 634.5208764624431 
9991.833333333334 14787.933333333332 14261.6 523.627004332919 
9125.266666666666 14986.066666666668 14379.833333333334 562.9751311855024 
10432.466666666667 14791.866666666667 14294.033333333333 554.0027708514741 
10697.833333333334 14995.5 14475.866666666667 563.270325371792 
9455.7 15105.966666666667 14544.366666666667 586.2893927063666 
9706.333333333334 15015.5 14455.466666666667 549.1881188526286 
10133.066666666668 15008.8 14437.033333333333 576.1530821848573 
10517.033333333333 15159.3 14652.466666666667 477.32138078610683 
9783.066666666668 15014.233333333334 14436.3 488.6635041962244 
9828.6 15092.7 14526.866666666667 534.4517659350666 
9301.066666666668 15230.766666666666 14629.166666666666 566.1784449761009 
9105.9 14591.033333333333 14006.566666666668 737.8604469078899 
10147.733333333334 15040.166666666666 14493.8 492.4484463711236 
9874.166666666666 15016.066666666668 14438.9 435.5417706718841 
9453.433333333332 14862.3 14299.8 625.3955929383151 
10447.333333333334 14985.166666666666 14463.066666666668 536.5096827333749 
8855.866666666667 14922.233333333334 14286.7 577.7386894897496 
10218.633333333333 15314.533333333333 14790.9 449.3412804687917 
9934.566666666668 14886.266666666666 14313.066666666668 715.0573615685202 
9361.466666666667 14871.4 14268.5 599.1615188466852 
9305.566666666668 15134.766666666666 14511.133333333333 630.044876179467 
9691.7 14864.733333333334 14375.066666666668 529.8211348076717 
10164.266666666666 15093.4 14587.8 463.1750817275615 
9857.066666666668 15044.5 14511.9 400.62902790486874 
10232.1 15121.0 14559.033333333333 508.4024196769065 
9987.9 14937.4 14384.166666666666 541.5447027818766 
9957.1 15084.866666666667 14546.066666666668 453.7493324145686 
9648.633333333333 14743.633333333333 14186.0 650.8411682840394 
10181.8 15037.666666666666 14466.7 618.5873832100576 
10067.6 15088.833333333334 14549.133333333333 505.78024960341116 
10246.3 14968.733333333334 14420.366666666667 538.4752368184322 
9103.366666666667 14789.433333333332 14240.933333333332 471.4250821828544 
10071.433333333332 14816.866666666667 14277.066666666668 463.90789962376516 
9855.633333333333 15004.9 14455.4 513.4036517854802 
10145.1 15100.966666666667 14510.0 574.0474408385891 
10452.2 14755.5 14226.466666666667 636.701330818985 
9574.6 15096.866666666667 14478.466666666667 586.7030834341261 
10492.7 14971.7 14492.866666666667 557.544239898902 
9670.9 14995.2 14403.833333333334 485.9176034404736 
9447.8 15243.866666666667 14655.966666666667 637.3587489702238 
9599.033333333333 14972.366666666667 14367.733333333334 630.4146674125602 
9935.166666666666 15230.333333333334 14576.566666666668 465.3942746627735 
9674.4 15078.9 14523.133333333333 467.5536666760536 
9867.7 14820.9 14256.4 593.6698468003913 
10095.533333333333 15044.566666666668 14504.9 515.1524013985244 
9643.366666666667 15139.166666666666 14537.233333333334 541.6123818952278 
9821.0 14868.333333333334 14327.366666666667 641.8802625446933 
9923.333333333334 15065.1 14525.666666666666 591.7043191775206 
9407.8 14925.833333333334 14325.166666666666 399.66483847232666 
9589.433333333332 15179.033333333333 14587.933333333332 581.38344986573 
9826.7 15057.5 14458.6 585.1236874940773 
9550.466666666667 15083.2 14510.833333333334 477.22160133189453 
9650.866666666667 15110.8 14528.766666666666 557.2087303894496 
9881.633333333333 14854.6 14303.833333333334 678.6030272225106 
9318.6 14948.166666666666 14319.966666666667 684.2501106239506 
10628.533333333333 14741.733333333334 14262.533333333333 539.9569553831737 
10206.5 14995.933333333332 14491.733333333334 614.3694958609552 
9965.8 14813.533333333333 14273.533333333333 689.6857686254259 
9424.533333333333 14904.1 14263.566666666668 685.4061113270325 
9747.6 15100.1 14559.633333333333 639.5782233454935 
9726.6 14916.5 14319.566666666668 724.4408164616042 
10105.9 14829.866666666667 14278.366666666667 466.89553137958205 
10232.266666666666 15012.833333333334 14472.266666666666 482.5416237659367 
10641.8 15082.566666666668 14530.9 422.650893764582 
9408.766666666666 14849.433333333332 14253.5 659.2556524849318 
10303.6 14868.566666666668 14344.1 698.8745640909628 
9979.766666666666 15008.933333333332 14414.766666666666 667.0995044052858 
10029.366666666667 14965.366666666667 14415.066666666668 632.1317086740002 
10530.733333333334 14909.3 14419.0 606.7925631273563 
10157.166666666666 15082.866666666667 14493.7 630.1563065356617 
10142.533333333333 15265.266666666666 14693.9 504.6272882038783 
10863.366666666667 14964.433333333332 14462.033333333333 482.14593203487425 
10577.933333333332 14961.833333333334 14463.5 532.6855523352091 
10245.1 14956.6 14455.366666666667 607.0283275469475 
10005.833333333334 14989.9 14455.033333333333 609.2012790896325 
9391.5 14957.066666666668 14343.366666666667 527.596910529241 
10252.5 14864.233333333334 14366.633333333333 671.3480767993768 
10142.566666666668 15004.166666666666 14475.2 675.1091556185563 
9547.8 14988.5 14402.333333333334 574.9949872245264 
10755.933333333332 15149.533333333333 14681.9 569.2864691875259 
10205.3 15090.6 14578.166666666666 560.555447648927 
9998.0 15108.866666666667 14534.366666666667 630.1756502930134 
9708.433333333332 14983.733333333334 14403.133333333333 621.7818050659821 
9517.4 14972.266666666666 14399.8 546.3495593482253 
10470.466666666667 14768.533333333333 14284.066666666668 549.9965724135621 
9834.933333333332 15130.6 14561.3 439.12403069444196 
9552.4 14950.4 14371.066666666668 589.8961502765644 
10105.133333333333 14942.933333333332 14393.066666666668 499.09224620527027 
9749.6 14945.433333333332 14384.4 635.0379597577876 
9951.933333333332 15146.766666666666 14581.3 558.9283087600173 
10332.066666666668 15084.633333333333 14491.6 583.3720999499377 
9939.7 14911.6 14376.333333333334 668.6191196953781 
10078.233333333334 15124.4 14555.133333333333 527.7158725214839 
9427.666666666666 15268.1 14641.2 507.84411584658545 
10088.166666666666 14787.5 14202.833333333334 412.0242533314432 
9917.133333333333 15157.066666666668 14610.366666666667 455.3291032014342 
10852.533333333333 15108.1 14660.866666666667 444.3202882556181 
9288.633333333333 15023.9 14421.066666666668 564.5304749179722 
9222.866666666667 14902.9 14292.633333333333 539.1853938015096 
9858.333333333334 15035.1 14515.233333333334 524.0381549934021 
10021.8 15224.533333333333 14637.333333333334 603.7929136347624 
9599.1 15106.5 14555.1 682.5097261822232 
10144.533333333333 15012.166666666666 14466.433333333332 584.1190102291752 
9890.366666666667 14888.766666666666 14313.5 653.1200762493831 
9723.166666666666 15149.366666666667 14548.233333333334 549.1688305470773 
9896.433333333332 15036.166666666666 14441.333333333334 516.9777728942189 
10215.866666666667 15030.933333333332 14524.466666666667 637.5430140608377 
10024.466666666667 14812.6 14299.466666666667 582.2341125164154 
11001.366666666667 15003.466666666667 14539.866666666667 477.2648940694373 
9690.2 14837.7 14284.4 632.1027514046536 
9371.5 14963.766666666666 14366.3 577.7449093962955 
10138.166666666666 15099.066666666668 14502.5 484.18171519929734 
9916.333333333334 14980.466666666667 14422.933333333332 600.9698802768738 
10105.966666666667 14955.766666666666 14409.233333333334 688.7198372504035 
9989.0 15055.533333333333 14495.233333333334 603.999872516543 
10022.166666666666 15216.866666666667 14651.0 556.1222431564247 
9470.9 15005.666666666666 14447.466666666667 463.05428947370757 
9326.633333333333 15160.133333333333 14524.6 557.0190110460027 
10014.4 15105.2 14514.566666666668 402.05966486469515 
9427.233333333334 14935.133333333333 14365.8 631.3022113061224 
9559.1 14965.3 14376.433333333332 516.4249352788629 
9478.466666666667 15043.033333333333 14430.9 644.0585503922241 
10265.3 14946.1 14419.566666666668 517.3569416864058 
10128.766666666666 15107.0 14556.066666666668 421.44285535922086 
10335.633333333333 15065.2 14578.066666666668 458.00502556679936 
10474.766666666666 15113.466666666667 14560.366666666667 533.0318293602279 
9358.0 15031.6 14388.233333333334 539.852751631817 
9841.9 14754.266666666666 14136.0 512.6905476665887 
10148.066666666668 14881.2 14336.966666666667 721.5648220669051 
10124.3 14986.066666666668 14446.233333333334 483.03146837907406 
10186.866666666667 14991.533333333333 14478.033333333333 619.4683398779239 
9561.266666666666 15132.066666666668 14556.4 679.970723634481 
9832.433333333332 15004.033333333333 14394.1 468.5838541108018 
10210.2 14847.2 14320.6 614.430107226743 
9666.7 14945.233333333334 14391.6 591.6187801278793 
9802.733333333334 14983.433333333332 14418.5 483.8881788870924 
 
1.9333333333333333 1.515555555555555 1.5355555555555556 1.4844444444444447 
1.4633333333333334 1.047777777777778 1.956666666666666 1.5033333333333332 
1.5288888888888894 1.9633333333333332 1.0388888888888892 1.404444444444444 
 
870.0
1305.0
1534.1
1660.7333333333333
1741.9333333333334
1723.5666666666666
1757.4
1797.0333333333333
1769.9666666666667
1798.0
1825.0666666666666
1809.6
1827.0
1856.0
1855.0333333333333
1831.8333333333333
1790.2666666666667
1828.9333333333334
1812.5
1816.3666666666666
1810.5666666666666
1850.2
1912.0666666666666
1913.0333333333333
1934.3
1893.7
1879.2
1847.3
1811.5333333333333
1790.2666666666667
1808.6333333333334
1841.5
1827.0
1844.4
1820.2333333333333
1827.9666666666667
1833.7666666666667
1828.9333333333334
1886.9333333333334
1911.1
1892.7333333333333
1948.8
1937.2
1908.2
1921.7333333333333
1916.9
1953.6333333333334
1987.4666666666667
2014.5333333333333
2007.7666666666667
1973.9333333333334
1944.9333333333334
1911.1
1946.8666666666666
1987.4666666666667
1946.8666666666666
1945.9
1965.2333333333333
1942.0333333333333
1921.7333333333333
1957.5
1962.3333333333333
1955.5666666666666
1959.4333333333334
1910.1333333333334
1939.1333333333334
1963.3
1929.4666666666667
1939.1333333333334
1920.7666666666667
1963.3
1966.2
1972.0
2005.8333333333333
1948.8
1941.0666666666666
1878.2333333333333
1925.6
1945.9
1936.2333333333333
1960.4
1946.8666666666666
1941.0666666666666
1960.4
1947.8333333333333
1987.4666666666667
1995.2
1988.4333333333334
1968.1333333333334
1953.6333333333334
1954.6
1974.9
1991.3333333333333
1999.0666666666666
1962.3333333333333
1992.3
1982.6333333333334
1945.9
2029.0333333333333
2019.3666666666666
1991.3333333333333
2026.1333333333334
2001.0
2002.9333333333334
1954.6
1967.1666666666667
2009.7
1990.3666666666666
2030.0
2039.6666666666667
2023.2333333333333
2006.8
2025.1666666666667
2004.8666666666666
2012.6
2011.6333333333334
2069.633333333333
2029.0333333333333
2031.9333333333334
2030.9666666666667
2047.4
2033.8666666666666
1992.3
2024.2
1959.4333333333334
1989.4
1979.7333333333333
1991.3333333333333
1935.2666666666667
1978.7666666666667
1984.5666666666666
1990.3666666666666
2003.9
2042.5666666666666
2001.9666666666667
2010.6666666666667
2026.1333333333334
2039.6666666666667
2040.6333333333334
2032.9
2029.0333333333333
1976.8333333333333
2019.3666666666666
1970.0666666666666
2010.6666666666667
2066.733333333333
2059.0
1992.3
1967.1666666666667
1926.5666666666666
2001.9666666666667
1985.5333333333333
2028.0666666666666
2020.3333333333333
2038.7
2025.1666666666667
2019.3666666666666
2028.0666666666666
2049.3333333333335
2069.633333333333
2052.233333333333
2009.7
2016.4666666666667
2017.4333333333334
2060.9333333333334
2057.0666666666666
2055.133333333333
2072.5333333333333
2067.7
2033.8666666666666
2051.266666666667
2064.8
2004.8666666666666
2057.0666666666666
2030.9666666666667
1997.1333333333334
1992.3
2028.0666666666666
2009.7
2044.5
2071.5666666666666
2069.633333333333
2055.133333333333
2034.8333333333333
1997.1333333333334
2070.6
2033.8666666666666
1980.7
2022.2666666666667
2003.9
1993.2666666666667
2001.0
2041.6
2031.9333333333334
1989.4
2073.5
2080.266666666667
2078.3333333333335
2023.2333333333333
2022.2666666666667
1954.6
1984.5666666666666
1965.2333333333333
2014.5333333333333
2024.2
2040.6333333333334
2017.4333333333334
2030.9666666666667
2047.4
2059.0
2030.9666666666667
1974.9
2018.4
2043.5333333333333
2051.266666666667
2049.3333333333335
2071.5666666666666
2053.2
2029.0333333333333
2073.5
2096.7
2047.4
2001.0
2003.9
2058.0333333333333
2015.5
2046.4333333333334
2016.4666666666667
1978.7666666666667
2045.4666666666667
1993.2666666666667
1997.1333333333334
1977.8
1997.1333333333334
1977.8
2020.3333333333333
2011.6333333333334
2030.0
2028.0666666666666
2040.6333333333334
2049.3333333333335
2081.233333333333
2096.7
2026.1333333333334
2026.1333333333334
1995.2
2020.3333333333333
2013.5666666666666
2070.6
2088.0
2070.6
2039.6666666666667
2010.6666666666667
2026.1333333333334
1985.5333333333333
2030.0
2057.0666666666666
2080.266666666667
2011.6333333333334
1976.8333333333333
2025.1666666666667
2001.0
2012.6
2078.3333333333335
2018.4
2028.0666666666666
2051.266666666667
2083.1666666666665
2046.4333333333334
2026.1333333333334
2020.3333333333333
2061.9
2007.7666666666667
2035.8
2018.4
2054.1666666666665
2056.1
2059.9666666666667
2003.9
2070.6
2052.233333333333
2083.1666666666665
2096.7
2084.133333333333
2073.5
2125.7
2082.2
2078.3333333333335
2088.0
2116.0333333333333
2114.1
2135.366666666667
2117.0
2107.3333333333335
2063.8333333333335
2034.8333333333333
2025.1666666666667
2037.7333333333333
1987.4666666666667
2002.9333333333334
2041.6
2061.9
1995.2
2026.1333333333334
2072.5333333333333
2102.5
2044.5
2034.8333333333333
2025.1666666666667
2059.0
2023.2333333333333
2057.0666666666666
2078.3333333333335
2013.5666666666666
2025.1666666666667
2041.6
1980.7
2038.7
2076.4
2088.9666666666667
2091.866666666667
2084.133333333333
2066.733333333333
2002.9333333333334
2069.633333333333
2015.5
2048.366666666667
2014.5333333333333
2060.9333333333334
2093.8
2058.0333333333333
2029.0333333333333
2045.4666666666667
2078.3333333333335
2074.4666666666667
2053.2
2002.9333333333334
2012.6
2007.7666666666667
2023.2333333333333
2088.9666666666667
2054.1666666666665
1999.0666666666666
1958.4666666666667
1989.4
1996.1666666666667
2001.0
2027.1
2069.633333333333
2077.366666666667
2064.8
2054.1666666666665
2029.0333333333333
2016.4666666666667
1991.3333333333333
2000.0333333333333
1994.2333333333333
1982.6333333333334
2021.3
2007.7666666666667
1996.1666666666667
2008.7333333333333
2039.6666666666667
2040.6333333333334
2035.8
2050.3
2045.4666666666667
2071.5666666666666
2036.7666666666667
2012.6
1981.6666666666667
2058.0333333333333
2060.9333333333334
2029.0333333333333
2034.8333333333333
2065.766666666667
2040.6333333333334
2057.0666666666666
2054.1666666666665
2025.1666666666667
2030.0
1999.0666666666666
2021.3
2063.8333333333335
2038.7
2047.4
2027.1
2013.5666666666666
2017.4333333333334
2080.266666666667
2065.766666666667
2018.4
2064.8
2018.4
1986.5
2033.8666666666666
2055.133333333333
2024.2
2027.1
2095.733333333333
2026.1333333333334
2005.8333333333333
1961.3666666666666
2021.3
2026.1333333333334
2050.3
2022.2666666666667
2022.2666666666667
2033.8666666666666
2034.8333333333333
2047.4
1991.3333333333333
1990.3666666666666
1986.5
1981.6666666666667
1999.0666666666666
2009.7
2020.3333333333333
1997.1333333333334
1990.3666666666666
2024.2
2015.5
1988.4333333333334
2026.1333333333334
2042.5666666666666
2042.5666666666666
2058.0333333333333
2053.2
2044.5
2060.9333333333334
2048.366666666667
2034.8333333333333
2028.0666666666666
2052.233333333333
2053.2
1992.3
2017.4333333333334
2061.9
2042.5666666666666
2017.4333333333334
2023.2333333333333
1997.1333333333334
1995.2
2048.366666666667
2011.6333333333334
2017.4333333333334
2006.8
2009.7
2013.5666666666666
2021.3
2076.4
2078.3333333333335
2063.8333333333335
2051.266666666667
2045.4666666666667
2048.366666666667
2034.8333333333333
2014.5333333333333
1978.7666666666667
2002.9333333333334
2006.8
1988.4333333333334
1989.4
1989.4
2024.2
2039.6666666666667
2053.2
1992.3
2021.3
2062.866666666667
2057.0666666666666
2096.7
2047.4
2018.4
1982.6333333333334
1962.3333333333333
2015.5
2001.0
2090.9
2118.9333333333334
2072.5333333333333
2100.5666666666666
2074.4666666666667
2105.4
2123.766666666667
2112.1666666666665
2062.866666666667
2027.1
2047.4
2013.5666666666666
2032.9
2038.7
2070.6
2023.2333333333333
2001.9666666666667
2031.9333333333334
1996.1666666666667
2037.7333333333333
2064.8
2078.3333333333335
2059.9666666666667
2049.3333333333335
1998.1
2024.2
1995.2
2023.2333333333333
1994.2333333333333
2006.8
2013.5666666666666
2035.8
2048.366666666667
2022.2666666666667
2036.7666666666667
2040.6333333333334
2014.5333333333333
2056.1
2037.7333333333333
2050.3
2100.5666666666666
2108.3
2049.3333333333335
2025.1666666666667
2109.266666666667
2058.0333333333333
2044.5
2052.233333333333
2030.0
2031.9333333333334
1967.1666666666667
1990.3666666666666
1991.3333333333333
2019.3666666666666
2006.8
2074.4666666666667
2039.6666666666667
2046.4333333333334
2004.8666666666666
1952.6666666666667
1988.4333333333334
2009.7
2023.2333333333333
2032.9
2053.2
2042.5666666666666
2026.1333333333334
2019.3666666666666
2031.9333333333334
2083.1666666666665
2081.233333333333
2030.9666666666667
2065.766666666667
2101.5333333333333
2101.5333333333333
2015.5
2033.8666666666666
2040.6333333333334
2021.3
2033.8666666666666
2009.7
2072.5333333333333
2042.5666666666666
1964.2666666666667
1965.2333333333333
1982.6333333333334
2007.7666666666667
1995.2
2023.2333333333333
2020.3333333333333
2005.8333333333333
2055.133333333333
2059.0
2060.9333333333334
2053.2
2035.8
2053.2
2033.8666666666666
2027.1
2029.0333333333333
2054.1666666666665
2069.633333333333
2030.9666666666667
2030.0
2064.8
2052.233333333333
2019.3666666666666
1969.1
1993.2666666666667
2009.7
2012.6
1958.4666666666667
1976.8333333333333
2015.5
2058.0333333333333
2088.9666666666667
2054.1666666666665
2063.8333333333335
2055.133333333333
2055.133333333333
2047.4
2011.6333333333334
