16819.233333333334 32700.6 15730.166666666666
14263.966666666667 24600.6 26385.433333333334
17623.0 14263.5 33363.5
31598.733333333334 7060.366666666667 26590.9
38914.6 7013.566666666667 19321.833333333332
46130.86666666667 5846.366666666667 13272.766666666666
49578.63333333333 6361.166666666667 9310.2
54927.433333333334 4937.833333333333 5384.733333333334
53866.96666666667 6223.666666666667 5159.366666666667
54913.3 5044.333333333333 5292.366666666667
56157.433333333334 5627.366666666667 3465.2
55092.433333333334 6735.1 3422.4666666666667
55609.333333333336 7172.366666666667 2468.3
55071.166666666664 7969.7 2209.133333333333
55715.53333333333 6991.3 2543.1666666666665
56701.76666666667 5911.7 2636.5333333333333
56925.63333333333 6266.6 2057.766666666667
56982.2 6438.4 1829.4
55212.666666666664 8158.1 1879.2333333333333
55269.86666666667 7239.666666666667 2740.4666666666667
57254.53333333333 6278.066666666667 1717.4
54857.23333333333 8377.033333333333 2015.7333333333333
54618.066666666666 8079.233333333334 2552.7
54906.333333333336 6767.633333333333 3576.0333333333333
54822.4 7314.666666666667 3112.9333333333334
54384.2 7546.166666666667 3319.633333333333
55431.9 6931.733333333334 2886.366666666667
53720.1 7636.9 3893.0
54978.53333333333 7112.2 3159.266666666667
57038.36666666667 5363.266666666666 2848.366666666667
56091.03333333333 5997.9 3161.0666666666666
55261.066666666666 6130.633333333333 3858.3
54758.5 6226.533333333334 4264.966666666666
54870.53333333333 6393.766666666666 3985.7
57113.3 5431.2 2705.5
55938.433333333334 6341.466666666666 2970.1
57548.96666666667 4865.133333333333 2835.9
56457.833333333336 6057.4 2734.766666666667
57228.13333333333 5078.3 2943.5666666666666
55791.566666666666 7183.266666666666 2275.1666666666665
57230.73333333333 6267.866666666667 1751.4
56117.4 7428.133333333333 1704.4666666666667
56432.7 7451.566666666667 1365.7333333333333
55055.36666666667 7978.133333333333 2216.5
54592.76666666667 8085.233333333334 2572.0
57600.2 5554.766666666666 2095.0333333333333
58903.46666666667 4736.466666666666 1610.0666666666666
56522.5 6079.6 2647.9
57371.666666666664 5178.666666666667 2699.6666666666665
56425.166666666664 6276.066666666667 2548.766666666667
55483.1 5755.166666666667 4011.733333333333
58220.8 4407.4 2621.8
57052.26666666667 4923.133333333333 3274.6
56789.666666666664 5550.4 2909.9333333333334
56408.066666666666 6284.566666666667 2557.366666666667
55564.433333333334 6660.7 3024.866666666667
55082.46666666667 6787.766666666666 3379.766666666667
58400.6 4774.166666666667 2075.233333333333
56461.9 6620.533333333334 2167.5666666666666
57467.6 5865.266666666666 1917.1333333333334
57843.03333333333 5792.633333333333 1614.3333333333333
56643.2 6151.466666666666 2455.3333333333335
58572.73333333333 4363.133333333333 2314.133333333333
57735.63333333333 5176.033333333334 2338.3333333333335
55178.6 6959.6 3111.8
55981.23333333333 6503.566666666667 2765.2
54684.13333333333 7923.566666666667 2642.3
56048.7 6399.633333333333 2801.6666666666665
56585.666666666664 6976.966666666666 1687.3666666666666
58226.166666666664 5399.9 1623.9333333333334
58752.1 4808.333333333333 1689.5666666666666
55539.46666666667 6734.0 2976.5333333333333
55143.433333333334 6989.2 3117.366666666667
55220.8 6762.566666666667 3266.633333333333
55533.23333333333 7625.866666666667 2090.9
53003.666666666664 9311.333333333334 2935.0
51733.5 9451.433333333332 4065.0666666666666
53525.566666666666 8621.166666666666 3103.266666666667
55728.3 7062.6 2459.1
55312.13333333333 6876.066666666667 3061.8
55203.53333333333 6603.7 3442.766666666667
54678.03333333333 6984.366666666667 3587.6
53603.4 7811.366666666667 3835.233333333333
55342.13333333333 6269.566666666667 3638.3
55404.333333333336 5699.566666666667 4146.1
55030.26666666667 6341.6 3878.133333333333
52048.8 7766.466666666666 5434.733333333334
52782.933333333334 6866.933333333333 5600.133333333333
53546.86666666667 5796.9 5906.233333333334
55288.96666666667 5412.5 4548.533333333334
55929.0 4762.8 4558.2
56776.333333333336 4835.266666666666 3638.4
56934.1 5416.4 2899.5
57952.36666666667 5493.633333333333 1804.0
58044.666666666664 5178.766666666666 2026.5666666666666
58559.3 4966.066666666667 1724.6333333333334
58160.3 5887.733333333334 1201.9666666666667
58347.03333333333 5524.966666666666 1378.0
53868.26666666667 7861.133333333333 3520.6
56999.433333333334 5457.633333333333 2792.9333333333334
56298.26666666667 5665.566666666667 3286.1666666666665
57413.166666666664 5649.566666666667 2187.266666666667
56606.13333333333 5531.2 3112.6666666666665
57608.3 4900.733333333334 2740.9666666666667
58088.46666666667 4366.0 2795.5333333333333
55931.333333333336 5497.566666666667 3821.1
54972.26666666667 6888.0 3389.733333333333
54520.03333333333 6689.533333333334 4040.4333333333334
55735.8 6181.1 3333.1
54360.933333333334 6299.066666666667 4590.0
57424.833333333336 5039.766666666666 2785.4
56064.63333333333 6786.066666666667 2399.3
57080.76666666667 5566.366666666667 2602.866666666667
57559.3 5407.933333333333 2282.766666666667
56116.03333333333 6689.8 2444.1666666666665
54821.833333333336 7484.866666666667 2943.3
53808.96666666667 8075.6 3365.4333333333334
56049.5 6929.233333333334 2271.266666666667
56729.166666666664 6406.1 2114.733333333333
56249.46666666667 7457.5 1543.0333333333333
55909.3 7209.9 2130.8
54512.7 7938.666666666667 2798.633333333333
54790.9 7171.0 3288.1
54778.76666666667 6814.5 3656.733333333333
54757.73333333333 7014.333333333333 3477.9333333333334
55960.9 6560.566666666667 2728.5333333333333
57466.53333333333 5451.166666666667 2332.3
55416.933333333334 6718.433333333333 3114.633333333333
55838.8 6540.633333333333 2870.5666666666666
57590.23333333333 5664.966666666666 1994.8
56234.566666666666 6280.566666666667 2734.866666666667
57344.433333333334 5646.933333333333 2258.633333333333
55631.53333333333 7150.033333333334 2468.4333333333334
57016.166666666664 6467.0 1766.8333333333333
53547.6 7714.933333333333 3987.4666666666667
52253.066666666666 7362.866666666667 5634.066666666667
52955.7 7006.966666666666 5287.333333333333
54590.5 6350.766666666666 4308.733333333334
54168.7 6770.9 4310.4
56754.73333333333 6320.9 2174.366666666667
58011.2 5384.966666666666 1853.8333333333333
56638.433333333334 6611.0 2000.5666666666666
57492.4 6281.666666666667 1475.9333333333334
58399.933333333334 5763.266666666666 1086.8
55804.066666666666 6937.233333333334 2508.7
56068.1 7250.9 1931.0
56074.9 6336.566666666667 2838.5333333333333
55416.13333333333 6067.3 3766.5666666666666
55637.73333333333 6323.9 3288.366666666667
54952.23333333333 7117.0 3180.766666666667
57566.066666666666 5590.733333333334 2093.2
56753.76666666667 6220.033333333334 2276.2
56661.9 5833.233333333334 2754.866666666667
56956.0 5844.933333333333 2449.0666666666666
57173.6 5747.133333333333 2329.266666666667
56979.833333333336 6195.5 2074.6666666666665
57764.26666666667 5339.2 2146.5333333333333
57689.6 5416.266666666666 2144.133333333333
58783.96666666667 4667.166666666667 1798.8666666666666
57836.2 5577.1 1836.7
56968.333333333336 5724.3 2557.366666666667
58928.566666666666 3901.4 2420.0333333333333
54439.53333333333 6369.3 4441.166666666667
55785.96666666667 5828.433333333333 3635.6
56358.566666666666 5950.0 2941.4333333333334
58479.5 4150.466666666666 2620.0333333333333
56883.53333333333 4760.466666666666 3606.0
57028.76666666667 5019.733333333334 3201.5
55967.166666666664 5908.5 3374.3333333333335
54826.76666666667 6423.833333333333 3999.4
54182.3 7403.533333333334 3664.1666666666665
55144.9 6650.433333333333 3454.6666666666665
55314.8 7500.733333333334 2434.4666666666667
53951.76666666667 7812.5 3485.733333333333
54673.9 7002.566666666667 3573.5333333333333
54331.5 7781.9 3136.6
57237.566666666666 5824.6 2187.8333333333335
56990.76666666667 5944.5 2314.733333333333
56560.4 5148.633333333333 3540.9666666666667
56023.9 6286.3 2939.8
56930.03333333333 5834.9 2485.0666666666666
55285.8 6890.0 3074.2
57507.933333333334 5249.1 2492.9666666666667
57114.1 6099.366666666667 2036.5333333333333
56654.13333333333 6058.866666666667 2537.0
56823.066666666666 6457.566666666667 1969.3666666666666
56425.23333333333 6778.9 2045.8666666666666
56064.86666666667 6431.7 2753.4333333333334
54960.333333333336 7444.9 2844.766666666667
55968.13333333333 6711.866666666667 2570.0
54293.03333333333 7204.0 3752.9666666666667
56091.03333333333 6186.833333333333 2972.133333333333
54554.833333333336 6547.933333333333 4147.233333333334
55085.13333333333 6096.566666666667 4068.3
55625.933333333334 6163.633333333333 3460.4333333333334
56227.86666666667 6018.3 3003.8333333333335
57906.53333333333 5112.966666666666 2230.5
57123.63333333333 5140.433333333333 2985.9333333333334
54313.96666666667 6913.833333333333 4022.2
56194.666666666664 5799.3 3256.0333333333333
57256.86666666667 5891.866666666667 2101.266666666667
55727.066666666666 6203.9 3319.0333333333333
56390.96666666667 6440.466666666666 2418.5666666666666
57600.1 5338.666666666667 2311.233333333333
55800.13333333333 5795.833333333333 3654.0333333333333
55146.26666666667 6261.133333333333 3842.6
56735.23333333333 6238.866666666667 2275.9
57470.666666666664 5150.7 2628.633333333333
55691.03333333333 6524.233333333334 3034.733333333333
56449.8 5863.633333333333 2936.5666666666666
53860.3 7898.2 3491.5
56081.13333333333 6469.266666666666 2699.6
57826.333333333336 5647.666666666667 1776.0
57226.066666666666 5985.766666666666 2038.1666666666667
57478.933333333334 6311.433333333333 1459.6333333333334
55819.96666666667 6827.8 2602.233333333333
54056.2 7490.433333333333 3703.366666666667
54103.53333333333 6212.833333333333 4933.633333333333
52304.433333333334 6397.033333333334 6548.533333333334
52297.5 6585.166666666667 6367.333333333333
55953.3 6430.966666666666 2865.733333333333
56624.9 6128.066666666667 2497.0333333333333
56701.933333333334 5412.9 3135.1666666666665
55335.166666666664 7019.933333333333 2894.9
57203.03333333333 5513.533333333334 2533.4333333333334
57478.26666666667 5593.433333333333 2178.3
57229.03333333333 5756.7 2264.266666666667
56537.166666666664 5844.666666666667 2868.1666666666665
57523.666666666664 5175.366666666667 2550.9666666666667
58667.6 4483.066666666667 2099.3333333333335
55816.933333333334 6588.566666666667 2844.5
55995.13333333333 6476.766666666666 2778.1
55967.53333333333 5841.866666666667 3440.6
56359.1 6251.8 2639.1
55946.73333333333 6114.533333333334 3188.733333333333
56276.0 6154.166666666667 2819.8333333333335
56443.6 6520.366666666667 2286.0333333333333
54486.566666666666 7190.766666666666 3572.6666666666665
54843.96666666667 5690.5 4715.533333333334
53971.9 6149.6 5128.5
53951.23333333333 6081.433333333333 5217.333333333333
54883.3 5422.2 4944.5
54245.7 6093.8 4910.5
52597.96666666667 6694.033333333334 5958.0
54105.46666666667 6584.9 4559.633333333333
53751.833333333336 6822.466666666666 4675.7
54843.5 6831.733333333334 3574.766666666667
53819.933333333334 6378.066666666667 5052.0
55497.03333333333 5534.133333333333 4218.833333333333
54619.433333333334 5618.9 5011.666666666667
54038.566666666666 6451.266666666666 4760.166666666667
54261.6 6545.633333333333 4442.766666666666
53716.46666666667 6987.833333333333 4545.7
55513.76666666667 5689.766666666666 4046.4666666666667
53338.26666666667 6487.233333333334 5424.5
50265.96666666667 8683.066666666668 6300.966666666666
55199.6 5709.466666666666 4340.933333333333
56053.4 5423.566666666667 3773.0333333333333
55293.2 5610.266666666666 4346.533333333334
53038.166666666664 6953.166666666667 5258.666666666667
55480.46666666667 5751.766666666666 4017.766666666667
54914.4 6381.266666666666 3954.3333333333335
55542.0 5541.8 4166.2
54449.7 6416.033333333334 4384.266666666666
55351.433333333334 5566.033333333334 4332.533333333334
54818.36666666667 5467.366666666667 4964.266666666666
54768.1 6013.066666666667 4468.833333333333
54915.53333333333 5941.766666666666 4392.7
54992.333333333336 5931.966666666666 4325.7
54378.933333333334 6072.433333333333 4798.633333333333
54022.76666666667 5601.7 5625.533333333334
52034.96666666667 6603.2 6611.833333333333
53922.666666666664 6042.733333333334 5284.6
53852.933333333334 4998.5 6398.566666666667
53385.63333333333 5808.8 6055.566666666667
54980.36666666667 5649.0 4620.633333333333
53957.26666666667 6233.266666666666 5059.466666666666
54713.166666666664 5643.9 4892.933333333333
53936.96666666667 6530.966666666666 4782.066666666667
55128.933333333334 5185.233333333334 4935.833333333333
55134.566666666666 6117.933333333333 3997.5
53979.73333333333 6915.0 4355.266666666666
53432.333333333336 6618.766666666666 5198.9
52939.96666666667 7861.033333333334 4449.0
53290.3 7403.633333333333 4556.066666666667
54399.933333333334 7516.566666666667 3333.5
53104.53333333333 8631.333333333334 3514.133333333333
55205.333333333336 5860.666666666667 4184.0
55165.23333333333 6549.466666666666 3535.3
54649.23333333333 5890.4 4710.366666666667
55362.46666666667 5760.233333333334 4127.3
54286.23333333333 6621.766666666666 4342.0
55860.26666666667 6452.533333333334 2937.2
57013.833333333336 6451.033333333334 1785.1333333333334
55521.333333333336 6518.033333333334 3210.633333333333
57456.433333333334 5756.933333333333 2036.6333333333334
58108.76666666667 5552.933333333333 1588.3
57360.76666666667 5732.766666666666 2156.4666666666667
57456.03333333333 5546.0 2247.9666666666667
57667.2 4762.433333333333 2820.366666666667
56440.433333333334 5970.466666666666 2839.1
58000.8 5777.233333333334 1471.9666666666667
56339.6 6730.4 2180.0
55477.066666666666 6347.266666666666 3425.6666666666665
58284.03333333333 4335.566666666667 2630.4
56467.566666666666 5406.233333333334 3376.2
57259.13333333333 4906.966666666666 3083.9
57423.3 5050.066666666667 2776.633333333333
57421.3 4805.8 3022.9
55093.03333333333 6263.9 3893.0666666666666
54932.76666666667 6290.833333333333 4026.4
53964.933333333334 6204.466666666666 5080.6
54393.5 5610.4 5246.1
54435.46666666667 5354.366666666667 5460.166666666667
55749.5 5311.166666666667 4189.333333333333
58390.73333333333 3839.8 3019.4666666666667
56656.4 5413.233333333334 3180.366666666667
57443.46666666667 5402.966666666666 2403.5666666666666
56731.4 6006.1 2512.5
56085.26666666667 6271.566666666667 2893.1666666666665
56755.066666666666 6231.2 2263.733333333333
57078.23333333333 6175.9 1995.8666666666666
58589.3 5194.1 1466.6
56578.76666666667 6718.8 1952.4333333333334
57611.4 5943.0 1695.6
55743.63333333333 7042.833333333333 2463.5333333333333
54488.96666666667 7264.366666666667 3496.6666666666665
56832.3 5729.933333333333 2687.766666666667
55589.8 6887.433333333333 2772.766666666667
56695.26666666667 5449.366666666667 3105.366666666667
57061.7 5576.5 2611.8
56205.066666666666 6185.233333333334 2859.7
55484.46666666667 7022.533333333334 2743.0
56067.03333333333 6608.3 2574.6666666666665
57546.833333333336 5377.566666666667 2325.6
56911.066666666666 5548.033333333334 2790.9
56591.03333333333 6676.4 1982.5666666666666
53972.9 8686.9 2590.2
54051.96666666667 7053.466666666666 4144.566666666667
54145.8 6834.566666666667 4269.633333333333
53094.5 7757.4 4398.1
53734.333333333336 7558.233333333334 3957.4333333333334
55810.9 6279.7 3159.4
52905.1 7510.7 4834.2
54961.13333333333 5526.666666666667 4762.2
54713.5 6465.433333333333 4071.0666666666666
56263.3 5578.5 3408.2
55269.566666666666 6497.233333333334 3483.2
56365.6 6682.466666666666 2201.9333333333334
55679.1 6689.3 2881.6
56510.933333333334 6292.533333333334 2446.5333333333333
55605.1 7240.733333333334 2404.1666666666665
56665.63333333333 6394.066666666667 2190.3
55855.5 7118.533333333334 2275.9666666666667
56158.933333333334 6381.166666666667 2709.9
55989.166666666664 6478.633333333333 2782.2
55825.9 6236.633333333333 3187.4666666666667
57537.7 5312.933333333333 2399.366666666667
56025.066666666666 6390.533333333334 2834.4
56350.1 6466.766666666666 2433.133333333333
55178.03333333333 6853.566666666667 3218.4
55585.566666666666 6005.066666666667 3659.366666666667
54072.23333333333 7867.766666666666 3310.0
55141.96666666667 7916.333333333333 2191.7
57125.1 6064.7 2060.2
56029.46666666667 6881.266666666666 2339.266666666667
55963.76666666667 6637.3 2648.9333333333334
56306.63333333333 6631.233333333334 2312.133333333333
57118.63333333333 6080.266666666666 2051.1
58033.53333333333 5181.833333333333 2034.6333333333334
56607.53333333333 5848.0 2794.4666666666667
55559.666666666664 6946.766666666666 2743.5666666666666
54952.0 6662.566666666667 3635.4333333333334
55749.23333333333 6635.833333333333 2864.9333333333334
58165.0 5437.133333333333 1647.8666666666666
56742.03333333333 6276.333333333333 2231.633333333333
56924.7 5569.833333333333 2755.4666666666667
56015.6 5877.366666666667 3357.0333333333333
56081.03333333333 6446.1 2722.866666666667
55995.13333333333 6548.566666666667 2706.3
56374.166666666664 6484.833333333333 2391.0
54694.23333333333 6798.666666666667 3757.1
55645.3 6864.6 2740.1
56602.76666666667 6459.0 2188.233333333333
56895.4 6839.666666666667 1514.9333333333334
56932.36666666667 6352.633333333333 1965.0
58390.73333333333 5070.766666666666 1788.5
56651.2 6295.133333333333 2303.6666666666665
57148.333333333336 5456.833333333333 2644.8333333333335
56392.9 7012.2 1844.9
55519.1 7325.9 2405.0
56672.1 5962.066666666667 2615.8333333333335
56157.96666666667 5885.166666666667 3206.866666666667
55944.63333333333 6062.7 3242.6666666666665
56688.4 5646.833333333333 2914.766666666667
56496.4 5269.066666666667 3484.5333333333333
54967.7 6126.733333333334 4155.566666666667
56597.933333333334 5103.033333333334 3549.0333333333333
53544.23333333333 6753.966666666666 4951.8
55538.73333333333 5332.233333333334 4379.033333333334
55865.23333333333 5302.666666666667 4082.1
55835.066666666666 5258.833333333333 4156.1
54696.53333333333 6546.166666666667 4007.3
53917.166666666664 6735.6 4597.233333333334
54818.9 5611.066666666667 4820.033333333334
55155.13333333333 5504.333333333333 4590.533333333334
54450.86666666667 6187.3 4611.833333333333
53458.76666666667 7499.166666666667 4292.066666666667
53205.26666666667 7123.833333333333 4920.9
51610.333333333336 7707.166666666667 5932.5
53907.96666666667 6777.066666666667 4564.966666666666
57488.833333333336 5095.966666666666 2665.2
58705.566666666666 4200.466666666666 2343.9666666666667
57764.666666666664 5038.9 2446.4333333333334
56498.666666666664 6228.533333333334 2522.8
55601.0 7392.066666666667 2256.9333333333334
54066.566666666666 8056.133333333333 3127.3
55821.46666666667 6526.133333333333 2902.4
54812.4 7698.266666666666 2739.3333333333335
58868.1 4232.133333333333 2149.766666666667
58034.13333333333 4469.133333333333 2746.733333333333
56814.933333333334 5829.533333333334 2605.5333333333333
56324.53333333333 5621.166666666667 3304.3
56341.066666666666 5777.4 3131.5333333333333
55456.13333333333 5891.266666666666 3902.6
56990.86666666667 4659.433333333333 3599.7
56608.86666666667 4961.833333333333 3679.3
55683.63333333333 6960.5 2605.866666666667
53979.933333333334 7790.066666666667 3480.0
54448.333333333336 7797.9 3003.766666666667
54134.4 8361.066666666668 2754.5333333333333
57369.333333333336 5609.4 2271.266666666667
55230.46666666667 6739.266666666666 3280.266666666667
53176.066666666666 7385.4 4688.533333333334
56678.9 5554.5 3016.6
57356.0 5244.733333333334 2649.266666666667
56040.63333333333 5625.166666666667 3584.2
57164.76666666667 5516.233333333334 2569.0
56034.166666666664 6732.6 2483.233333333333
57540.46666666667 4750.633333333333 2958.9
58811.333333333336 4293.466666666666 2145.2
58172.96666666667 4844.433333333333 2232.6
55226.1 7044.633333333333 2979.266666666667
56446.066666666666 5813.533333333334 2990.4
56090.933333333334 6237.233333333334 2921.8333333333335
55545.63333333333 6186.966666666666 3517.4
57404.76666666667 5469.666666666667 2375.5666666666666
56846.6 6643.4 1760.0
57679.03333333333 5647.733333333334 1923.2333333333333
56681.666666666664 6457.133333333333 2111.2
54079.86666666667 8280.733333333334 2889.4
54466.36666666667 7126.933333333333 3656.7
54009.7 7661.9 3578.4
57209.36666666667 5973.966666666666 2066.6666666666665
55456.166666666664 6644.666666666667 3149.1666666666665
55563.666666666664 6452.4 3233.9333333333334
54975.9 7441.2 2832.9
54465.8 7366.533333333334 3417.6666666666665
54749.63333333333 6406.266666666666 4094.1
54152.5 6191.533333333334 4905.966666666666
55266.166666666664 5094.233333333334 4889.6
55232.8 5673.066666666667 4344.133333333333
54494.166666666664 6358.3 4397.533333333334
53099.0 6222.8 5928.2
54948.666666666664 5524.766666666666 4776.566666666667
55303.86666666667 5121.533333333334 4824.6
53653.066666666666 6569.833333333333 5027.1
54257.76666666667 6108.266666666666 4883.966666666666
54016.76666666667 7029.266666666666 4203.966666666666
53988.1 6675.266666666666 4586.633333333333
54957.0 5290.5 5002.5
53393.333333333336 6646.166666666667 5210.5
53782.73333333333 4921.566666666667 6545.7
53883.433333333334 5197.2 6169.366666666667
55202.1 4809.466666666666 5238.433333333333
55015.26666666667 5005.733333333334 5229.0
55604.03333333333 4963.9 4682.066666666667
56129.0 4724.066666666667 4396.933333333333
56932.63333333333 5035.966666666666 3281.4
57857.26666666667 4542.333333333333 2850.4
55598.76666666667 6519.1 3132.133333333333
57965.36666666667 5208.8 2075.8333333333335
55735.566666666666 6781.1 2733.3333333333335
56134.1 6318.866666666667 2797.0333333333333
56966.3 6280.7 2003.0
56630.833333333336 5659.133333333333 2960.0333333333333
56211.1 6316.6 2722.3
55276.566666666666 6904.266666666666 3069.1666666666665
56587.0 6196.633333333333 2466.366666666667
55187.86666666667 6266.0 3796.133333333333
54472.566666666666 6780.6 3996.8333333333335
55645.63333333333 6256.9 3347.4666666666667
55644.73333333333 6680.666666666667 2924.6
54450.066666666666 8420.966666666667 2378.9666666666667
55547.166666666664 7779.733333333334 1923.1
55860.86666666667 7244.166666666667 2144.9666666666667
55705.4 7011.666666666667 2532.9333333333334
54887.46666666667 7237.966666666666 3124.5666666666666
57488.86666666667 6132.933333333333 1628.2
54732.833333333336 8000.966666666666 2516.2
56124.333333333336 6910.033333333334 2215.633333333333
58169.833333333336 4852.566666666667 2227.6
55081.5 6995.5 3173.0
55773.96666666667 5783.0 3693.0333333333333
54428.76666666667 5586.466666666666 5234.766666666666
58131.166666666664 4818.233333333334 2300.6
55754.666666666664 6237.866666666667 3257.4666666666667
55655.833333333336 6536.366666666667 3057.8
56373.26666666667 5902.333333333333 2974.4
56774.8 5536.633333333333 2938.5666666666666
56983.833333333336 5860.033333333334 2406.133333333333
57311.86666666667 5582.533333333334 2355.6
56347.3 5450.6 3452.1
57038.166666666664 5080.933333333333 3130.9
56468.8 5825.7 2955.5
56788.8 6613.533333333334 1847.6666666666667
57046.73333333333 5648.666666666667 2554.6
56925.53333333333 6526.533333333334 1797.9333333333334
58302.833333333336 5126.966666666666 1820.2
56777.03333333333 6044.833333333333 2428.133333333333
57135.86666666667 6485.333333333333 1628.8
57135.666666666664 5734.533333333334 2379.8
55711.36666666667 6724.366666666667 2814.266666666667
56791.36666666667 5614.766666666666 2843.866666666667
56582.1 5203.966666666666 3463.9333333333334
55084.96666666667 6860.233333333334 3304.8
56907.63333333333 5525.2 2817.1666666666665
57377.63333333333 5484.9 2387.4666666666667
55104.13333333333 7290.166666666667 2855.7
56701.933333333334 5874.633333333333 2673.4333333333334
56928.23333333333 6349.7 1972.0666666666666
56453.833333333336 6160.666666666667 2635.5
56464.6 6350.166666666667 2435.233333333333
57459.7 5169.466666666666 2620.8333333333335
55905.73333333333 6467.066666666667 2877.2
56172.36666666667 6197.233333333334 2880.4
57658.933333333334 5127.5 2463.5666666666666
57274.63333333333 5767.4 2207.9666666666667
57284.36666666667 5629.3 2336.3333333333335
58614.933333333334 4565.166666666667 2069.9
55652.833333333336 6970.2 2626.9666666666667
53675.46666666667 8884.533333333333 2690.0
54594.76666666667 7342.966666666666 3312.266666666667
55820.53333333333 5945.2 3484.266666666667
54261.833333333336 6752.433333333333 4235.733333333334
56186.76666666667 5366.333333333333 3696.9
55609.566666666666 5526.733333333334 4113.7
56226.03333333333 5315.633333333333 3708.3333333333335
55151.13333333333 6211.2 3887.6666666666665
56280.63333333333 5085.6 3883.766666666667
56228.73333333333 4900.233333333334 4121.033333333334
56708.666666666664 5371.533333333334 3169.8
56258.833333333336 5876.833333333333 3114.3333333333335
55861.53333333333 6301.3 3087.1666666666665
56196.333333333336 6518.666666666667 2535.0
54030.1 7658.466666666666 3561.4333333333334
56909.7 6357.733333333334 1982.5666666666666
57710.03333333333 5480.466666666666 2059.5
55808.13333333333 7065.6 2376.266666666667
56442.63333333333 6373.866666666667 2433.5
55442.96666666667 6559.133333333333 3247.9
54867.166666666664 6776.133333333333 3606.7
57121.566666666666 5217.2 2911.233333333333
56473.2 6403.0 2373.8
56424.13333333333 6147.5 2678.366666666667
57649.433333333334 5258.6 2341.9666666666667
56582.96666666667 5706.233333333334 2960.8
54144.86666666667 6584.4 4520.733333333334
55903.03333333333 5894.466666666666 3452.5
57996.666666666664 4880.133333333333 2373.2
58917.833333333336 3882.0666666666666 2450.1
57701.566666666666 4818.833333333333 2729.6
57078.166666666664 5417.466666666666 2754.366666666667
55905.0 6454.733333333334 2890.266666666667
55441.36666666667 6595.833333333333 3212.8
55704.53333333333 6156.833333333333 3388.633333333333
56111.86666666667 5724.233333333334 3413.9
56279.833333333336 5691.3 3278.866666666667
54862.1 7233.4 3154.5
58363.86666666667 4672.0 2214.133333333333
58054.13333333333 5378.166666666667 1817.7
56193.333333333336 6852.666666666667 2204.0
57144.13333333333 5505.133333333333 2600.733333333333
57728.63333333333 5034.866666666667 2486.5
56469.833333333336 6213.9 2566.266666666667
56720.53333333333 6221.766666666666 2307.7
56634.96666666667 6475.533333333334 2139.5
55213.066666666666 6814.566666666667 3222.366666666667
57162.833333333336 5683.2 2403.9666666666667
56961.53333333333 5303.1 2985.366666666667
56759.73333333333 5837.9 2652.366666666667
56843.1 5519.066666666667 2887.8333333333335
56984.066666666666 5287.8 2978.133333333333
56350.76666666667 5896.966666666666 3002.266666666667
56807.566666666666 6126.266666666666 2316.1666666666665
56830.166666666664 5520.4 2899.4333333333334
57299.433333333334 5414.366666666667 2536.2
56873.86666666667 6062.9 2313.233333333333
55959.933333333334 6305.6 2984.4666666666667
56449.76666666667 5838.166666666667 2962.0666666666666
 
574.0666666666667
0.0
5.5
7.266666666666667
183.88647065897064
22.366666666666667
112.0
 
7628.4 14250.066666666668 10983.466666666667 646.434734180919 
5996.9 12016.366666666667 9662.366666666667 1137.9293589674187 
5988.533333333334 11349.033333333333 9300.5 2515.574120620049 
6951.0 12850.466666666667 11375.366666666667 4604.549273888451 
7194.066666666667 14217.1 12833.9 4481.611327301822 
7791.733333333334 15338.866666666667 14160.466666666667 3764.741518366315 
8732.333333333334 15939.933333333332 14901.333333333334 2849.0106213483227 
10338.366666666667 16431.3 15828.8 2271.279875385976 
9792.033333333333 16620.6 15745.3 2168.309682217925 
10900.666666666666 16546.6 15836.566666666668 2293.635407528116 
10852.766666666666 16896.866666666665 16143.766666666666 1985.4909319863439 
10914.566666666668 16867.833333333332 16041.566666666668 1400.1040720444876 
11009.233333333334 16895.233333333334 16188.7 536.3266930394822 
11762.066666666668 16973.166666666668 16160.9 898.3139393701218 
10824.6 16900.7 16191.833333333334 691.9712896259979 
11195.233333333334 17017.966666666667 16281.066666666668 903.9734728777535 
11347.066666666668 16998.166666666668 16361.366666666667 729.7156018309842 
11866.3 17248.6 16389.866666666665 636.1474617658326 
11975.833333333334 17143.2 16208.0 846.0534453173353 
11526.4 16965.566666666666 16127.566666666668 874.5556497127236 
11482.366666666667 17087.7 16428.333333333332 1006.8454523356048 
11334.1 16893.966666666667 16158.666666666666 1388.6211101104736 
11831.3 16845.1 16081.1 1849.25008160966 
11583.233333333334 16723.0 16007.633333333333 2133.9714576608358 
11492.733333333334 16805.866666666665 16045.433333333332 1991.5219556911745 
11636.333333333334 16690.466666666667 15980.966666666667 2188.081946794701 
11815.6 16712.1 16129.1 1996.5558915292104 
11275.8 16458.6 15857.3 2233.0497020144144 
11604.033333333333 16661.766666666666 16056.533333333333 2129.575447203816 
12233.4 16824.533333333333 16293.633333333333 2181.3224732818494 
11910.766666666666 16734.8 16167.6 2014.0979003845202 
10826.333333333334 16654.733333333334 16014.766666666666 2067.2659706051913 
10586.133333333333 16639.866666666665 15923.866666666667 1886.5551819829357 
11145.2 16696.5 15963.1 1657.5993732905833 
11370.266666666666 16889.066666666666 16315.4 796.7934705221088 
10590.6 16918.833333333332 16171.333333333334 753.1227360500783 
11354.533333333333 16993.6 16345.8 843.935281878889 
11415.133333333333 16972.766666666666 16246.9 859.6981935539937 
12063.133333333333 17022.766666666666 16303.133333333333 1209.7044505442916 
11742.133333333333 16933.0 16226.233333333334 795.1015539609458 
12011.1 17095.533333333333 16422.466666666667 517.0912182584423 
11637.066666666668 17103.966666666667 16315.933333333332 619.4825288541683 
11982.4 17102.133333333335 16381.333333333334 632.2072210385874 
11695.866666666667 17081.266666666666 16158.433333333332 842.453911301186 
11985.6 16805.3 16076.633333333333 1081.5919022440946 
12363.033333333333 17057.4 16425.1 791.9805614197023 
13135.2 17143.7 16604.0 641.4214838933914 
12368.833333333334 16922.033333333333 16262.0 961.9307112954308 
12183.533333333333 16904.2 16341.833333333334 1288.505141282374 
11628.4 16908.7 16262.233333333334 808.6220545539871 
10921.5 16799.1 16021.633333333333 1195.2295234249636 
11551.3 16985.9 16434.5 614.3429894339698 
10933.033333333333 16979.866666666665 16252.266666666666 770.1939198813648 
10998.966666666667 16921.666666666668 16262.633333333333 757.8696476894221 
11275.766666666666 16944.833333333332 16259.633333333333 924.9790884723349 
11257.933333333332 16766.733333333334 16128.6 1086.9359446014594 
11008.3 16855.066666666666 16044.8 1140.083073435148 
12031.566666666668 17019.4 16507.066666666666 691.7762922763078 
11650.666666666666 16946.733333333334 16304.033333333333 753.5179167670062 
11684.833333333334 17037.733333333334 16429.566666666666 542.7113556537724 
11880.4 17013.266666666666 16497.433333333334 524.7150516656105 
11792.166666666666 16900.533333333333 16293.366666666667 689.9945701879753 
11857.266666666666 17141.266666666666 16500.366666666665 802.6081695184628 
11258.366666666667 17062.433333333334 16414.366666666665 734.7460936344684 
11183.466666666667 16930.2 16081.2 677.8574043754827 
10426.8 16955.766666666666 16196.166666666666 749.7754399374078 
11309.133333333333 16896.833333333332 16078.766666666666 1267.3665566835823 
11244.6 16879.766666666666 16199.2 1319.9435711423425 
12179.866666666667 17079.066666666666 16364.433333333332 668.7825202892525 
12403.533333333333 17049.666666666668 16534.866666666665 555.720264461656 
12032.766666666666 17174.3 16580.866666666665 582.4669592918267 
11315.4 16958.566666666666 16130.9 850.6411225266113 
11274.833333333334 17013.366666666665 16077.166666666666 860.9624503361856 
10737.633333333333 17060.366666666665 16069.933333333332 1008.9763223188145 
11492.1 17181.4 16218.8 1243.3717121869336 
11294.466666666667 17007.0 15881.366666666667 1375.5910541371745 
10364.233333333334 16947.7 15641.4 1838.3283133506557 
10873.666666666666 16853.2 15916.8 1719.9935874880462 
11102.3 16806.833333333332 16201.5 1584.757576413503 
11152.0 16662.8 16099.566666666668 2047.5688486593072 
11702.1 16619.0 16050.766666666666 2190.7632295364306 
11613.266666666666 16557.433333333334 15983.566666666668 2132.089940645094 
11709.733333333334 16499.533333333333 15851.466666666667 2262.5131689978925 
12227.333333333334 16649.866666666665 16044.966666666667 2381.5779071167635 
13067.466666666667 16850.033333333333 16000.466666666667 2368.183678757485 
12719.1 16940.5 15989.8 2139.411655105207 
11670.433333333332 16287.9 15536.066666666668 2638.8824277628505 
10807.3 16304.666666666666 15592.866666666667 2605.545867653158 
10544.666666666666 16427.133333333335 15638.6 2187.372507141845 
10732.766666666666 16635.8 15948.633333333333 2001.5546199281087 
10984.0 16633.1 16011.666666666666 2029.2792263373822 
11833.0 16804.0 16188.4 1694.1137218813458 
10986.933333333332 16888.066666666666 16278.033333333333 769.1316738880138 
11763.666666666666 17061.433333333334 16489.466666666667 744.2230314600292 
11464.566666666668 17014.1 16476.433333333334 583.0861486759723 
12875.266666666666 17174.9 16558.1 614.2818555028304 
13058.333333333334 17203.866666666665 16570.5 612.5597978973154 
12546.233333333334 17147.8 16571.533333333333 454.4490978707688 
10830.833333333334 16714.866666666665 15909.4 820.5702285606027 
11626.766666666666 16895.666666666668 16295.266666666666 816.6679636044123 
11076.7 16888.233333333334 16175.833333333334 857.476901600141 
11239.966666666667 16980.733333333334 16397.166666666668 637.6721462562961 
10739.833333333334 16893.233333333334 16223.9 736.5638410891482 
11571.5 16971.233333333334 16361.333333333334 861.7633357766443 
11315.5 17104.766666666666 16403.933333333334 742.7880331711208 
10646.733333333334 17054.166666666668 16085.533333333333 833.0931883982463 
10541.2 16905.933333333334 16032.8 929.138125361348 
10689.3 17096.0 15922.533333333333 1358.4384475484258 
10786.933333333332 16904.7 16114.9 1094.8975308219487 
10951.666666666666 16748.966666666667 15851.666666666666 1872.1769437386697 
11296.5 17016.7 16338.533333333333 1284.7736516168477 
10774.1 16921.833333333332 16241.033333333333 574.5632435936786 
11499.066666666668 17041.233333333334 16322.366666666667 852.4062357689425 
11950.066666666668 17072.933333333334 16402.233333333334 706.7878995065556 
11277.433333333332 16930.966666666667 16241.8 1046.635626185159 
11584.966666666667 16787.5 16062.466666666667 1694.2851428650763 
11359.866666666667 16759.166666666668 15918.866666666667 1371.6930966266957 
11344.266666666666 16904.166666666668 16252.333333333334 728.8584992225095 
11258.1 16954.333333333332 16336.066666666668 780.2008880196602 
11666.766666666666 17322.4 16345.2 561.6039912607458 
12124.6 17109.1 16252.4 837.0421118438425 
11150.466666666667 16894.066666666666 16045.933333333332 1199.6231883387381 
11273.366666666667 16840.233333333334 16024.9 1551.5959652349363 
11473.133333333333 16685.833333333332 15986.8 1769.530995207487 
11376.733333333334 16775.6 16002.566666666668 1658.4043993482946 
11400.033333333333 17065.5 16197.766666666666 880.5066661997636 
12178.433333333332 17203.766666666666 16388.0 741.8049795375239 
11015.4 16867.466666666667 16104.8 869.7121529563675 
11510.5 16981.5 16171.333333333334 915.2905257652105 
11223.0 16946.433333333334 16434.166666666668 666.6483003303416 
11126.333333333334 16855.1 16224.566666666668 749.0449061601344 
11380.366666666667 17071.933333333334 16383.166666666666 789.6597987600595 
11554.266666666666 17074.8 16190.933333333332 832.2781270571619 
12493.233333333334 17246.433333333334 16399.533333333333 921.1403737879597 
11111.7 16971.1 15830.533333333333 1338.4028290798287 
10548.3 16613.466666666667 15536.533333333333 1790.6751437501011 
10881.866666666667 16703.766666666666 15641.4 1725.414687449561 
10810.266666666666 16656.266666666666 15902.8 1536.753018217306 
10492.9 16620.8 15860.366666666667 1863.5369723846225 
11692.4 17027.733333333334 16332.7 791.4400716415615 
11940.533333333333 17039.3 16490.3 593.3570737759853 
11610.133333333333 17004.2 16338.433333333332 678.8316998098032 
11793.966666666667 17036.033333333333 16476.233333333334 521.2349745236468 
12226.433333333332 17268.466666666667 16606.0 492.07253123904377 
11607.833333333334 16990.7 16204.2 825.8391734068645 
11730.666666666666 17083.166666666668 16288.233333333334 800.9802794770364 
12000.666666666666 16989.8 16198.2 1453.6990735132679 
11519.833333333334 16901.566666666666 16039.533333333333 1838.6630127169399 
11462.9 16931.733333333334 16109.6 1707.4282814611372 
10837.733333333334 16831.833333333332 16051.7 812.9913058165712 
12258.866666666667 17008.0 16421.866666666665 1031.3233987886094 
11768.0 16900.033333333333 16322.3 1024.408444095095 
11978.366666666667 16938.166666666668 16265.333333333334 1247.853350313605 
11717.133333333333 16964.433333333334 16325.3 977.0384704128425 
10958.5 16970.166666666668 16359.0 554.0605640782123 
11528.266666666666 16995.633333333335 16365.0 657.1903019673982 
12292.7 16991.8 16436.4 670.0889503143096 
12343.966666666667 17057.6 16429.066666666666 688.731563737926 
12205.966666666667 17031.3 16573.033333333333 558.5402773698995 
11241.533333333333 17073.033333333333 16474.566666666666 583.0855587113931 
11256.533333333333 16924.966666666667 16315.6 756.5777944137669 
11876.133333333333 17047.566666666666 16525.266666666666 632.2345587939127 
10460.4 16697.2 15874.366666666667 1089.1199526325017 
10674.633333333333 16775.133333333335 16089.633333333333 1009.5246823794519 
10902.633333333333 16893.8 16216.3 767.620565991645 
11223.833333333334 16949.066666666666 16460.466666666667 685.9140560028073 
10896.3 16908.4 16202.266666666666 995.2190160964569 
10220.066666666668 16889.166666666668 16257.333333333334 712.8264566732447 
10904.9 16848.566666666666 16133.9 785.3953558558899 
11169.966666666667 16815.8 15957.233333333334 1367.7834539867777 
11383.533333333333 16758.433333333334 15926.433333333332 1353.8060718663594 
11464.133333333333 16836.766666666666 16043.6 1524.302207678429 
11311.0 16832.8 16162.6 1093.7645557126696 
11343.5 16630.0 15921.066666666668 1147.117652931323 
11277.366666666667 16647.0 15984.566666666668 1394.070677747565 
10955.666666666666 16886.8 15994.033333333333 1066.0770154063814 
12071.133333333333 16948.6 16379.533333333333 805.2066700888385 
11741.033333333333 16897.066666666666 16342.233333333334 952.6384500719857 
11433.8 16818.833333333332 16176.466666666667 1072.8187630412385 
11464.466666666667 16812.9 16183.0 718.1069945813554 
11561.933333333332 16876.4 16319.0 894.3508642212704 
11558.533333333333 16788.233333333334 16095.766666666666 1328.4617434377922 
11537.466666666667 16903.333333333332 16376.066666666668 664.5802428768269 
11278.3 16932.966666666667 16382.3 598.7420226330094 
10936.333333333334 17022.833333333332 16286.233333333334 807.5986223916487 
11639.633333333333 16971.233333333334 16360.033333333333 779.1772691613749 
12065.766666666666 17084.3 16312.566666666668 870.6846944917673 
11995.8 16977.866666666665 16205.633333333333 1370.8810991070263 
11862.933333333332 16840.633333333335 16086.1 1126.13184145256 
11773.733333333334 17034.266666666666 16214.4 933.5673166229985 
11356.466666666667 16861.0 15928.5 1164.062735995502 
11751.2 16931.266666666666 16186.533333333333 1515.287282369621 
11725.633333333333 16761.033333333333 15915.366666666667 1727.4695749692507 
11342.3 16852.966666666667 15976.3 1432.5340913918944 
11757.1 16834.633333333335 16091.1 1059.5535309742497 
11943.9 16888.966666666667 16196.933333333332 1472.3204329296739 
12393.9 16960.733333333334 16442.3 922.0920624680957 
12299.366666666667 16865.233333333334 16288.366666666667 1414.039410852627 
12316.933333333332 16720.5 15903.766666666666 1911.9214905138992 
11741.133333333333 16871.966666666667 16168.533333333333 1641.4948753769809 
11678.466666666667 16984.733333333334 16390.1 726.3346905295564 
11778.033333333333 16784.533333333333 16115.4 1298.368574917513 
11956.733333333334 16990.366666666665 16271.8 1020.4693080473643 
12206.966666666667 16968.0 16403.4 888.6813350877429 
11032.4 16774.933333333334 16089.2 979.0958283028278 
10985.233333333334 16866.533333333333 16004.966666666667 1203.5411197333012 
11805.8 16930.133333333335 16320.5 609.9022757786694 
12049.566666666668 16925.6 16358.866666666667 817.6529155658488 
11700.566666666668 16932.933333333334 16140.2 763.6899364270818 
11397.366666666667 16905.366666666665 16225.966666666667 826.7329490228387 
11342.366666666667 16672.1 15911.433333333332 1165.4855585167545 
11775.3 16764.066666666666 16212.6 1355.9525286675782 
12251.966666666667 16984.766666666666 16479.633333333335 711.826982879657 
11798.366666666667 16915.266666666666 16393.333333333332 577.5548517481068 
12024.866666666667 17261.966666666667 16476.4 512.8356939605511 
11470.733333333334 16990.833333333332 16196.333333333334 820.0012745247549 
11056.8 17127.766666666666 15909.9 1165.5337997387003 
12004.933333333332 16827.0 15791.633333333333 1967.7197546342256 
9959.933333333332 16283.066666666668 15450.166666666666 2251.958334748768 
9613.633333333333 16475.566666666666 15467.666666666666 1732.1338417942445 
10859.566666666668 16822.233333333334 16183.3 740.6416805716512 
11147.966666666667 16894.566666666666 16287.366666666667 583.1010177395412 
11273.2 16815.9 16231.266666666666 906.1028027890777 
10948.666666666666 16752.733333333334 16118.533333333333 670.1517266012725 
11767.433333333332 17019.633333333335 16341.5 824.3080374876049 
11745.566666666668 17084.533333333333 16404.533333333333 721.6138170794678 
12004.6 16927.9 16371.066666666668 601.53092734751 
11067.033333333333 16932.466666666667 16241.533333333333 825.6581070744583 
11704.966666666667 17027.566666666666 16371.966666666667 801.9184389810337 
11930.666666666666 17097.8 16531.366666666665 625.3093593485456 
11210.766666666666 16996.366666666665 16171.866666666667 839.031408430777 
12010.166666666666 16897.333333333332 16196.266666666666 1058.5884275770256 
11077.666666666666 16777.9 16127.266666666666 680.5956474540029 
11750.333333333334 16932.333333333332 16246.633333333333 731.1385439466616 
11766.133333333333 16957.533333333333 16150.433333333332 919.0476830816658 
11500.333333333334 17043.966666666667 16220.166666666666 925.2380680427907 
12175.866666666667 16974.0 16290.366666666667 1210.3335002753947 
10772.333333333334 16671.166666666668 15965.9 1334.7570791471132 
10815.6 16521.7 15887.5 1813.2115652436516 
10487.966666666667 16425.866666666665 15758.933333333332 1912.5348142655544 
9932.066666666668 16560.166666666668 15747.933333333332 2071.148535823649 
10931.466666666667 16562.533333333333 15868.533333333333 2183.2484339727453 
11002.266666666666 16414.066666666666 15808.0 2130.98441007906 
10345.9 16252.466666666667 15538.566666666668 2366.2412152093784 
10757.8 16443.433333333334 15829.233333333334 2088.0145535625197 
10936.433333333332 16524.233333333334 15782.133333333333 2176.7129806711364 
11829.8 16612.2 16001.433333333332 2056.7571894179005 
11406.1 16415.4 15751.233333333334 2274.33931949967 
11452.233333333334 16599.166666666668 16002.4 2096.3715022231468 
11748.366666666667 16650.4 15835.3 2204.4834329913515 
10891.1 16556.766666666666 15802.466666666667 2183.1981783103834 
11942.633333333333 16650.9 15856.6 2312.8529939593363 
11478.733333333334 16603.9 15791.7 2347.1527229816124 
12097.533333333333 16626.733333333334 16021.366666666667 2472.289061870485 
12461.233333333334 16455.2 15666.033333333333 2688.508241075957 
10519.2 16130.733333333334 15271.066666666668 2415.4948191025187 
11656.5 16438.866666666665 15960.466666666667 2223.574421561424 
11247.166666666666 16604.666666666668 16102.566666666668 2103.352138346998 
11376.433333333332 16505.133333333335 15969.266666666666 2102.6449260131603 
10775.4 16368.966666666667 15652.4 2225.047053360145 
11886.633333333333 16535.1 16020.833333333334 2070.0494933159875 
11948.633333333333 16536.0 15970.666666666666 2100.196379124792 
11417.866666666667 16544.233333333334 16012.266666666666 2054.3270918829953 
11469.233333333334 16510.233333333334 15881.1 2129.4491084941815 
11303.366666666667 16538.333333333332 15976.533333333333 2165.5445861902217 
11527.733333333334 16558.8 15860.0 1967.8698565538657 
11464.7 16716.9 15904.433333333332 2104.592999608238 
11714.966666666667 16640.166666666668 15926.9 2072.2835336089183 
11094.1 16663.933333333334 15941.266666666666 2087.333635765974 
10758.7 16557.2 15832.466666666667 2219.312906759908 
11017.733333333334 16490.766666666666 15714.266666666666 2749.0369564024904 
10662.766666666666 16219.0 15416.9 2671.104791030608 
11109.2 16416.366666666665 15738.4 2809.325797055229 
11227.7 16135.533333333333 15620.1 3002.748592040299 
10584.166666666666 16238.633333333333 15607.566666666668 2860.982436079529 
11383.833333333334 16553.966666666667 15910.566666666668 2244.599108526955 
10503.0 16469.233333333334 15764.366666666667 2030.488176878763 
10953.6 16482.866666666665 15856.533333333333 2224.201214493768 
10392.366666666667 16428.5 15790.1 2137.971719566624 
10775.033333333333 16514.0 15893.8 2152.778354050102 
11507.433333333332 16784.2 15988.266666666666 2066.5283911806187 
10638.433333333332 16642.5 15836.966666666667 2007.7011909699665 
10826.633333333333 16556.933333333334 15697.933333333332 2336.9169946510483 
10538.8 16534.4 15723.7 1987.9914125401376 
10470.933333333332 16545.966666666667 15747.933333333332 2168.232782372675 
11299.133333333333 16661.233333333334 15981.166666666666 1944.52821501772 
12066.366666666667 16523.166666666668 15833.566666666668 1994.5121312686415 
12252.8 16576.633333333335 15976.733333333334 2267.8392899164805 
11769.133333333333 16663.933333333334 16037.566666666668 2058.2917452748693 
10857.866666666667 16694.866666666665 15868.5 2181.7797056531626 
10707.733333333334 16924.7 15998.133333333333 2156.6883333017777 
10118.6 16747.3 15869.0 1844.0455721953654 
11584.733333333334 16953.8 16166.833333333334 1274.8807327223462 
12120.133333333333 17036.2 16397.4 795.3558823989842 
11106.833333333334 16816.266666666666 16105.6 967.2745985499672 
11509.566666666668 16933.666666666668 16416.566666666666 552.6772847793827 
11658.2 17066.066666666666 16526.533333333333 507.7513413735771 
10938.9 16974.933333333334 16394.833333333332 518.8462849866463 
12150.466666666667 16915.0 16395.366666666665 757.0593637372318 
11794.266666666666 16950.766666666666 16359.266666666666 755.6832500018332 
11515.5 16986.666666666668 16234.666666666666 755.9863124863218 
12221.7 17165.433333333334 16527.4 673.7096256301128 
12079.633333333333 16969.066666666666 16290.566666666668 775.3651396456881 
11059.7 16823.833333333332 16079.733333333334 1183.4026315859048 
12099.333333333334 16980.2 16440.0 1426.4065891836965 
11906.766666666666 16826.933333333334 16183.666666666666 808.4978259436173 
11658.266666666666 16997.0 16292.0 910.0207186286111 
12655.7 16980.733333333334 16339.333333333334 875.5461655446844 
11841.6 17050.333333333332 16314.533333333333 886.6660952379111 
11875.933333333332 16657.833333333332 15994.533333333333 1444.8384056126602 
11763.8 16768.066666666666 15965.266666666666 1856.3291029759664 
11538.033333333333 16601.833333333332 15763.0 2232.109818086915 
10981.1 16642.433333333334 15789.3 2207.256419479471 
11021.766666666666 16613.433333333334 15772.166666666666 2265.0697206586033 
11116.966666666667 16651.466666666667 16030.566666666668 1524.4897434515224 
12053.8 16922.9 16411.766666666666 818.6743334331559 
11562.4 16910.266666666666 16222.233333333334 1014.5087033743092 
11778.1 16957.5 16378.5 733.0847820454785 
12112.766666666666 16949.266666666666 16296.533333333333 778.2369661256423 
11920.3 16902.266666666666 16193.733333333334 720.8742618823651 
11963.466666666667 16921.233333333334 16323.766666666666 743.269613262913 
12412.866666666667 17018.533333333333 16382.7 1077.5387663559952 
12662.733333333334 17110.5 16586.866666666665 583.3602747111867 
12438.966666666667 17044.7 16337.266666666666 819.6704313320079 
12239.166666666666 17105.433333333334 16466.133333333335 732.6624855810334 
11298.433333333332 16951.133333333335 16202.566666666668 638.6026538031643 
11268.433333333332 16735.333333333332 15973.733333333334 918.220483386812 
11303.266666666666 17115.233333333334 16289.066666666668 866.3786497061585 
11818.566666666668 16931.233333333334 16156.266666666666 865.4640676153651 
11180.6 16885.833333333332 16233.6 956.7185885445451 
12063.766666666666 16987.8 16319.6 1178.3449671750063 
11461.133333333333 16953.433333333334 16209.066666666668 924.0639735549819 
11569.7 17021.933333333334 16148.833333333334 1108.3354101233676 
11318.6 16995.366666666665 16223.766666666666 1146.4433048442572 
12446.266666666666 16975.266666666666 16396.666666666668 1232.5251092776973 
12222.4 17034.8 16286.566666666668 902.2469953153383 
12561.233333333334 17233.7 16335.5 803.1299861583223 
12183.933333333332 16809.6 16012.9 1283.2053700272088 
12143.366666666667 16648.7 15865.3 2088.1776105813733 
11989.6 16747.5 15862.266666666666 2060.9568942335713 
11647.166666666666 16725.533333333333 15744.133333333333 2018.725719468706 
11787.133333333333 16848.666666666668 15852.3 1706.008524304612 
11990.633333333333 17130.966666666667 16139.666666666666 1807.3847823428318 
12049.733333333334 16604.233333333334 15681.666666666666 2247.8852995896186 
11866.666666666666 16601.366666666665 15894.666666666666 2261.374177205828 
12161.066666666668 16625.733333333334 15938.833333333334 2195.837750963298 
12050.7 16702.266666666666 16160.166666666666 2089.290820855515 
11474.6 16702.966666666667 16053.233333333334 1696.321997243841 
11899.233333333334 16936.466666666667 16290.966666666667 973.7553122947376 
11482.333333333334 16991.633333333335 16154.4 883.1849921354718 
11277.6 17044.566666666666 16281.0 919.7028371526678 
11395.8 16928.433333333334 16194.8 805.2042436549871 
12056.1 17078.5 16322.033333333333 955.9891070974027 
10943.833333333334 16943.466666666667 16232.433333333332 755.1444053218489 
11450.566666666668 16898.766666666666 16219.466666666667 932.1463656529482 
10698.433333333332 16799.533333333333 16195.166666666666 905.3174079968983 
11086.533333333333 16783.8 16138.333333333334 778.0370367505365 
11396.233333333334 16916.4 16388.466666666667 883.803225082748 
11308.8 16896.7 16193.733333333334 762.7503693869969 
10832.066666666668 17111.866666666665 16266.133333333333 698.5138750709731 
10620.766666666666 16884.0 16070.533333333333 1021.895238216173 
10259.733333333334 17001.266666666666 16067.2 1380.7389335666126 
10315.333333333334 16841.1 15950.866666666667 1031.440581096814 
11483.1 16908.633333333335 16169.6 1082.4263562324536 
11938.133333333333 16929.566666666666 16381.0 881.95428396261 
11313.8 16979.5 16243.5 828.8210490409454 
11430.333333333334 16868.433333333334 16206.0 676.9412463426941 
11563.333333333334 16912.133333333335 16274.1 819.1954315058159 
11713.566666666668 16918.033333333333 16381.4 744.5996485808107 
11306.9 17025.166666666668 16474.5 614.6479244250322 
11465.4 16964.4 16255.966666666667 921.9851084601216 
10748.4 16879.666666666668 16156.066666666668 937.5801456112671 
11440.866666666667 16646.7 16006.133333333333 1186.2332509530606 
11828.2 16830.433333333334 16163.033333333333 971.5375313274201 
12432.566666666668 17016.9 16526.2 630.7004666770646 
12355.3 16947.766666666666 16325.6 895.1845515497536 
11718.233333333334 16855.966666666667 16291.5 870.7195080315281 
11029.0 16808.833333333332 16140.5 1015.5326157572031 
11239.266666666666 17012.033333333333 16210.4 713.5078394804083 
12287.066666666668 16918.166666666668 16203.5 948.7171248586167 
11601.933333333332 16844.7 16272.9 883.8012885635928 
10915.266666666666 16648.633333333335 15968.3 1427.770080696935 
10788.333333333334 16801.733333333334 16165.133333333333 814.6361742793188 
11287.133333333333 16943.5 16316.033333333333 658.2539177416435 
11790.6 16950.833333333332 16412.666666666668 620.3080892230536 
11736.033333333333 17031.566666666666 16371.3 642.9439190162702 
11778.2 17075.966666666667 16534.8 511.4176665570585 
11837.066666666668 16897.666666666668 16309.366666666667 855.8566219486378 
11801.2 16912.8 16324.9 773.6048894623148 
12354.133333333333 17015.533333333333 16329.466666666667 607.2948738280094 
11570.366666666667 16873.233333333334 16185.933333333332 622.0870352647165 
12191.566666666668 17122.3 16280.166666666666 954.7547113729729 
12435.266666666666 16844.166666666668 16169.7 1244.2479847950995 
12277.9 16770.866666666665 16144.8 1377.5369312653654 
12024.1 16826.133333333335 16251.9 1633.976097642394 
12292.333333333334 16691.4 16175.766666666666 2045.0432716421649 
11591.033333333333 16591.633333333335 15955.833333333334 2151.5508286401746 
12199.966666666667 16751.433333333334 16179.466666666667 2187.487370807988 
10779.733333333334 16490.466666666667 15733.8 2167.7079562677873 
11269.7 16626.866666666665 15990.566666666668 2244.461219263496 
12204.1 16790.733333333334 16052.933333333332 2085.165251857885 
11193.2 16704.633333333335 16042.533333333333 2101.953090104534 
11670.866666666667 16661.033333333333 15943.5 2069.6540136779704 
11920.0 16414.3 15806.633333333333 2216.560431138499 
11882.6 16421.3 15874.4 2251.472093098202 
11266.133333333333 16508.066666666666 15931.033333333333 2223.578983780678 
11493.9 16578.266666666666 15858.4 2247.871149554618 
11019.6 16511.466666666667 15791.3 2173.7399653592424 
11146.9 16500.633333333335 15703.0 2419.3726312827466 
10416.6 16201.7 15442.266666666666 2373.3071316203473 
10438.833333333334 16487.933333333334 15808.9 2103.878835231091 
11910.266666666666 16870.366666666665 16356.933333333332 1034.5253941891526 
12126.533333333333 17067.633333333335 16510.666666666668 836.9673524762546 
11705.833333333334 17051.166666666668 16406.4 708.8968239454878 
12145.333333333334 16930.1 16272.2 738.5173791681096 
11810.066666666668 16972.033333333333 16208.966666666667 939.303869303693 
12149.833333333334 16908.7 15968.466666666667 1421.0719855877187 
12219.2 16784.133333333335 16166.466666666667 1312.078045273561 
11403.7 16860.766666666666 16081.9 1088.5343157965515 
12946.933333333332 16977.166666666668 16546.5 877.7133275354395 
11879.833333333334 16937.166666666668 16403.266666666666 766.6040180200237 
11746.9 17009.6 16295.533333333333 527.7066259875 
11299.1 16950.833333333332 16176.633333333333 790.3799330420501 
11207.733333333334 16821.4 16195.5 726.6123198331647 
11175.7 16757.833333333332 16030.0 961.3848317227947 
10683.266666666666 16857.166666666668 16213.7 753.4879691585437 
11019.533333333333 16829.5 16167.633333333333 906.3281048641638 
10809.233333333334 16882.133333333335 16182.366666666667 694.6670098367675 
11446.3 16781.3 15924.633333333333 1156.810356780901 
10856.233333333334 16897.633333333335 16019.0 1437.4377529711214 
10865.266666666666 16741.666666666668 16012.566666666668 1030.5053069031503 
12641.333333333334 16896.966666666667 16384.4 1320.5583629662115 
11585.133333333333 16964.1 16069.5 1380.735239163058 
11078.0 16594.766666666666 15723.4 1493.8067559092108 
11428.866666666667 16913.133333333335 16240.766666666666 880.282051832126 
11629.833333333334 16888.2 16345.366666666667 846.8529293803028 
10645.633333333333 16778.1 16120.133333333333 728.2887782710618 
11133.166666666666 16870.166666666668 16334.133333333333 804.5942076599855 
10531.466666666667 16906.533333333333 16229.666666666666 531.221518138463 
11399.033333333333 16846.966666666667 16332.733333333334 748.711989352381 
12509.466666666667 17029.7 16541.2 645.8493818221087 
11935.466666666667 17133.7 16468.566666666666 671.0984740624053 
11204.833333333334 16906.966666666667 16099.133333333333 761.0917985952083 
11444.766666666666 16845.966666666667 16220.2 1041.936928673388 
11289.6 16964.266666666666 16191.466666666667 1127.0624641567613 
11168.9 16741.6 16077.366666666667 1161.4482744975487 
11543.1 17038.1 16377.433333333332 649.7595061080503 
13016.2 16930.4 16383.3 794.539790486711 
12878.1 17119.933333333334 16450.2 701.8616364118121 
12700.5 17249.133333333335 16331.566666666668 1056.2772036207584 
12022.066666666668 17033.6 15993.6 1308.7465873881008 
11740.6 16730.733333333334 15955.633333333333 1183.7000718087334 
11032.733333333334 16829.2 15917.666666666666 947.3743252332264 
11722.033333333333 17031.7 16388.833333333332 679.0917970184721 
11179.966666666667 16808.3 16105.266666666666 883.1631093845451 
11137.333333333334 16867.333333333332 16107.566666666668 803.9235340918108 
11732.066666666668 16874.233333333334 16088.866666666667 731.1012408992642 
11358.2 16704.733333333334 15979.366666666667 1147.4285717783628 
10892.966666666667 16469.266666666666 15940.1 1753.7524416709066 
11024.233333333334 16581.866666666665 15799.2 2082.117994094795 
10405.066666666668 16643.0 15912.3 2123.5369167970684 
11590.766666666666 16743.633333333335 15963.433333333332 2142.596189205983 
11455.3 16596.466666666667 15884.2 2147.578531198956 
10838.2 16375.6 15591.7 2334.766129044477 
10671.366666666667 16488.7 15891.766666666666 2157.0294417966984 
10982.066666666668 16454.766666666666 15922.533333333333 2151.874520350416 
11059.133333333333 16504.566666666666 15737.1 2062.890630563498 
12002.066666666668 16409.0 15811.933333333332 2159.7110374101235 
11810.366666666667 16632.433333333334 15855.9 2069.342095127499 
11213.133333333333 16538.233333333334 15814.7 2085.8709256966663 
11472.933333333332 16525.266666666666 15870.0 2364.9386120996883 
10960.733333333334 16389.4 15692.866666666667 2092.758728807504 
11104.2 16260.033333333333 15598.233333333334 2697.5267741437196 
10490.533333333333 16370.566666666668 15645.966666666667 2206.3182941019386 
10882.033333333333 16456.433333333334 15871.033333333333 2085.533302699016 
10884.033333333333 16415.233333333334 15853.2 2152.4252518186704 
11949.366666666667 16505.033333333333 15966.7 2173.4948519991176 
11358.566666666668 16663.033333333333 16047.833333333334 1917.7141072989307 
11034.766666666666 16850.633333333335 16239.666666666666 878.9849067722002 
11811.533333333333 16894.133333333335 16375.233333333334 769.3184997125702 
11915.033333333333 16853.933333333334 16121.3 984.2844824202674 
11779.866666666667 16966.2 16463.433333333334 601.7149609426563 
11588.433333333332 17020.566666666666 16174.733333333334 906.7378374639986 
12012.6 16952.966666666667 16208.133333333333 994.9331260609094 
12443.433333333332 17030.066666666666 16370.9 734.6019259889442 
12227.666666666666 16978.833333333332 16241.633333333333 1011.6515522209767 
11358.2 16834.066666666666 16223.466666666667 778.9563208407632 
11047.066666666668 16714.1 16095.366666666667 1277.8917806728045 
11618.0 16994.633333333335 16286.6 832.0510138607291 
11192.666666666666 16751.866666666665 16013.733333333334 1322.9269370939912 
10793.266666666666 16741.733333333334 15922.133333333333 1453.6235928037058 
11438.166666666666 16790.066666666666 16104.433333333332 962.7533039846363 
11684.2 16903.3 16146.533333333333 750.3568152700567 
11729.233333333334 16948.133333333335 16081.6 962.2048040827898 
11549.733333333334 16923.333333333332 16237.0 680.8555025358417 
11516.666666666666 16845.233333333334 16246.166666666666 771.1025034181758 
12508.833333333334 16869.233333333334 16191.8 1165.8182682848415 
11821.2 16656.0 16050.9 866.0649496429238 
12367.266666666666 16998.033333333333 16460.666666666668 610.4704974216381 
11445.166666666666 16761.833333333332 16096.2 631.5822387728565 
11908.1 17047.5 16265.533333333333 877.7398833240845 
13161.566666666668 17129.8 16468.833333333332 696.8797351209333 
12078.6 16864.366666666665 16065.533333333333 885.9976847850362 
12432.866666666667 16639.5 16082.7 1575.9328663789372 
11147.4 16581.866666666665 15793.9 1653.1765497570627 
12128.6 16987.8 16457.7 761.6576661029109 
11007.366666666667 16881.3 16124.266666666666 761.1842994819178 
11212.833333333334 16730.266666666666 16134.366666666667 821.8396836772162 
11576.733333333334 16780.033333333333 16214.466666666667 779.50917862175 
11056.6 16899.533333333333 16258.166666666666 737.3312378662208 
11274.9 16881.033333333333 16332.3 618.304680288502 
11828.033333333333 16900.466666666667 16370.166666666666 829.5438261813268 
11353.3 16748.366666666665 16164.1 845.9644338465615 
11988.366666666667 16802.966666666667 16265.233333333334 956.6768120251827 
11766.566666666668 16739.6 16225.966666666667 886.9886952179517 
12111.866666666667 16873.566666666666 16368.7 649.6728622930158 
11946.633333333333 16823.633333333335 16323.8 696.5125526507042 
12209.733333333334 16931.266666666666 16387.366666666665 573.951777687909 
12637.2 16945.633333333335 16522.9 678.9447986888674 
12091.0 16807.8 16309.5 611.6334520500546 
12580.466666666667 16967.4 16425.3 657.6693794503942 
12636.233333333334 16824.166666666668 16350.1 660.1502642075769 
12057.233333333334 16764.5 16164.233333333334 697.6119208493441 
11955.2 16762.533333333333 16269.233333333334 748.112873019692 
11248.3 16778.166666666668 16186.433333333332 869.1310547514303 
11452.266666666666 16789.166666666668 16052.566666666668 979.0005651456772 
11743.466666666667 16816.366666666665 16283.566666666668 539.9816449555383 
11469.033333333333 17001.133333333335 16373.566666666668 692.4346095881946 
11274.3 16765.566666666666 16099.4 699.94457280559 
11999.466666666667 16768.8 16277.466666666667 644.5079234923684 
12343.233333333334 16909.0 16370.2 700.8821943332083 
11673.933333333332 16872.333333333332 16256.466666666667 713.7616053930984 
11728.633333333333 16940.866666666665 16277.5 567.3195028670648 
11737.4 16925.4 16358.533333333333 689.5370427564667 
11427.033333333333 16852.666666666668 16177.4 730.1285115192621 
11973.0 16993.833333333332 16203.766666666666 877.1205917977046 
12606.0 17061.166666666668 16394.2 869.4742029909033 
12032.366666666667 16961.466666666667 16381.2 594.3484421336244 
12032.966666666667 16936.366666666665 16369.366666666667 692.8608669855731 
13241.866666666667 17196.3 16529.1 937.2681094542799 
11291.633333333333 16971.4 16177.133333333333 729.7602081049181 
11690.1 16762.266666666666 15973.1 922.3979611136762 
11828.133333333333 16593.866666666665 16002.833333333334 1469.8460940217897 
11783.433333333332 16689.5 16108.233333333334 1570.1654004169964 
11414.266666666666 16509.1 15877.2 1611.9301158342237 
11402.4 16708.8 16123.566666666668 964.2680333922838 
10097.166666666666 16714.533333333333 16024.066666666668 860.3599434087005 
10726.2 16845.233333333334 16126.333333333334 800.972047854633 
11036.433333333332 16682.333333333332 16000.9 1008.0761323762542 
11639.766666666666 16768.466666666667 16114.333333333334 997.3603875564071 
10383.4 16679.9 16085.333333333334 896.2109287315003 
10957.433333333332 16794.433333333334 16228.433333333332 609.8162122038627 
10955.7 16744.066666666666 16188.933333333332 631.8376902162277 
11376.266666666666 16769.033333333333 16152.133333333333 699.7858874922623 
12088.0 16839.4 16240.633333333333 709.5831989430292 
11878.066666666668 16565.266666666666 15921.4 942.3294091416938 
12050.466666666667 16865.366666666665 16367.266666666666 562.8924906232096 
12361.733333333334 17083.666666666668 16439.6 767.3920423529728 
11872.4 16862.766666666666 16217.833333333334 628.0796425082837 
12211.233333333334 16834.7 16275.5 840.2832597800973 
11976.166666666666 16601.966666666667 16094.166666666666 1099.4069802499082 
11283.4 16588.366666666665 16000.566666666668 774.1738234330122 
11342.666666666666 16805.633333333335 16295.6 910.0023135501727 
11856.366666666667 16908.3 16284.5 723.944291134799 
11746.966666666667 16836.733333333334 16249.066666666668 781.3416226096127 
12656.3 16850.033333333333 16405.333333333332 617.8908150582376 
11719.6 16798.666666666668 16236.866666666667 793.9253864326434 
10674.933333333332 16545.4 15837.0 1141.4412047933085 
11367.633333333333 16723.266666666666 16119.766666666666 970.6597107122559 
11844.4 16855.466666666667 16436.966666666667 602.1375320934206 
12207.266666666666 16963.8 16521.366666666665 749.5222509483403 
11953.2 16951.7 16371.766666666666 821.5799327447627 
11345.9 17015.366666666665 16306.933333333332 666.6121979415353 
11593.0 16858.466666666667 16175.9 860.0961795055247 
11386.333333333334 16829.9 16097.4 983.4264014149711 
11323.3 16757.5 16106.2 839.4810974643802 
11696.8 16807.233333333334 16144.4 724.8900700566031 
11823.666666666666 16649.033333333333 16174.733333333334 808.3583435993387 
10999.4 16661.266666666666 16045.3 735.4867481244421 
12646.733333333334 16930.166666666668 16489.566666666666 751.0567777028136 
12835.566666666668 17115.066666666666 16498.133333333335 614.9649875309071 
11500.333333333334 16867.5 16273.566666666668 694.2372073002136 
12408.2 16795.266666666666 16328.933333333332 776.5567112437943 
12289.033333333333 16983.066666666666 16398.733333333334 679.3347948953854 
12062.933333333332 16867.966666666667 16264.833333333334 502.9831193323823 
11787.0 17011.633333333335 16315.766666666666 722.1787264936567 
12372.8 16874.933333333334 16324.066666666668 752.7151848843995 
12036.466666666667 16712.733333333334 16073.7 1161.360495998838 
12068.766666666666 16915.066666666666 16350.4 699.7880207605729 
11755.166666666666 16780.366666666665 16272.166666666666 819.7755553944153 
12238.833333333334 16814.7 16285.333333333334 753.6568297308794 
12267.033333333333 16775.866666666665 16270.166666666666 803.2417715455014 
12330.6 16799.5 16275.2 762.8036514507954 
11338.0 16758.733333333334 16209.433333333332 678.9384366625429 
11876.366666666667 16792.533333333333 16323.733333333334 611.4775284323845 
12335.866666666667 16728.433333333334 16267.6 1001.6173883607785 
11854.0 16757.833333333332 16350.8 1018.5229071225318 
12002.5 16860.866666666665 16330.666666666666 774.0766467217572 
12004.666666666666 16703.2 16172.2 871.6773692140915 
11939.766666666666 16790.366666666665 16223.366666666667 780.2042835764942 
 
1.2655555555555555 1.548888888888889 1.5477777777777775 1.5733333333333333 
1.497777777777778 1.0377777777777781 1.921111111111111 1.5455555555555558 
1.5033333333333336 1.4733333333333334 1.4288888888888889 1.4522222222222223 
 
870.0
1305.0
1518.6333333333334
1601.7666666666667
1574.7
1592.1
1568.9
1522.5
1509.9333333333334
1496.4
1465.4666666666667
1458.7
1484.8
1487.7
1499.3
1481.9
1506.0666666666666
1470.3
1456.7666666666667
1478.0333333333333
1510.9
1496.4
1490.6
1465.4666666666667
1451.9333333333334
1518.6333333333334
1498.3333333333333
1480.9333333333334
1473.2
1459.6666666666667
1446.1333333333334
1497.3666666666666
1482.8666666666666
1500.2666666666667
1492.5333333333333
1479.9666666666667
1461.6
1464.5
1471.2666666666667
1469.3333333333333
1517.6666666666667
1487.7
1535.0666666666666
1484.8
1485.7666666666667
1550.5333333333333
1494.4666666666667
1473.2
1511.8666666666666
1472.2333333333333
1508.0
1500.2666666666667
1506.0666666666666
1505.1
1475.1333333333334
1460.6333333333334
1489.6333333333334
1481.9
1489.6333333333334
1485.7666666666667
1492.5333333333333
1517.6666666666667
1471.2666666666667
1501.2333333333333
1481.9
1503.1666666666667
1513.8
1513.8
1484.8
1442.2666666666667
1466.4333333333334
1492.5333333333333
1473.2
1525.4
1531.2
1448.0666666666666
1489.6333333333334
1494.4666666666667
1488.6666666666667
1482.8666666666666
1453.8666666666666
1473.2
1489.6333333333334
1475.1333333333334
1442.2666666666667
1479.0
1490.6
1557.3
1485.7666666666667
1498.3333333333333
1510.9
1485.7666666666667
1492.5333333333333
1508.0
1464.5
1488.6666666666667
1480.9333333333334
1497.3666666666666
1479.9666666666667
1515.7333333333333
1487.7
1487.7
1459.6666666666667
1504.1333333333334
1510.9
1498.3333333333333
1492.5333333333333
1516.7
1547.6333333333334
1465.4666666666667
1469.3333333333333
1454.8333333333333
1470.3
1460.6333333333334
1467.4
1492.5333333333333
1493.5
1517.6666666666667
1525.4
1514.7666666666667
1456.7666666666667
1443.2333333333333
1489.6333333333334
1482.8666666666666
1522.5
1478.0333333333333
1506.0666666666666
1499.3
1492.5333333333333
1496.4
1482.8666666666666
1510.9
1460.6333333333334
1479.0
1453.8666666666666
1463.5333333333333
1515.7333333333333
1534.1
1516.7
1510.9
1458.7
1483.8333333333333
1497.3666666666666
1475.1333333333334
1480.9333333333334
1513.8
1524.4333333333334
1475.1333333333334
1481.9
1496.4
1502.2
1483.8333333333333
1469.3333333333333
1456.7666666666667
1479.9666666666667
1477.0666666666666
1468.3666666666666
1486.7333333333333
1466.4333333333334
1483.8333333333333
1490.6
1501.2333333333333
1448.0666666666666
1468.3666666666666
1469.3333333333333
1477.0666666666666
1466.4333333333334
1486.7333333333333
1482.8666666666666
1493.5
1484.8
1522.5
1492.5333333333333
1509.9333333333334
1536.0333333333333
1545.7
1478.0333333333333
1474.1666666666667
1484.8
1511.8666666666666
1488.6666666666667
1491.5666666666666
1487.7
1473.2
1455.8
1449.0333333333333
1458.7
1470.3
1509.9333333333334
1510.9
1478.0333333333333
1525.4
1479.0
1519.6
1524.4333333333334
1492.5333333333333
1498.3333333333333
1493.5
1462.5666666666666
1484.8
1482.8666666666666
1488.6666666666667
1506.0666666666666
1494.4666666666667
1486.7333333333333
1478.0333333333333
1482.8666666666666
1511.8666666666666
1441.3
1475.1333333333334
1488.6666666666667
1520.5666666666666
1502.2
1465.4666666666667
1494.4666666666667
1470.3
1480.9333333333334
1475.1333333333334
1482.8666666666666
1512.8333333333333
1533.1333333333334
1501.2333333333333
1502.2
1495.4333333333334
1509.9333333333334
1475.1333333333334
1487.7
1479.9666666666667
1495.4333333333334
1486.7333333333333
1478.0333333333333
1498.3333333333333
1453.8666666666666
1516.7
1501.2333333333333
1480.9333333333334
1497.3666666666666
1489.6333333333334
1495.4333333333334
1525.4
1490.6
1475.1333333333334
1454.8333333333333
1453.8666666666666
1463.5333333333333
1514.7666666666667
1494.4666666666667
1474.1666666666667
1491.5666666666666
1486.7333333333333
1447.1
1492.5333333333333
1505.1
1469.3333333333333
1473.2
1493.5
1514.7666666666667
1502.2
1477.0666666666666
1482.8666666666666
1509.9333333333334
1486.7333333333333
1472.2333333333333
1473.2
1498.3333333333333
1470.3
1486.7333333333333
1498.3333333333333
1493.5
1501.2333333333333
1497.3666666666666
1458.7
1471.2666666666667
1446.1333333333334
1508.0
1503.1666666666667
1483.8333333333333
1481.9
1484.8
1486.7333333333333
1447.1
1443.2333333333333
1477.0666666666666
1498.3333333333333
1508.9666666666667
1500.2666666666667
1492.5333333333333
1496.4
1497.3666666666666
1470.3
1517.6666666666667
1525.4
1531.2
1483.8333333333333
1451.9333333333334
1500.2666666666667
1486.7333333333333
1463.5333333333333
1478.0333333333333
1496.4
1496.4
1445.1666666666667
1469.3333333333333
1486.7333333333333
1502.2
1465.4666666666667
1500.2666666666667
1492.5333333333333
1484.8
1527.3333333333333
1527.3333333333333
1510.9
1499.3
1494.4666666666667
1510.9
1494.4666666666667
1460.6333333333334
1514.7666666666667
1479.9666666666667
1474.1666666666667
1479.9666666666667
1455.8
1443.2333333333333
1458.7
1470.3
1505.1
1509.9333333333334
1525.4
1497.3666666666666
1515.7333333333333
1513.8
1469.3333333333333
1507.0333333333333
1459.6666666666667
1492.5333333333333
1479.0
1508.9666666666667
1491.5666666666666
1482.8666666666666
1499.3
1479.9666666666667
1509.9333333333334
1506.0666666666666
1489.6333333333334
1525.4
1482.8666666666666
1482.8666666666666
1471.2666666666667
1498.3333333333333
1502.2
1483.8333333333333
1476.1
1478.0333333333333
1475.1333333333334
1474.1666666666667
1479.0
1499.3
1478.0333333333333
1466.4333333333334
1474.1666666666667
1453.8666666666666
1493.5
1503.1666666666667
1516.7
1488.6666666666667
1483.8333333333333
1474.1666666666667
1477.0666666666666
1488.6666666666667
1477.0666666666666
1481.9
1482.8666666666666
1478.0333333333333
1479.9666666666667
1484.8
1450.0
1456.7666666666667
1513.8
1538.9333333333334
1496.4
1447.1
1510.9
1501.2333333333333
1469.3333333333333
1481.9
1474.1666666666667
1482.8666666666666
1444.2
1482.8666666666666
1485.7666666666667
1488.6666666666667
1508.0
1484.8
1480.9333333333334
1502.2
1499.3
1462.5666666666666
1456.7666666666667
1450.0
1485.7666666666667
1479.9666666666667
1461.6
1508.0
1491.5666666666666
1457.7333333333333
1494.4666666666667
1519.6
1459.6666666666667
1473.2
1505.1
1521.5333333333333
1526.3666666666666
1461.6
1442.2666666666667
1460.6333333333334
1464.5
1523.4666666666667
1469.3333333333333
1465.4666666666667
1487.7
1457.7333333333333
1483.8333333333333
1511.8666666666666
1494.4666666666667
1525.4
1536.0333333333333
1463.5333333333333
1499.3
1471.2666666666667
1496.4
1466.4333333333334
1471.2666666666667
1463.5333333333333
1508.0
1503.1666666666667
1503.1666666666667
1483.8333333333333
1511.8666666666666
1493.5
1493.5
1480.9333333333334
1467.4
1447.1
1497.3666666666666
1500.2666666666667
1498.3333333333333
1471.2666666666667
1464.5
1487.7
1473.2
1480.9333333333334
1487.7
1491.5666666666666
1523.4666666666667
1512.8333333333333
1504.1333333333334
1508.0
1538.9333333333334
1543.7666666666667
1507.0333333333333
1450.9666666666667
1465.4666666666667
1478.0333333333333
1461.6
1517.6666666666667
1486.7333333333333
1488.6666666666667
1500.2666666666667
1495.4333333333334
1485.7666666666667
1499.3
1498.3333333333333
1491.5666666666666
1492.5333333333333
1522.5
1502.2
1444.2
1479.9666666666667
1445.1666666666667
1488.6666666666667
1463.5333333333333
1518.6333333333334
1478.0333333333333
1498.3333333333333
1481.9
1439.3666666666666
1485.7666666666667
1511.8666666666666
1507.0333333333333
1472.2333333333333
1479.9666666666667
1500.2666666666667
1479.0
1500.2666666666667
1496.4
1491.5666666666666
1474.1666666666667
1494.4666666666667
1504.1333333333334
1465.4666666666667
1472.2333333333333
1511.8666666666666
1479.0
1496.4
1468.3666666666666
1493.5
1470.3
1529.2666666666667
1508.0
1493.5
1505.1
1487.7
1441.3
1462.5666666666666
1485.7666666666667
1496.4
1483.8333333333333
1464.5
1477.0666666666666
1491.5666666666666
1490.6
1462.5666666666666
1498.3333333333333
1500.2666666666667
1467.4
1475.1333333333334
1499.3
1503.1666666666667
1461.6
1504.1333333333334
1487.7
1436.4666666666667
1468.3666666666666
1490.6
1477.0666666666666
1518.6333333333334
1482.8666666666666
1467.4
1476.1
1494.4666666666667
1479.0
1530.2333333333333
1526.3666666666666
1470.3
1480.9333333333334
1510.9
1487.7
1492.5333333333333
1498.3333333333333
1485.7666666666667
1489.6333333333334
1506.0666666666666
1482.8666666666666
1493.5
1496.4
1471.2666666666667
1497.3666666666666
1496.4
1476.1
1494.4666666666667
1471.2666666666667
1488.6666666666667
1510.9
1505.1
1462.5666666666666
1493.5
1460.6333333333334
1490.6
1512.8333333333333
1468.3666666666666
1435.5
1458.7
1483.8333333333333
1493.5
1487.7
1462.5666666666666
1487.7
1465.4666666666667
1479.0
1494.4666666666667
1500.2666666666667
1465.4666666666667
1487.7
1466.4333333333334
1494.4666666666667
1503.1666666666667
1457.7333333333333
1492.5333333333333
1492.5333333333333
1499.3
1533.1333333333334
1477.0666666666666
1484.8
1493.5
1485.7666666666667
1478.0333333333333
1506.0666666666666
1480.9333333333334
1462.5666666666666
1457.7333333333333
