16005.333333333334 32631.566666666666 16613.1
6220.166666666667 25352.1 33677.73333333333
3471.7 15985.933333333332 45792.36666666667
4312.233333333334 11607.3 49330.46666666667
5521.9 11374.466666666667 48353.63333333333
5348.166666666667 9612.066666666668 50289.76666666667
7397.366666666667 10419.966666666667 47432.666666666664
9126.933333333332 9674.033333333333 46449.03333333333
10542.866666666667 9260.666666666666 45446.46666666667
10841.266666666666 9733.066666666668 44675.666666666664
11652.566666666668 10811.2 42786.23333333333
13595.9 10938.566666666668 40715.53333333333
14119.766666666666 11170.666666666666 39959.566666666666
14465.066666666668 11896.766666666666 38888.166666666664
15467.766666666666 10650.0 39132.23333333333
15255.633333333333 11380.566666666668 38613.8
15033.3 11656.633333333333 38560.066666666666
15103.133333333333 11236.7 38910.166666666664
15247.166666666666 11703.933333333332 38298.9
17594.4 11439.033333333333 36216.566666666666
19251.466666666667 13190.8 32807.73333333333
20625.533333333333 12983.966666666667 31640.5
24363.033333333333 11850.8 29036.166666666668
25606.433333333334 11962.633333333333 27680.933333333334
25876.833333333332 12126.633333333333 27246.533333333333
24284.533333333333 13729.733333333334 27235.733333333334
22173.0 14506.233333333334 28570.766666666666
22683.8 13621.9 28944.3
21635.933333333334 11913.333333333334 31700.733333333334
21525.533333333333 12152.966666666667 31571.5
22581.033333333333 10869.366666666667 31799.6
23159.8 10681.4 31408.8
24758.533333333333 10745.933333333332 29745.533333333333
23757.533333333333 11923.733333333334 29568.733333333334
26227.266666666666 10294.9 28727.833333333332
25128.1 10947.933333333332 29173.966666666667
25152.566666666666 10795.8 29301.633333333335
25756.666666666668 11469.266666666666 28024.066666666666
27505.366666666665 11673.533333333333 26071.1
27811.866666666665 11843.333333333334 25594.8
28694.6 11914.366666666667 24641.033333333333
29747.133333333335 11234.633333333333 24268.233333333334
28963.066666666666 12755.7 23531.233333333334
28391.6 12337.033333333333 24521.366666666665
28773.033333333333 11954.933333333332 24522.033333333333
28046.533333333333 12088.266666666666 25115.2
28040.4 11277.9 25931.7
28274.633333333335 10744.666666666666 26230.7
27813.366666666665 11008.8 26427.833333333332
28054.766666666666 11135.866666666667 26059.366666666665
29872.266666666666 11997.933333333332 23379.8
31261.2 12083.466666666667 21905.333333333332
30738.566666666666 11591.733333333334 22919.7
32351.566666666666 12064.433333333332 20834.0
32273.666666666668 10863.066666666668 22113.266666666666
31915.3 11194.133333333333 22140.566666666666
31657.133333333335 11993.133333333333 21599.733333333334
32660.066666666666 12122.066666666668 20467.866666666665
34483.46666666667 12059.366666666667 18707.166666666668
35667.26666666667 12451.6 17131.133333333335
35834.333333333336 11691.166666666666 17724.5
34263.63333333333 12215.133333333333 18771.233333333334
32894.2 13109.833333333334 19245.966666666667
34280.63333333333 12589.266666666666 18380.1
35672.9 12758.666666666666 16818.433333333334
36775.566666666666 12925.333333333334 15549.1
37200.933333333334 12583.033333333333 15466.033333333333
37001.066666666666 12811.133333333333 15437.8
35995.666666666664 13409.666666666666 15844.666666666666
36413.36666666667 12412.866666666667 16423.766666666666
35330.933333333334 12731.3 17187.766666666666
35475.13333333333 13421.366666666667 16353.5
35224.5 12733.466666666667 17292.033333333333
36273.433333333334 12143.866666666667 16832.7
36486.666666666664 11809.466666666667 16953.866666666665
34931.566666666666 12369.966666666667 17948.466666666667
35391.23333333333 12492.033333333333 17366.733333333334
35353.5 12212.1 17684.4
35749.1 11948.5 17552.4
36959.26666666667 11468.9 16821.833333333332
35838.433333333334 11812.1 17599.466666666667
36063.73333333333 12479.533333333333 16706.733333333334
35975.86666666667 12257.6 17016.533333333333
36129.2 12518.633333333333 16602.166666666668
36164.76666666667 12633.8 16451.433333333334
36835.63333333333 12414.8 15999.566666666668
38942.2 11542.966666666667 14764.833333333334
38934.36666666667 11740.433333333332 14575.2
38268.7 12051.933333333332 14929.366666666667
38370.833333333336 13030.3 13848.866666666667
39242.9 13490.033333333333 12517.066666666668
39926.63333333333 12829.133333333333 12494.233333333334
40267.86666666667 12765.633333333333 12216.5
39006.0 14340.9 11903.1
37816.53333333333 14614.266666666666 12819.2
38134.833333333336 13437.766666666666 13677.4
36913.6 13493.333333333334 14843.066666666668
37035.86666666667 12853.633333333333 15360.5
37750.36666666667 11971.4 15528.233333333334
35517.86666666667 13327.6 16404.533333333333
35986.8 12168.066666666668 17095.133333333335
35915.066666666666 11820.266666666666 17514.666666666668
36709.8 12034.766666666666 16505.433333333334
38058.36666666667 12866.466666666667 14325.166666666666
37167.76666666667 13094.6 14987.633333333333
38468.333333333336 13250.866666666667 13530.8
39308.36666666667 12210.533333333333 13731.1
40452.63333333333 12593.866666666667 12203.5
40764.9 12963.966666666667 11521.133333333333
39390.36666666667 13667.7 12191.933333333332
40371.76666666667 12816.966666666667 12061.266666666666
40200.7 12953.833333333334 12095.466666666667
39124.333333333336 12632.266666666666 13493.4
38945.86666666667 13173.433333333332 13130.7
39956.833333333336 12531.033333333333 12762.133333333333
39382.666666666664 12487.266666666666 13380.066666666668
41817.933333333334 11873.3 11558.766666666666
40619.76666666667 12355.3 12274.933333333332
41001.066666666666 12623.266666666666 11625.666666666666
40190.2 12460.033333333333 12599.766666666666
41728.7 11461.766666666666 12059.533333333333
40533.066666666666 12400.266666666666 12316.666666666666
40873.76666666667 11585.7 12790.533333333333
40523.1 11881.866666666667 12845.033333333333
40370.96666666667 12538.333333333334 12340.7
41755.96666666667 12353.033333333333 11141.0
41485.3 12254.133333333333 11510.566666666668
40721.26666666667 12477.3 12051.433333333332
40339.4 12890.133333333333 12020.466666666667
40448.46666666667 12141.6 12659.933333333332
40050.03333333333 12536.733333333334 12663.233333333334
39778.666666666664 12730.1 12741.233333333334
41158.96666666667 12383.7 11707.333333333334
40224.23333333333 13042.366666666667 11983.4
40855.73333333333 12831.166666666666 11563.1
39734.833333333336 13542.7 11972.466666666667
40839.03333333333 13266.166666666666 11144.8
42638.36666666667 12391.1 10220.533333333333
42148.53333333333 12737.666666666666 10363.8
41806.63333333333 12514.4 10928.966666666667
41775.53333333333 12342.166666666666 11132.3
42572.5 12003.9 10673.6
41321.5 12817.933333333332 11110.566666666668
41630.46666666667 12444.466666666667 11175.066666666668
41257.4 13176.0 10816.6
41389.333333333336 12930.533333333333 10930.133333333333
42488.666666666664 12181.7 10579.633333333333
41939.066666666666 12256.133333333333 11054.8
42030.666666666664 12404.766666666666 10814.566666666668
41611.2 12981.4 10657.4
41235.0 12906.466666666667 11108.533333333333
42126.23333333333 12648.3 10475.466666666667
41516.5 12448.533333333333 11284.966666666667
43085.566666666666 12018.966666666667 10145.466666666667
42464.23333333333 12450.733333333334 10335.033333333333
42242.73333333333 12153.766666666666 10853.5
40477.4 13406.833333333334 11365.766666666666
41929.76666666667 12557.766666666666 10762.466666666667
39555.7 13258.366666666667 12435.933333333332
41101.566666666666 13086.5 11061.933333333332
41187.1 12658.1 11404.8
42380.3 12255.533333333333 10614.166666666666
42649.63333333333 11976.9 10623.466666666667
41693.63333333333 12620.733333333334 10935.633333333333
41820.333333333336 12386.133333333333 11043.533333333333
42137.23333333333 12682.7 10430.066666666668
40563.4 13031.066666666668 11655.533333333333
41304.166666666664 12547.866666666667 11397.966666666667
41861.76666666667 12990.433333333332 10397.8
40749.066666666666 13126.4 11374.533333333333
41762.46666666667 12570.366666666667 10917.166666666666
42517.433333333334 11687.3 11045.266666666666
41457.13333333333 12350.533333333333 11442.333333333334
42929.166666666664 11759.8 10561.033333333333
42096.566666666666 12750.2 10403.233333333334
41370.1 12699.166666666666 11180.733333333334
42332.566666666666 12256.7 10660.733333333334
41873.03333333333 12341.066666666668 11035.9
41092.333333333336 12719.933333333332 11437.733333333334
43283.7 11597.1 10369.2
42337.36666666667 12417.0 10495.633333333333
42238.96666666667 12486.366666666667 10524.666666666666
43550.1 12468.466666666667 9231.433333333332
43464.3 12509.633333333333 9276.066666666668
42859.9 12602.866666666667 9787.233333333334
41621.7 13274.2 10354.1
43654.0 12375.6 9220.4
42994.63333333333 12755.4 9499.966666666667
43587.3 12286.633333333333 9376.066666666668
42095.166666666664 13081.733333333334 10073.1
42617.63333333333 13013.533333333333 9618.833333333334
44208.03333333333 12172.8 8869.166666666666
43429.066666666666 12533.133333333333 9287.8
43465.73333333333 12498.333333333334 9285.933333333332
42860.9 13091.1 9298.0
43925.8 12357.333333333334 8966.866666666667
41542.4 13253.9 10453.7
42526.433333333334 13103.266666666666 9620.3
44444.933333333334 11782.5 9022.566666666668
43275.833333333336 12505.366666666667 9468.8
42550.833333333336 13252.2 9446.966666666667
43829.433333333334 12183.466666666667 9237.1
43369.833333333336 12774.866666666667 9105.3
43769.933333333334 12383.966666666667 9096.1
44205.933333333334 12110.933333333332 8933.133333333333
43410.833333333336 12613.033333333333 9226.133333333333
41875.36666666667 13472.7 9901.933333333332
43568.9 12105.5 9575.6
42964.433333333334 12972.766666666666 9312.8
44509.666666666664 12081.266666666666 8659.066666666668
42660.066666666666 12934.866666666667 9655.066666666668
43054.2 12761.1 9434.7
42828.26666666667 12633.533333333333 9788.2
42850.433333333334 12951.2 9448.366666666667
42894.36666666667 12809.466666666667 9546.166666666666
43672.666666666664 12224.266666666666 9353.066666666668
43702.333333333336 12484.4 9063.266666666666
43790.1 12389.366666666667 9070.533333333333
45154.76666666667 11636.333333333334 8458.9
42860.566666666666 12784.5 9604.933333333332
44398.96666666667 12045.966666666667 8805.066666666668
42649.566666666666 12907.133333333333 9693.3
43800.9 12404.433333333332 9044.666666666666
43212.26666666667 12583.8 9453.933333333332
42399.5 13100.766666666666 9749.733333333334
44147.3 12017.366666666667 9085.333333333334
43355.166666666664 12723.8 9171.033333333333
42637.3 12956.4 9656.3
42592.63333333333 12698.9 9958.466666666667
43284.333333333336 12756.4 9209.266666666666
44620.433333333334 12043.166666666666 8586.4
43652.0 12291.566666666668 9306.433333333332
41921.2 13588.4 9740.4
43385.86666666667 12573.2 9290.933333333332
42537.86666666667 12744.6 9967.533333333333
42736.7 12916.366666666667 9596.933333333332
44001.26666666667 12221.766666666666 9026.966666666667
42747.666666666664 12851.466666666667 9650.866666666667
43472.26666666667 12682.0 9095.733333333334
43313.46666666667 13122.566666666668 8813.966666666667
44383.3 12066.566666666668 8800.133333333333
42357.9 13383.9 9508.2
43714.3 12109.533333333333 9426.166666666666
42780.5 12858.233333333334 9611.266666666666
43816.4 12417.1 9016.5
41624.166666666664 13576.1 10049.733333333334
42243.5 13000.466666666667 10006.033333333333
42323.1 13200.133333333333 9726.766666666666
43248.26666666667 12388.366666666667 9613.366666666667
42903.96666666667 12684.2 9661.833333333334
44244.26666666667 12072.733333333334 8933.0
42805.566666666666 12697.166666666666 9747.266666666666
43892.833333333336 12249.633333333333 9107.533333333333
42832.1 12724.7 9693.2
42979.03333333333 12715.966666666667 9555.0
42970.066666666666 13016.566666666668 9263.366666666667
43402.1 12522.8 9325.1
44385.53333333333 11899.466666666667 8965.0
44671.333333333336 11992.966666666667 8585.7
42433.566666666666 12748.233333333334 10068.2
44210.9 12286.366666666667 8752.733333333334
42215.96666666667 13193.966666666667 9840.066666666668
43571.1 12589.666666666666 9089.233333333334
43256.3 12712.333333333334 9281.366666666667
42801.73333333333 12654.7 9793.566666666668
42512.76666666667 12553.466666666667 10183.766666666666
42924.23333333333 12775.033333333333 9550.733333333334
43374.166666666664 12699.833333333334 9176.0
42651.4 13354.066666666668 9244.533333333333
41656.03333333333 13057.533333333333 10536.433333333332
43218.933333333334 12755.433333333332 9275.633333333333
42595.96666666667 12681.8 9972.233333333334
43010.7 12551.1 9688.2
43994.73333333333 12162.033333333333 9093.233333333334
43534.433333333334 12442.166666666666 9273.4
43310.76666666667 12592.4 9346.833333333334
44241.166666666664 12020.466666666667 8988.366666666667
43671.933333333334 12237.4 9340.666666666666
42303.6 13287.833333333334 9658.566666666668
42408.566666666666 12939.266666666666 9902.166666666666
44161.2 12098.666666666666 8990.133333333333
43766.166666666664 12069.166666666666 9414.666666666666
43971.433333333334 12155.266666666666 9123.3
44378.1 12099.433333333332 8772.466666666667
43143.333333333336 12691.166666666666 9415.5
42990.066666666666 12978.566666666668 9281.366666666667
41616.933333333334 13550.6 10082.466666666667
44319.833333333336 11890.233333333334 9039.933333333332
43467.4 12894.266666666666 8888.333333333334
42732.36666666667 12706.033333333333 9811.6
43202.933333333334 12317.433333333332 9729.633333333333
41999.333333333336 13168.033333333333 10082.633333333333
44572.86666666667 12101.533333333333 8575.6
42702.8 12568.566666666668 9978.633333333333
43648.13333333333 12510.033333333333 9091.833333333334
42671.73333333333 12737.2 9841.066666666668
42282.0 13397.666666666666 9570.333333333334
42939.566666666666 12632.366666666667 9678.066666666668
43110.96666666667 12694.4 9444.633333333333
42374.8 12932.4 9942.8
42736.833333333336 12752.766666666666 9760.4
43198.2 12827.4 9224.4
42101.166666666664 13317.766666666666 9831.066666666668
43105.6 12608.266666666666 9536.133333333333
43268.5 12429.3 9552.2
43535.8 12294.466666666667 9419.733333333334
44067.76666666667 12130.8 9051.433333333332
43471.933333333334 12731.866666666667 9046.2
43725.76666666667 12201.6 9322.633333333333
44732.53333333333 12071.566666666668 8445.9
43266.26666666667 12830.833333333334 9152.9
43348.566666666666 12105.366666666667 9796.066666666668
43265.0 12580.633333333333 9404.366666666667
43263.23333333333 12346.5 9640.266666666666
43882.46666666667 12562.666666666666 8804.866666666667
43870.666666666664 12200.933333333332 9178.4
43290.433333333334 12837.1 9122.466666666667
42285.36666666667 13159.633333333333 9805.0
42397.933333333334 13007.033333333333 9845.033333333333
43645.666666666664 12290.133333333333 9314.2
44161.96666666667 11849.4 9238.633333333333
43477.5 12481.1 9291.4
44734.9 11775.6 8739.5
43366.666666666664 12597.5 9285.833333333334
41923.3 13462.4 9864.3
43322.333333333336 12353.766666666666 9573.9
40819.23333333333 13576.566666666668 10854.2
42956.433333333334 12944.633333333333 9348.933333333332
42717.26666666667 12899.066666666668 9633.666666666666
43102.833333333336 12741.6 9405.566666666668
42970.7 12611.033333333333 9668.266666666666
43615.73333333333 12663.633333333333 8970.633333333333
42785.9 13218.733333333334 9245.366666666667
44583.23333333333 12147.3 8519.466666666667
42442.36666666667 12948.633333333333 9859.0
44225.26666666667 11989.566666666668 9035.166666666666
42551.166666666664 13017.7 9681.133333333333
44124.96666666667 12386.1 8738.933333333332
43665.53333333333 12565.566666666668 9018.9
42609.13333333333 12875.0 9765.866666666667
42988.566666666666 12556.666666666666 9704.766666666666
42325.73333333333 12828.033333333333 10096.233333333334
41728.1 12940.066666666668 10581.833333333334
41984.433333333334 13142.2 10123.366666666667
42577.4 12813.933333333332 9858.666666666666
42251.833333333336 13243.766666666666 9754.4
42723.933333333334 12560.966666666667 9965.1
43459.53333333333 12598.666666666666 9191.8
42369.333333333336 13179.866666666667 9700.8
43794.0 12472.6 8983.4
43351.7 12730.9 9167.4
43786.066666666666 12577.266666666666 8886.666666666666
43677.53333333333 12472.133333333333 9100.333333333334
42818.333333333336 12795.7 9635.966666666667
43536.066666666666 12355.3 9358.633333333333
42977.0 12771.666666666666 9501.333333333334
42729.9 12789.333333333334 9730.766666666666
42964.9 12818.766666666666 9466.333333333334
43202.36666666667 12944.2 9103.433333333332
42830.433333333334 13100.866666666667 9318.7
42399.86666666667 13225.866666666667 9624.266666666666
43009.26666666667 12475.466666666667 9765.266666666666
42627.1 13235.3 9387.6
43160.5 12830.166666666666 9259.333333333334
43405.96666666667 12299.933333333332 9544.1
43646.46666666667 12641.2 8962.333333333334
43535.166666666664 12510.066666666668 9204.766666666666
44195.9 12082.8 8971.3
43000.0 12659.533333333333 9590.466666666667
44247.23333333333 12147.6 8855.166666666666
43534.666666666664 12485.9 9229.433333333332
44427.76666666667 11888.933333333332 8933.3
41911.566666666666 13014.133333333333 10324.3
43082.7 12456.033333333333 9711.266666666666
42812.5 13048.1 9389.4
43398.933333333334 12450.066666666668 9401.0
44923.0 11556.233333333334 8770.766666666666
43482.2 12581.8 9186.0
43357.76666666667 12699.633333333333 9192.6
42520.63333333333 13040.5 9688.866666666667
42868.03333333333 12644.233333333334 9737.733333333334
43371.23333333333 12305.733333333334 9573.033333333333
43167.1 12657.9 9425.0
44059.13333333333 12117.333333333334 9073.533333333333
42918.666666666664 12827.533333333333 9503.8
43879.46666666667 12284.766666666666 9085.766666666666
44221.066666666666 12033.566666666668 8995.366666666667
43439.166666666664 12524.266666666666 9286.566666666668
43126.03333333333 12971.533333333333 9152.433333333332
43146.9 12534.166666666666 9568.933333333332
43181.86666666667 12901.7 9166.433333333332
42880.46666666667 12813.966666666667 9555.566666666668
43125.9 12574.366666666667 9549.733333333334
42953.333333333336 12654.466666666667 9642.2
42393.3 13165.066666666668 9691.633333333333
43875.23333333333 12030.666666666666 9344.1
43530.933333333334 12645.366666666667 9073.7
42909.9 12632.466666666667 9707.633333333333
43354.1 12736.2 9159.7
43160.4 12495.033333333333 9594.566666666668
43319.36666666667 12151.633333333333 9779.0
43340.46666666667 12533.666666666666 9375.866666666667
43759.23333333333 12353.866666666667 9136.9
43481.166666666664 12478.433333333332 9290.4
42754.03333333333 13136.1 9359.866666666667
42387.333333333336 12886.7 9975.966666666667
43262.4 12452.0 9535.6
42732.833333333336 12566.866666666667 9950.3
43808.96666666667 12167.866666666667 9273.166666666666
42807.8 12845.9 9596.3
42734.86666666667 13231.433333333332 9283.7
43229.066666666666 12651.066666666668 9369.866666666667
42931.433333333334 12957.2 9361.366666666667
43203.566666666666 12714.166666666666 9332.266666666666
42668.96666666667 12836.766666666666 9744.266666666666
42508.8 12913.7 9827.5
42288.26666666667 13531.333333333334 9430.4
42776.6 12820.366666666667 9653.033333333333
42838.333333333336 12753.2 9658.466666666667
42767.833333333336 12908.866666666667 9573.3
45070.333333333336 11830.8 8348.866666666667
43528.333333333336 12471.133333333333 9250.533333333333
43742.13333333333 12488.133333333333 9019.733333333334
42342.26666666667 13001.966666666667 9905.766666666666
43368.066666666666 12627.333333333334 9254.6
43467.5 12314.966666666667 9467.533333333333
43278.3 12343.166666666666 9628.533333333333
43556.9 12310.666666666666 9382.433333333332
44635.5 11690.0 8924.5
44106.23333333333 11709.266666666666 9434.5
43095.8 13062.766666666666 9091.433333333332
43483.13333333333 12851.833333333334 8915.033333333333
43482.63333333333 12335.533333333333 9431.833333333334
42205.166666666664 13342.2 9702.633333333333
43446.933333333334 12634.933333333332 9168.133333333333
43783.26666666667 12425.766666666666 9040.966666666667
42618.23333333333 13253.966666666667 9377.8
43589.23333333333 12650.966666666667 9009.8
43851.5 12108.466666666667 9290.033333333333
42884.5 13049.333333333334 9316.166666666666
43184.73333333333 12587.8 9477.466666666667
42972.23333333333 13048.833333333334 9228.933333333332
42813.7 12879.666666666666 9556.633333333333
42381.53333333333 13377.9 9490.566666666668
43495.9 12471.733333333334 9282.366666666667
43163.2 12809.833333333334 9276.966666666667
42552.433333333334 12704.933333333332 9992.633333333333
42927.333333333336 12924.9 9397.766666666666
42274.76666666667 13173.533333333333 9801.7
41852.96666666667 13212.3 10184.733333333334
42464.566666666666 12775.3 10010.133333333333
43039.6 13002.566666666668 9207.833333333334
43323.36666666667 12571.3 9355.333333333334
43656.433333333334 12236.866666666667 9356.7
43738.03333333333 12216.733333333334 9295.233333333334
43182.23333333333 12801.8 9265.966666666667
43767.6 12133.5 9348.9
43944.03333333333 12341.533333333333 8964.433333333332
40920.03333333333 13772.966666666667 10557.0
43102.13333333333 12349.966666666667 9797.9
44714.76666666667 11871.666666666666 8663.566666666668
43087.666666666664 12452.233333333334 9710.1
42740.8 12731.0 9778.2
43383.3 12816.066666666668 9050.633333333333
43339.86666666667 12454.233333333334 9455.9
42665.433333333334 12547.333333333334 10037.233333333334
42255.53333333333 13134.833333333334 9859.633333333333
43563.53333333333 12452.9 9233.566666666668
44216.5 12165.9 8867.6
42938.03333333333 12609.533333333333 9702.433333333332
43055.76666666667 12611.933333333332 9582.3
43959.2 11895.8 9395.0
42693.26666666667 13016.033333333333 9540.7
41820.833333333336 13404.233333333334 10024.933333333332
43539.53333333333 12143.5 9566.966666666667
43252.9 12221.933333333332 9775.166666666666
44116.6 12182.366666666667 8951.033333333333
42316.13333333333 13310.233333333334 9623.633333333333
42961.166666666664 12710.7 9578.133333333333
43967.833333333336 12119.133333333333 9163.033333333333
44041.9 12183.5 9024.6
43412.833333333336 12758.733333333334 9078.433333333332
43698.3 12773.333333333334 8778.366666666667
41682.63333333333 13432.166666666666 10135.2
42934.6 12928.1 9387.3
42390.6 12924.866666666667 9934.533333333333
43251.73333333333 12700.433333333332 9297.833333333334
41437.166666666664 13535.633333333333 10277.2
43854.03333333333 12223.866666666667 9172.1
42724.9 12764.766666666666 9760.333333333334
42958.53333333333 12695.0 9596.466666666667
43253.3 12783.3 9213.4
42917.166666666664 12795.133333333333 9537.7
43472.566666666666 12542.266666666666 9235.166666666666
43383.5 12295.4 9571.1
43246.23333333333 12980.8 9022.966666666667
42617.5 12884.033333333333 9748.466666666667
43947.066666666666 12239.6 9063.333333333334
43606.23333333333 12504.466666666667 9139.3
43621.76666666667 12376.033333333333 9252.2
41294.13333333333 13327.1 10628.766666666666
43528.333333333336 12223.133333333333 9498.533333333333
43304.2 12475.333333333334 9470.466666666667
44445.36666666667 12010.433333333332 8794.2
43486.6 12724.633333333333 9038.766666666666
44123.666666666664 12264.1 8862.233333333334
44810.666666666664 11711.166666666666 8728.166666666666
43321.2 12549.6 9379.2
42864.4 13029.9 9355.7
43185.433333333334 12558.266666666666 9506.3
43420.53333333333 12493.0 9336.466666666667
43458.166666666664 12576.8 9215.033333333333
42073.46666666667 12984.8 10191.733333333334
43203.26666666667 12817.433333333332 9229.3
41611.26666666667 13469.4 10169.333333333334
43652.63333333333 12612.033333333333 8985.333333333334
41929.36666666667 13203.233333333334 10117.4
41354.166666666664 13696.166666666666 10199.666666666666
43297.166666666664 12614.933333333332 9337.9
43102.933333333334 12962.066666666668 9185.0
43458.3 12487.0 9304.7
42932.96666666667 12777.766666666666 9539.266666666666
44613.3 12066.266666666666 8570.433333333332
42623.36666666667 12517.033333333333 10109.6
43612.23333333333 12279.433333333332 9358.333333333334
43605.7 12513.833333333334 9130.466666666667
42729.4 13053.466666666667 9467.133333333333
43701.96666666667 12382.766666666666 9165.266666666666
41258.53333333333 13642.266666666666 10349.2
41981.566666666666 13441.066666666668 9827.366666666667
43739.23333333333 12160.733333333334 9350.033333333333
43667.63333333333 12454.866666666667 9127.5
43557.4 12151.166666666666 9541.433333333332
43057.5 12867.1 9325.4
42914.2 12403.433333333332 9932.366666666667
42549.333333333336 12995.8 9704.866666666667
42183.63333333333 12886.2 10180.166666666666
42844.46666666667 12935.466666666667 9470.066666666668
43229.26666666667 12681.266666666666 9339.466666666667
44257.3 11938.833333333334 9053.866666666667
42934.36666666667 12604.133333333333 9711.5
43393.13333333333 12759.966666666667 9096.9
43190.23333333333 12765.9 9293.866666666667
43449.566666666666 12510.633333333333 9289.8
44187.666666666664 11808.166666666666 9254.166666666666
43565.433333333334 12574.166666666666 9110.4
42619.36666666667 12783.1 9847.533333333333
43808.8 12047.833333333334 9393.366666666667
43412.36666666667 12672.733333333334 9164.9
43149.2 12670.4 9430.4
42596.53333333333 12585.8 10067.666666666666
43991.433333333334 12132.2 9126.366666666667
43722.3 12361.866666666667 9165.833333333334
42462.333333333336 12789.866666666667 9997.8
42977.5 12654.8 9617.7
43447.96666666667 12449.7 9352.333333333334
42502.9 12947.6 9799.5
43476.3 12241.266666666666 9532.433333333332
42732.4 13008.833333333334 9508.766666666666
42196.63333333333 12880.666666666666 10172.7
42876.2 12604.833333333334 9768.966666666667
43657.13333333333 12389.3 9203.566666666668
42734.4 13015.9 9499.7
43284.8 12320.0 9645.2
44016.7 12342.666666666666 8890.633333333333
43560.7 12419.2 9270.1
43818.3 12247.6 9184.1
43600.833333333336 12735.666666666666 8913.5
43160.333333333336 12511.933333333332 9577.733333333334
44051.833333333336 12038.033333333333 9160.133333333333
42449.166666666664 13193.733333333334 9607.1
43460.36666666667 12420.166666666666 9369.466666666667
42587.23333333333 12546.566666666668 10116.2
43750.566666666666 12098.8 9400.633333333333
42556.3 13076.066666666668 9617.633333333333
43441.6 12496.233333333334 9312.166666666666
42676.03333333333 12648.3 9925.666666666666
43803.433333333334 12336.333333333334 9110.233333333334
42568.86666666667 12850.1 9831.033333333333
44529.6 11950.166666666666 8770.233333333334
41406.73333333333 13797.233333333334 10046.033333333333
42561.166666666664 12991.9 9696.933333333332
42901.26666666667 12823.166666666666 9525.566666666668
43255.6 12671.166666666666 9323.233333333334
43008.3 12631.633333333333 9610.066666666668
43125.7 12741.333333333334 9382.966666666667
43251.26666666667 12491.8 9506.933333333332
43667.4 12208.566666666668 9374.033333333333
43137.5 12542.9 9569.6
42748.2 12858.0 9643.8
42565.53333333333 13227.066666666668 9457.4
44158.03333333333 11762.133333333333 9329.833333333334
43128.73333333333 12815.833333333334 9305.433333333332
43816.2 12266.0 9167.8
42922.433333333334 12628.733333333334 9698.833333333334
43268.333333333336 12340.133333333333 9641.533333333333
43186.0 12396.733333333334 9667.266666666666
43923.7 12140.2 9186.1
42986.333333333336 12843.233333333334 9420.433333333332
43342.066666666666 12619.266666666666 9288.666666666666
 
331.46666666666664
0.0
36.13333333333333
7.833333333333333
144.20581233581234
23.0
90.0
 
8154.066666666667 13336.366666666667 10813.766666666666 671.5277127565175 
5423.166666666667 9708.5 8128.733333333334 913.2060161260923 
4144.633333333333 7536.833333333333 6642.566666666667 1315.1214108717618 
3748.0666666666666 7168.366666666667 6372.7 2423.988113350944 
3732.5333333333333 7333.666666666667 6591.4 2877.5332466078185 
3850.133333333333 7097.266666666666 6380.433333333333 2754.4597650194696 
4057.9 7605.4 6871.133333333333 3318.1796113900227 
4861.4 7753.566666666667 7142.333333333333 3613.5021263926837 
4697.9 7966.8 7384.2 3847.8672168704925 
5019.6 8256.166666666666 7491.066666666667 3805.230302243362 
4833.033333333334 8516.366666666667 7761.266666666666 3834.417802743984 
5242.6 8950.0 8162.566666666667 4053.362276911464 
5289.433333333333 9106.166666666666 8290.633333333333 4057.9765928080187 
5360.333333333333 9209.9 8432.233333333334 3910.7029620573903 
5378.566666666667 9134.2 8508.1 4113.8383638640935 
5722.766666666666 9393.866666666667 8538.733333333334 4072.8096069612134 
5616.433333333333 9357.266666666666 8521.9 4050.608246959132 
5806.233333333334 9319.966666666667 8493.866666666667 4064.287171188681 
5927.333333333333 9279.166666666666 8569.4 3982.105413890162 
6269.066666666667 9848.766666666666 9012.3 4243.504266248199 
6759.933333333333 10524.166666666666 9518.966666666667 4089.307006001547 
6918.866666666667 10730.333333333334 9773.0 4131.702717080856 
7818.466666666666 11244.3 10407.3 4476.535235722676 
7562.666666666667 11699.933333333332 10667.066666666668 4459.2376416577945 
7741.066666666667 11869.433333333332 10737.666666666666 4454.991160721995 
7390.166666666667 11606.466666666667 10579.466666666667 4270.044855944464 
6757.533333333334 11224.333333333334 10234.733333333334 4073.7197414511575 
6745.933333333333 11218.7 10248.4 4129.959947868744 
6534.2 10660.4 9868.1 4284.370686965979 
6318.566666666667 10586.6 9869.933333333332 4220.945368345289 
6438.866666666667 10677.1 9952.666666666666 4499.557846759316 
6731.8 10843.6 10049.533333333333 4467.036430242215 
6813.766666666666 11112.9 10375.9 4522.28645126924 
6479.0 10955.066666666668 10293.433333333332 4248.511049114082 
7333.933333333333 11211.066666666668 10624.533333333333 4603.161907778415 
7039.633333333333 11126.6 10469.966666666667 4414.151944975766 
7380.533333333334 11083.233333333334 10459.6 4403.9733531588645 
7334.766666666666 11363.4 10647.766666666666 4264.465918859138 
7186.633333333333 11812.433333333332 11017.966666666667 4305.983969805533 
7705.166666666667 11811.733333333334 11096.333333333334 4337.597918279962 
7947.833333333333 12013.6 11279.9 4209.320621707657 
8076.466666666666 12101.066666666668 11422.466666666667 4327.483413422222 
7688.7 12175.066666666668 11417.733333333334 4115.075718366417 
7598.266666666666 11998.033333333333 11261.566666666668 4113.980721029207 
7167.466666666666 11976.933333333332 11299.633333333333 4131.50990411227 
7466.7 11775.6 11167.7 4151.374014869454 
7301.233333333334 11684.133333333333 11085.433333333332 4326.130037509788 
7248.766666666666 11696.566666666668 11078.9 4393.91292570377 
7452.366666666667 11642.133333333333 11013.033333333333 4188.528900647046 
7585.966666666666 11730.266666666666 11073.966666666667 4091.7517324219193 
7682.866666666667 12221.866666666667 11523.8 4017.8305902563884 
8459.666666666666 12511.933333333332 11810.066666666668 3935.768357287078 
7839.933333333333 12275.633333333333 11656.4 4055.7992785639676 
8288.7 12628.133333333333 12026.333333333334 3946.1380360634453 
8412.033333333333 12459.7 11890.566666666668 4158.62642448735 
8403.633333333333 12496.533333333333 11852.033333333333 4030.8634171298286 
8222.3 12531.833333333334 11880.3 3801.81190311497 
8180.4 12781.3 12093.766666666666 3792.030895062844 
9070.8 13136.233333333334 12452.266666666666 3611.4811285829956 
9197.033333333333 13490.5 12728.166666666666 3580.727865858188 
9181.333333333334 13475.1 12685.466666666667 3707.0232923016097 
8841.533333333333 13119.766666666666 12423.7 3608.2050132995496 
8802.066666666668 12975.733333333334 12239.266666666666 3447.388692280965 
8757.3 13229.566666666668 12464.6 3363.5102872842035 
8768.966666666667 13487.866666666667 12759.966666666667 3206.628879714992 
9165.333333333334 13734.5 12997.3 3074.9338201008486 
9629.133333333333 13764.4 13048.133333333333 3111.611023908855 
9351.3 13625.6 13030.866666666667 3077.911709837622 
9410.266666666666 13509.066666666668 12889.633333333333 3007.8977873443623 
8895.633333333333 13493.9 12873.433333333332 3340.096698966131 
8825.566666666668 13300.166666666666 12688.9 3247.237387431559 
8825.233333333334 13439.566666666668 12786.766666666666 3111.982436379314 
8949.066666666668 13276.266666666666 12667.9 3317.213086010605 
8571.933333333332 13448.333333333334 12818.6 3381.2110165836543 
9377.133333333333 13380.8 12827.8 3403.1482110931734 
8811.033333333333 13123.433333333332 12572.766666666666 3315.2484930662104 
8514.566666666668 13299.366666666667 12677.0 3283.6469221989546 
8189.866666666667 13234.766666666666 12641.466666666667 3382.1276055334033 
8495.7 13286.6 12694.2 3436.772148736854 
8795.233333333334 13451.5 12888.3 3405.2745492348586 
9096.266666666666 13222.2 12698.4 3328.2732948182 
9076.933333333332 13429.6 12810.333333333334 3208.2272590603325 
8975.6 13338.233333333334 12770.466666666667 3199.2447328497183 
8129.4 13468.9 12827.233333333334 3216.5376766365143 
8824.066666666668 13511.733333333334 12845.833333333334 3010.226974978613 
9018.833333333334 13639.066666666668 12958.133333333333 2921.155662861304 
9003.766666666666 13923.3 13292.3 3080.1171341904083 
8921.333333333334 13954.566666666668 13310.433333333332 3024.006268015991 
9680.666666666666 13827.0 13208.5 2780.43459013155 
9477.233333333334 14064.066666666668 13326.8 2502.2314585851836 
9438.333333333334 14243.766666666666 13547.066666666668 2263.8018500596145 
9288.566666666668 14280.233333333334 13617.733333333334 2338.476522391829 
9435.633333333333 14499.6 13679.6 2320.2263077122457 
9526.533333333333 14436.666666666666 13584.9 2130.1309661614705 
9385.7 14158.866666666667 13374.3 2263.723095404265 
9225.366666666667 14006.7 13320.3 2712.4464150160334 
8783.2 13787.4 13081.6 2864.331106442363 
9056.2 13655.9 13042.0 2974.5996065016884 
8870.0 13689.2 13096.7 3165.01650538087 
8649.233333333334 13396.433333333332 12785.866666666667 2900.3981719757026 
8765.6 13361.066666666668 12763.7 3282.5418485273476 
8695.033333333333 13256.5 12714.7 3203.307846273911 
9188.333333333334 13542.6 12895.066666666668 3075.9567951921704 
9063.433333333332 13956.6 13247.833333333334 2594.0944085450024 
9249.6 13793.166666666666 13092.633333333333 2663.7033162289094 
8973.466666666667 14070.5 13368.266666666666 2406.119898924407 
10054.633333333333 14033.533333333333 13432.166666666666 2447.1773759896437 
9261.966666666667 14440.266666666666 13699.4 2301.8679245343337 
9654.366666666667 14413.066666666668 13798.9 2001.0690167174814 
9467.233333333334 14339.033333333333 13594.3 2001.3692118980275 
9293.666666666666 14324.033333333333 13705.566666666668 2281.9997184000217 
9790.666666666666 14275.766666666666 13685.133333333333 2180.468246322845 
9866.2 13966.6 13437.633333333333 2305.79109090327 
8965.466666666667 14053.6 13456.066666666668 2265.5219233594325 
9436.5 14181.333333333334 13593.966666666667 2257.423018719452 
9497.6 14009.733333333334 13474.833333333334 2233.1040061861086 
9362.1 14489.133333333333 13900.5 2250.8362922108163 
9235.3 14310.066666666668 13709.033333333333 2279.6818422509946 
9338.7 14417.133333333333 13812.2 2087.8575585194185 
10093.466666666667 14161.6 13633.533333333333 2129.66081005612 
9288.566666666668 14421.6 13841.5 2442.728541542565 
9993.566666666668 14213.133333333333 13696.2 2010.5638849171976 
9572.1 14203.566666666668 13682.966666666667 2417.2310321936543 
10064.033333333333 14157.466666666667 13642.3 2256.581643400773 
9709.5 14237.4 13677.666666666666 2112.6155979943173 
9238.8 14544.466666666667 13936.033333333333 2036.9528951352804 
9155.9 14493.2 13872.1 2168.4342969064105 
9247.966666666667 14344.0 13741.6 2175.9193368168158 
9670.3 14321.066666666668 13706.4 2098.0552374361673 
9600.866666666667 14199.4 13653.4 2250.467929268637 
9370.9 14182.333333333334 13613.266666666666 2166.100153681214 
9730.833333333334 14112.6 13578.3 2046.7304159724274 
9317.733333333334 14433.233333333334 13819.766666666666 2099.2555417734798 
9529.566666666668 14356.3 13698.633333333333 1959.429198488399 
9568.2 14430.333333333334 13803.8 1806.8190380703138 
9945.7 14226.9 13650.8 1747.3367558468326 
9957.833333333334 14438.933333333332 13843.833333333334 1558.574051675298 
9761.233333333334 14733.1 14116.333333333334 1759.3085463392206 
9586.3 14675.133333333333 14052.966666666667 1566.645693405713 
10325.866666666667 14534.466666666667 13962.3 1747.336422673092 
9779.033333333333 14479.233333333334 13938.933333333332 1725.932706071963 
10138.3 14593.866666666667 14064.3 1729.0987628434257 
9668.233333333334 14458.7 13895.633333333333 1625.2615098978858 
9478.066666666668 14468.266666666666 13920.033333333333 1739.3476458463133 
9211.666666666666 14534.5 13918.7 1605.7057480538997 
10185.6 14498.833333333334 13920.4 1558.4285540248547 
10322.0 14628.5 14065.466666666667 1704.1133474625449 
10099.4 14481.566666666668 13962.966666666667 1674.9492866618048 
9763.366666666667 14581.033333333333 13996.1 1750.8718722396563 
9462.1 14586.5 13969.933333333332 1577.2722977061096 
9543.666666666666 14468.666666666666 13887.2 1729.1564494477261 
10288.066666666668 14613.933333333332 14039.7 1444.2606986505818 
9940.033333333333 14449.966666666667 13897.666666666666 1689.7678617687895 
9962.433333333332 14727.7 14168.5 1684.3267961809945 
10107.466666666667 14668.9 14087.5 1565.301029621246 
10334.133333333333 14524.2 14013.466666666667 1612.4454317381824 
9325.6 14376.666666666666 13785.666666666666 1533.1316272040485 
9055.533333333333 14581.033333333333 13991.3 1723.8208173511925 
9700.6 14126.966666666667 13586.533333333333 1779.2694365010227 
9443.966666666667 14498.9 13878.633333333333 1650.5662436132507 
9702.566666666668 14409.633333333333 13852.733333333334 1745.5996939288354 
9605.033333333333 14641.7 14051.166666666666 1782.191430047102 
9872.6 14632.5 14077.2 1758.3417431394462 
9558.166666666666 14543.2 13950.266666666666 1785.3712289356267 
9552.5 14528.166666666666 13952.166666666666 1858.3437693578414 
9253.033333333333 14631.8 14045.233333333334 1605.7931418253515 
9518.233333333334 14353.0 13765.366666666667 1786.1751135379259 
9411.866666666667 14429.2 13865.233333333334 1841.6279129557572 
9481.133333333333 14628.2 14021.0 1442.5304589505208 
9196.466666666667 14438.633333333333 13812.066666666668 1707.5745459569255 
10080.4 14519.8 13959.1 1608.3570906362806 
9926.233333333334 14528.433333333332 14021.8 1775.0660935112624 
9856.666666666666 14429.833333333334 13876.1 1786.6582064476313 
9966.866666666667 14629.3 14111.366666666667 1701.381559596005 
9385.533333333333 14674.8 14043.833333333334 1663.714691552878 
9952.233333333334 14425.533333333333 13893.533333333333 1573.0474516046872 
9969.433333333332 14642.333333333334 14041.733333333334 1838.4147738080096 
9885.533333333333 14516.066666666668 13958.266666666666 1810.5407871682976 
9136.833333333334 14417.2 13839.966666666667 1825.1292753604544 
10295.166666666666 14708.866666666667 14166.0 1817.1152373106852 
9600.466666666667 14609.633333333333 14058.766666666666 1434.0053816728398 
10077.066666666668 14595.066666666668 14045.9 1266.7395597885672 
10295.933333333332 14877.466666666667 14306.466666666667 747.1561913162617 
10441.733333333334 14852.933333333332 14293.366666666667 477.7973200008556 
10243.866666666667 14705.0 14181.833333333334 801.0288596548814 
9979.233333333334 14564.266666666666 14001.333333333334 702.4873658017708 
10189.033333333333 14870.033333333333 14317.933333333332 531.2065246001576 
10110.466666666667 14799.9 14223.933333333332 580.4087996116762 
10489.733333333334 14830.833333333334 14295.633333333333 512.718469099325 
10316.2 14626.7 14076.733333333334 578.4250905115832 
9950.566666666668 14762.833333333334 14174.466666666667 588.5867818578479 
10152.066666666668 14962.433333333332 14408.533333333333 384.71230116369634 
9808.833333333334 14848.366666666667 14288.7 549.9189649393808 
10137.466666666667 14859.066666666668 14292.533333333333 448.97702069383365 
9454.266666666666 14863.233333333334 14230.833333333334 496.56850361030524 
9642.033333333333 14943.9 14370.4 489.89714430684324 
10200.733333333334 14539.066666666668 13983.333333333334 490.0652155014111 
9687.133333333333 14752.0 14165.1 664.7827013393173 
9975.7 14936.1 14416.733333333334 532.6474897465802 
9822.866666666667 14809.066666666668 14255.2 692.4974534249208 
9576.366666666667 14805.166666666666 14184.833333333334 543.1147539885101 
9994.466666666667 14875.266666666666 14333.766666666666 568.3281692825018 
10016.033333333333 14888.1 14301.033333333333 543.8937355362309 
9986.566666666668 14918.366666666667 14341.866666666667 440.8984421988052 
9772.266666666666 14950.1 14401.833333333334 549.049103248314 
10284.9 14882.0 14293.066666666668 496.6848592864941 
9454.366666666667 14672.933333333332 14071.9 602.3372690334436 
10637.733333333334 14795.466666666667 14273.933333333332 495.4513061621473 
9489.2 14840.933333333332 14239.7 566.054608967486 
10083.2 15051.333333333334 14459.6 501.14695183482195 
9645.6 14750.466666666667 14175.066666666668 635.7135647793307 
9680.233333333334 14808.433333333332 14236.5 564.4449589345861 
10438.7 14718.933333333332 14178.6 560.3856100936214 
9629.6 14807.0 14214.733333333334 483.0257722592727 
10054.166666666666 14774.1 14209.433333333332 521.6469972862661 
10396.6 14835.266666666666 14306.433333333332 560.5250144086147 
9999.333333333334 14943.4 14338.466666666667 527.3940704592303 
10243.866666666667 14920.8 14346.666666666666 488.9118276562986 
10431.133333333333 15071.333333333334 14544.233333333334 535.9962698875183 
10022.533333333333 14762.233333333334 14200.166666666666 601.1682135642236 
9884.2 14995.3 14433.966666666667 473.2470659649612 
9814.1 14743.2 14170.2 376.6132463593566 
9988.866666666667 14933.866666666667 14350.3 383.6334661279348 
9981.633333333333 14807.166666666666 14250.333333333334 515.8394125651467 
9872.666666666666 14724.533333333333 14139.466666666667 560.6017278088092 
10596.066666666668 14892.766666666666 14380.733333333334 604.7162025832173 
9859.766666666666 14881.333333333334 14292.933333333332 549.4446125154219 
9760.566666666668 14752.466666666667 14172.633333333333 660.6899336636245 
10096.633333333333 14668.366666666667 14137.966666666667 647.1140032654388 
9829.633333333333 14910.766666666666 14282.066666666668 537.8315810321625 
9951.233333333334 15031.566666666668 14477.966666666667 529.9195677962208 
10175.133333333333 14847.166666666666 14309.166666666666 502.0045436934701 
9554.733333333334 14711.7 14092.666666666666 631.3782081904458 
10027.333333333334 14855.6 14284.0 590.0325934500003 
10558.8 14650.6 14131.566666666668 564.1660736579848 
9686.466666666667 14756.433333333332 14188.433333333332 426.7976370600005 
10135.3 14925.866666666667 14372.0 462.99340636053694 
10116.3 14749.933333333332 14184.2 655.1515397219181 
9991.3 14912.966666666667 14312.2 584.8008578425082 
9789.1 14992.7 14324.366666666667 500.59593697023854 
10304.766666666666 15007.333333333334 14432.866666666667 498.72225659401073 
9636.733333333334 14812.766666666666 14159.566666666668 537.2149632854411 
10286.9 14799.433333333332 14303.4 466.6618761658881 
9948.566666666668 14776.933333333332 14191.433333333332 570.4957585780594 
9765.366666666667 14909.466666666667 14354.6 481.52849863741176 
9863.733333333334 14630.8 14031.933333333332 545.2754489450466 
9939.4 14650.666666666666 14098.333333333334 603.2020562520214 
9692.766666666666 14745.066666666668 14134.3 474.76150433665117 
10090.666666666666 14789.666666666666 14237.966666666667 568.5015703095678 
10203.8 14735.633333333333 14198.766666666666 562.6557532511926 
9933.066666666668 14957.6 14405.766666666666 482.00638193100946 
9944.6 14718.933333333332 14180.366666666667 620.5944769153024 
10275.566666666668 14901.0 14353.1 437.63830309210056 
10414.5 14748.933333333332 14188.466666666667 420.05416171938805 
9693.433333333332 14785.0 14216.833333333334 515.2602629308374 
9617.333333333334 14843.433333333332 14245.3 526.0633184322967 
9863.3 14828.966666666667 14282.3 506.739893831145 
10784.566666666668 14948.066666666668 14416.5 497.07960328301544 
10256.766666666666 15042.666666666666 14483.166666666666 419.1090999568808 
9979.566666666668 14631.533333333333 14111.133333333333 703.5024508367638 
10014.166666666666 14999.1 14420.333333333334 546.6369224631651 
9930.8 14712.066666666668 14112.133333333333 517.2430693375966 
9849.333333333334 14895.8 14322.666666666666 519.428514384372 
10334.666666666666 14868.333333333334 14272.233333333334 421.6048436892326 
10366.966666666667 14706.833333333334 14175.333333333334 532.2115584990618 
10377.6 14610.066666666668 14107.366666666667 590.1215884130246 
9863.6 14767.366666666667 14211.933333333332 528.9215746319213 
10023.933333333332 14880.8 14294.333333333334 590.1727100321283 
9465.733333333334 14850.166666666666 14215.3 425.9977699472146 
9987.266666666666 14507.933333333332 13986.566666666668 605.4929846368531 
9796.2 14854.766666666666 14268.833333333334 619.8255298424264 
10070.033333333333 14660.566666666668 14136.8 704.3453120924895 
10352.5 14746.4 14206.8 626.2747722312732 
10223.533333333333 14893.433333333332 14364.7 514.1537710970651 
9794.533333333333 14834.433333333332 14300.666666666666 470.90965127789275 
10120.833333333334 14833.566666666668 14271.0 589.7656461115156 
10752.6 14963.033333333333 14399.866666666667 485.77682575895324 
10334.1 14846.0 14307.666666666666 497.6439586245928 
9739.833333333334 14747.766666666666 14139.033333333333 558.3958708260257 
10374.1 14698.5 14125.2 617.7046721532871 
9988.6 14939.5 14391.633333333333 559.293765386313 
10277.466666666667 14820.3 14309.833333333334 624.7018991309197 
9936.9 14909.966666666667 14359.3 566.4615103135131 
10356.2 15009.3 14435.1 574.4213775618034 
9791.1 14805.4 14247.333333333334 476.4846921873659 
9437.166666666666 14834.1 14245.433333333332 459.492695746564 
9780.933333333332 14630.3 14027.966666666667 620.0523689352556 
10061.3 14906.033333333333 14402.566666666668 596.3985894051431 
9759.733333333334 14969.966666666667 14332.5 469.39494742345363 
10457.666666666666 14724.4 14166.7 510.63893930382284 
10436.033333333333 14722.2 14221.833333333334 612.7590011125452 
10331.466666666667 14644.566666666668 14066.333333333334 610.0025498125216 
10286.366666666667 15052.733333333334 14474.3 468.77226027144565 
10369.766666666666 14662.866666666667 14146.966666666667 535.3948709960611 
9785.866666666667 14909.9 14330.133333333333 633.1711133475515 
10122.9 14701.033333333333 14157.666666666666 466.2747168307065 
9900.066666666668 14773.866666666667 14145.733333333334 443.01606366662 
10086.933333333332 14751.4 14200.7 461.97889526110026 
10047.3 14803.8 14241.2 510.21993035683477 
10035.066666666668 14672.766666666666 14117.733333333334 641.4511411202293 
10433.266666666666 14717.9 14172.233333333334 494.68182422868756 
9891.066666666668 14878.5 14272.0 553.3181483860197 
9883.166666666666 14689.4 14101.6 665.4036506762894 
9730.2 14794.8 14231.433333333332 681.7609717977896 
10066.166666666666 14781.166666666666 14246.133333333333 512.7619253719128 
10128.733333333334 14831.766666666666 14286.166666666666 521.556167849851 
10449.966666666667 14923.266666666666 14376.2 507.7467925386958 
10185.566666666668 14927.666666666666 14317.166666666666 550.9048302565516 
10420.7 14851.433333333332 14314.833333333334 573.3224539665462 
10144.1 15096.066666666668 14503.166666666666 465.1048609363988 
9970.233333333334 14891.533333333333 14285.9 529.0407681203154 
10625.0 14714.033333333333 14229.8 471.25467318637817 
10607.9 14815.4 14260.533333333333 642.522827004786 
10631.866666666667 14753.266666666666 14236.833333333334 498.1746337045541 
9880.766666666666 14979.733333333334 14382.333333333334 581.3008456136213 
10052.5 14883.533333333333 14343.766666666666 522.6048120287026 
9665.066666666668 14880.866666666667 14291.3 417.995564171041 
10090.8 14718.866666666667 14122.566666666668 566.7684152769589 
10145.8 14682.5 14129.833333333334 592.3395840037856 
10737.833333333334 14848.8 14307.666666666666 605.2462960554892 
10642.4 14887.266666666666 14366.866666666667 543.2560200617507 
10416.7 14849.2 14293.166666666666 585.9465937931355 
10088.833333333334 15013.033333333333 14474.1 595.3353368760613 
10184.133333333333 14850.333333333334 14282.633333333333 539.1980099081309 
9516.466666666667 14691.266666666666 14080.4 679.8849951768804 
10602.9 14782.233333333334 14249.4 576.4272330485438 
9784.533333333333 14393.8 13871.1 631.6771963062567 
9642.366666666667 14836.0 14235.3 515.69930482792 
9831.566666666668 14748.766666666666 14182.9 410.24159142307025 
10294.833333333334 14824.133333333333 14244.3 471.0617178247452 
9935.0 14735.466666666667 14204.766666666666 537.9305677005785 
9627.966666666667 14943.266666666666 14339.066666666668 595.9392682517612 
9610.733333333334 14869.433333333332 14228.6 559.863367260263 
9943.3 15084.433333333332 14480.966666666667 493.641086778193 
9628.133333333333 14705.2 14132.866666666667 510.2382148456629 
10493.233333333334 14927.6 14393.533333333333 649.2387938535749 
9949.866666666667 14750.133333333333 14161.466666666667 432.76315731972085 
9999.666666666666 14990.666666666666 14413.133333333333 511.81631655203114 
10585.233333333334 14936.433333333332 14339.133333333333 462.9095641219302 
10461.533333333333 14711.533333333333 14158.866666666667 636.0972663219219 
10321.033333333333 14745.066666666668 14202.933333333332 581.8811761099606 
10411.733333333334 14636.4 14097.5 478.60250068994276 
9978.366666666667 14485.566666666668 13989.233333333334 589.643107311533 
9803.166666666666 14611.966666666667 14060.7 631.1264263204323 
10496.6 14707.666666666666 14146.5 551.0933568824795 
9637.466666666667 14740.2 14124.3 573.601951705187 
10392.033333333333 14657.133333333333 14150.4 729.9039436802627 
9717.5 14857.633333333333 14301.4 502.62672697208046 
9794.9 14733.266666666666 14141.366666666667 576.6918385642949 
10402.5 14936.233333333334 14355.6 556.1094802284887 
10000.133333333333 14875.066666666668 14292.933333333332 489.9917306558459 
9848.133333333333 14949.533333333333 14364.533333333333 592.8576825662108 
10282.166666666666 14908.4 14332.233333333334 644.9951026515196 
9765.633333333333 14750.566666666668 14192.766666666666 655.5603881836939 
9950.233333333334 14828.733333333334 14292.233333333334 560.8382849707115 
9852.966666666667 14794.366666666667 14222.133333333333 494.83547232051467 
9412.0 14723.9 14174.4 528.0477806663583 
9821.4 14797.133333333333 14224.333333333334 624.5562598090476 
9952.4 14885.4 14284.533333333333 549.9742856615107 
9527.133333333333 14850.8 14225.7 420.6601716350147 
9595.1 14769.266666666666 14152.1 495.15584482733 
10394.633333333333 14715.733333333334 14198.933333333332 679.6803276377638 
9551.3 14825.2 14198.533333333333 567.5454297038941 
10128.633333333333 14864.266666666666 14264.666666666666 493.48689805865723 
10383.133333333333 14777.766666666666 14260.766666666666 587.6295813596257 
9411.266666666666 14929.9 14343.0 595.6243508565891 
9640.233333333334 14856.666666666666 14307.6 569.2921195074928 
10002.9 14960.666666666666 14397.033333333333 527.86612233701 
10244.7 14776.7 14215.533333333333 433.57306445652534 
10439.233333333334 14964.166666666666 14413.733333333334 604.6585763883616 
10192.866666666667 14861.9 14305.1 572.3892984673979 
10568.833333333334 14943.766666666666 14423.966666666667 476.32644501667374 
9905.266666666666 14549.933333333332 14033.3 646.9578203664697 
10014.833333333334 14743.666666666666 14211.766666666666 511.79426758545594 
9784.166666666666 14837.9 14216.933333333332 519.3018712121539 
10063.966666666667 14826.233333333334 14274.233333333334 521.5730420777345 
10600.866666666667 14982.6 14489.7 516.3138841828679 
10327.566666666668 14875.866666666667 14304.2 448.95278370893294 
10169.466666666667 14877.9 14291.033333333333 576.2730900652339 
9815.466666666667 14727.066666666668 14157.733333333334 620.4784205218853 
10157.166666666666 14739.566666666668 14187.7 563.8217593649017 
10349.633333333333 14780.033333333333 14254.4 540.3328153400765 
10043.5 14826.866666666667 14248.8 537.0177610346484 
10400.9 14907.666666666666 14373.033333333333 515.2939346733192 
9501.266666666666 14804.366666666667 14216.066666666668 522.3167572353858 
10105.8 14925.033333333333 14353.833333333334 452.32606098305286 
10224.333333333334 14934.133333333333 14397.033333333333 552.7590536973992 
9983.433333333332 14852.566666666668 14289.733333333334 525.6872414066924 
10154.966666666667 14904.366666666667 14271.866666666667 493.75601307168347 
9988.933333333332 14785.8 14232.333333333334 489.82321879088875 
9590.4 14868.233333333334 14276.133333333333 561.6178023254685 
9828.633333333333 14776.933333333332 14207.033333333333 550.8871591452383 
9897.733333333334 14797.066666666668 14232.166666666666 601.1386694340075 
9882.333333333334 14747.8 14205.7 671.2298736895829 
9816.3 14722.533333333333 14144.6 432.2990654627883 
10433.566666666668 14849.966666666667 14327.633333333333 523.767150130242 
9881.433333333332 14906.7 14320.3 556.3318694807983 
10533.6 14747.2 14194.833333333334 613.6838664980527 
9928.433333333332 14878.333333333334 14294.0 562.0151267240649 
9926.3 14769.466666666667 14231.133333333333 593.1260045068184 
10841.033333333333 14718.433333333332 14228.566666666668 588.1665426466292 
9980.6 14818.5 14271.0 532.790069977535 
9899.833333333334 14890.033333333333 14336.666666666666 584.027560422737 
10369.133333333333 14862.9 14293.533333333333 553.497010832037 
9716.433333333332 14828.333333333334 14214.033333333333 430.8609949856217 
10200.233333333334 14681.766666666666 14115.666666666666 463.73843118244525 
10596.433333333332 14796.666666666666 14247.2 690.440069327768 
9913.5 14652.0 14152.866666666667 499.173981025988 
10322.466666666667 14860.8 14328.066666666668 535.0945334964448 
10055.566666666668 14764.7 14195.666666666666 534.6149805649338 
9000.533333333333 14866.2 14219.666666666666 419.88448160046215 
10245.5 14823.833333333334 14260.5 554.7788742673366 
10426.2 14807.066666666668 14231.6 649.827608934349 
9749.6 14823.1 14261.666666666666 717.5270611234424 
10284.466666666667 14733.5 14167.033333333333 554.3303624895336 
10338.933333333332 14706.233333333334 14142.766666666666 627.0476723857959 
9432.566666666668 14810.966666666667 14160.266666666666 526.9417680245978 
9987.3 14744.133333333333 14186.933333333332 635.355445662767 
10126.2 14754.433333333332 14192.566666666668 382.7164279492353 
9908.0 14744.733333333334 14193.966666666667 648.1909507750524 
10453.1 15125.466666666667 14546.7 524.3423716110178 
10057.166666666666 14863.433333333332 14302.333333333334 429.8064127539799 
10190.533333333333 14931.4 14346.9 499.3707613921077 
9745.733333333334 14663.566666666668 14118.1 477.8270485576695 
9968.933333333332 14861.933333333332 14285.833333333334 662.7908367904112 
9996.4 14829.7 14274.533333333333 602.6452779206022 
10092.4 14754.333333333334 14239.433333333332 590.1726507274518 
10436.466666666667 14834.2 14292.033333333333 511.64783526692787 
10619.833333333334 14945.366666666667 14445.666666666666 527.4566899545191 
11106.9 14818.366666666667 14341.8 490.68416386374923 
9559.8 14922.933333333332 14274.966666666667 671.2930347885009 
9712.1 14960.366666666667 14331.366666666667 596.7113010307229 
9988.833333333334 14811.5 14279.666666666666 622.1150695633227 
9818.4 14743.9 14124.833333333334 468.15389658624974 
9411.0 14881.033333333333 14302.433333333332 644.0847665055002 
9764.5 14915.766666666666 14348.766666666666 461.266370742305 
9264.9 14815.433333333332 14198.6 584.831198153222 
9660.866666666667 14929.366666666667 14332.533333333333 484.48493394761215 
10566.866666666667 14851.066666666668 14330.733333333334 624.6072445945532 
9556.133333333333 14854.433333333332 14231.366666666667 555.0552843336118 
10011.6 14804.933333333332 14245.266666666666 585.7507924782423 
9988.333333333334 14868.833333333334 14248.9 594.8214373518607 
10206.533333333333 14796.833333333334 14200.266666666666 490.34479864229786 
9224.3 14790.666666666666 14163.633333333333 640.545062427305 
9914.5 14859.3 14295.833333333334 451.987106256608 
10039.533333333333 14846.466666666667 14263.166666666666 589.6439674357174 
10004.033333333333 14636.433333333332 14130.566666666668 524.9718676060439 
9766.3 14850.666666666666 14227.466666666667 511.1168038934176 
9461.8 14727.166666666666 14121.833333333334 463.27212161608287 
10300.0 14579.5 14041.466666666667 445.63526379016884 
10351.0 14674.633333333333 14119.933333333332 549.5189307223385 
9543.7 14888.1 14257.666666666666 576.08387747696 
9909.2 14846.366666666667 14271.4 466.2220704771493 
10090.5 14846.2 14304.533333333333 623.8733917141271 
10288.833333333334 14837.166666666666 14318.8 398.8149303457264 
9566.033333333333 14864.166666666666 14266.166666666666 639.5498486348729 
10545.6 14824.4 14316.466666666667 556.5239193222317 
9972.3 14946.866666666667 14372.566666666668 579.6237260307568 
9485.533333333333 14487.933333333332 13910.933333333332 634.8558349910807 
11023.333333333334 14688.166666666666 14204.966666666667 453.3553907624055 
10221.3 15050.966666666667 14479.666666666666 489.8961513536425 
10441.3 14738.133333333333 14212.433333333332 517.7539187039855 
10011.0 14715.466666666667 14170.7 528.117121479696 
10072.266666666666 14919.366666666667 14307.8 476.08785463749587 
10121.466666666667 14813.9 14262.9 506.7127966938801 
10430.566666666668 14631.966666666667 14137.4 576.4120967964965 
9641.5 14668.633333333333 14114.1 588.5801924971651 
10278.133333333333 14873.533333333333 14307.566666666668 550.3366035638755 
10172.533333333333 14959.666666666666 14409.5 499.81934703117145 
10365.533333333333 14752.233333333334 14198.033333333333 560.5976642041162 
10182.0 14783.033333333333 14221.933333333332 558.8740030931242 
10749.7 14843.9 14331.133333333333 556.4674100470256 
9588.433333333332 14765.633333333333 14189.8 579.335723336075 
10015.5 14639.0 14054.1 578.2943492144235 
10330.733333333334 14783.9 14271.833333333334 477.87623746461117 
10889.666666666666 14711.633333333333 14222.333333333334 686.6392246943724 
10553.466666666667 14963.333333333334 14391.166666666666 544.5895878753305 
10107.0 14751.0 14143.833333333334 511.2489349078827 
10438.0 14770.166666666666 14212.9 647.8283659015455 
10397.7 14875.933333333332 14354.966666666667 501.5436881380436 
10102.766666666666 14917.0 14376.266666666666 595.6884656522326 
9890.966666666667 14892.6 14307.933333333332 557.4574582672456 
9803.5 14980.833333333334 14366.5 503.0508708537007 
9888.866666666667 14601.8 14029.333333333334 609.4210322556611 
9659.366666666667 14809.5 14229.4 664.467119076131 
9878.033333333333 14686.0 14120.166666666666 435.87825313446825 
9674.866666666667 14858.933333333332 14269.933333333332 570.4688230842339 
9399.133333333333 14559.3 13990.466666666667 808.5099141149859 
10112.833333333334 14880.8 14342.733333333334 538.3162412147301 
10175.833333333334 14726.366666666667 14170.933333333332 645.2382761430077 
10216.633333333333 14756.1 14210.833333333334 534.7079015686976 
9591.7 14863.166666666666 14278.566666666668 738.6142286591681 
10219.6 14782.866666666667 14212.466666666667 500.3843544938451 
10371.2 14876.366666666667 14298.366666666667 535.3840862201433 
10180.466666666667 14774.233333333334 14255.8 518.6342134234236 
9782.933333333332 14924.166666666666 14296.8 345.9740520135385 
10251.866666666667 14715.0 14161.466666666667 434.506916323933 
9949.166666666666 14915.566666666668 14363.0 614.6239647133848 
9650.9 14877.433333333332 14321.233333333334 550.309026113712 
9907.2 14866.9 14311.5 477.9099193362699 
9609.0 14478.7 13940.933333333332 577.6035742617943 
9856.766666666666 14810.1 14277.466666666667 561.0842454074475 
10466.633333333333 14808.2 14257.966666666667 623.0085055599161 
10363.533333333333 14985.233333333334 14439.566666666668 478.18510421058585 
9909.2 14934.533333333333 14319.4 482.4934849301075 
10416.7 14985.433333333332 14400.733333333334 576.8114624573807 
10254.966666666667 15015.433333333332 14482.8 448.60638537586607 
9571.133333333333 14815.766666666666 14268.633333333333 415.9320943508822 
9963.733333333334 14817.7 14225.433333333332 497.7237213332089 
9813.466666666667 14803.8 14242.433333333332 498.9972447040386 
10051.9 14841.366666666667 14282.933333333332 662.1346600201504 
9952.766666666666 14864.066666666668 14298.8 440.7220499740547 
9836.233333333334 14589.333333333334 14062.733333333334 562.1672866880662 
9724.9 14858.333333333334 14271.966666666667 482.7781525251071 
9878.333333333334 14606.133333333333 14018.7 607.9857728598591 
9817.233333333334 14929.266666666666 14341.266666666666 395.1713688740338 
10130.366666666667 14614.0 14055.8 432.0043205802459 
9715.766666666666 14597.9 13989.933333333332 538.522739951104 
9690.766666666666 14826.3 14270.433333333332 554.6779113443525 
10067.233333333334 14879.533333333333 14266.3 527.1625637947623 
10028.0 14842.966666666667 14289.933333333332 611.6627979895821 
9814.533333333333 14763.666666666666 14213.866666666667 569.456565020059 
9714.0 15063.033333333333 14478.8 501.1494580794568 
10723.866666666667 14621.833333333334 14125.833333333334 508.09205497954144 
10538.966666666667 14837.566666666668 14300.066666666668 613.9484946728928 
10171.166666666666 14889.133333333333 14322.0 435.2163641990803 
9602.2 14788.233333333334 14200.833333333334 625.2814459638689 
9845.666666666666 14872.833333333334 14328.1 560.2115389148402 
9371.066666666668 14555.066666666668 13965.433333333332 570.2201249420166 
9720.933333333332 14709.033333333333 14090.0 641.7004591967606 
10408.1 14825.0 14313.466666666667 562.0675603914929 
10351.633333333333 14901.966666666667 14328.6 605.2039127434651 
10311.633333333333 14777.866666666667 14276.166666666666 680.2781655731393 
9557.433333333332 14825.533333333333 14247.766666666666 508.76690089317384 
10491.266666666666 14682.9 14172.733333333334 648.4299544969285 
9667.1 14743.9 14159.066666666668 581.221047642136 
10007.033333333333 14616.533333333333 14074.866666666667 551.9718086601484 
10006.266666666666 14811.633333333333 14212.0 507.0851434095329 
10089.933333333332 14837.5 14263.633333333333 535.2418174163068 
10458.666666666666 14901.733333333334 14394.9 549.7892350710406 
10621.666666666666 14742.7 14196.766666666666 437.8305961086879 
9696.566666666668 14903.566666666668 14304.166666666666 489.8894484132789 
9632.966666666667 14860.266666666666 14264.233333333334 490.3869781441321 
10402.5 14863.033333333333 14290.533333333333 436.84892621286536 
10644.8 14863.1 14367.833333333334 570.6532748623381 
9474.566666666668 14896.9 14320.0 580.6519109300053 
10493.566666666668 14694.966666666667 14151.733333333334 573.2742402686132 
10173.833333333334 14827.833333333334 14316.166666666666 479.6471908253676 
9440.433333333332 14893.633333333333 14299.366666666667 435.5452294410868 
10119.233333333334 14824.266666666666 14246.433333333332 494.96091473076046 
10387.066666666668 14626.0 14127.4 611.8210931309906 
10365.0 14882.866666666667 14361.0 383.11448767524666 
10264.866666666667 14892.033333333333 14330.2 502.61790457563285 
10354.7 14640.633333333333 14121.033333333333 485.96438095353807 
10251.766666666666 14760.366666666667 14210.633333333333 566.885151017774 
10250.6 14830.433333333332 14284.1 414.8927254925863 
10284.733333333334 14718.833333333334 14144.866666666667 478.85794390867585 
10427.733333333334 14778.6 14268.966666666667 596.5220008981695 
9996.6 14773.6 14196.866666666667 477.36665258478206 
10844.433333333332 14595.833333333334 14076.966666666667 651.5682184801017 
10228.3 14725.2 14185.233333333334 484.83716636504755 
10276.733333333334 14901.266666666666 14319.866666666667 642.7292119461266 
9702.366666666667 14776.133333333333 14198.0 489.6865054978201 
10497.866666666667 14758.433333333332 14238.533333333333 355.15860275532 
10001.266666666666 14956.566666666668 14387.2 608.805900102816 
9966.633333333333 14841.633333333333 14303.6 594.0585257363117 
10027.733333333334 14868.0 14337.966666666667 470.5108767192433 
9903.466666666667 14946.7 14343.3 483.3477195560148 
9857.9 14766.933333333332 14232.866666666667 566.5815685122293 
10014.5 14899.666666666666 14363.733333333334 490.3328054608533 
9819.233333333334 14771.2 14158.8 514.1218947551898 
10394.533333333333 14831.066666666668 14283.633333333333 624.4947393248757 
10392.966666666667 14635.6 14121.7 664.7468001678034 
10634.4 14824.833333333334 14309.5 559.7484006229944 
10202.833333333334 14746.766666666666 14168.366666666667 524.1487055746258 
10000.866666666667 14848.933333333332 14287.466666666667 526.6001914798992 
10411.533333333333 14680.866666666667 14149.533333333333 507.7122652973171 
9792.1 14911.566666666668 14343.866666666667 543.9318086345422 
9992.7 14706.866666666667 14148.4 556.3779881219841 
9847.233333333334 15017.833333333334 14450.466666666667 563.2257657655784 
9116.433333333332 14611.366666666667 14010.633333333333 665.6335589329749 
10055.633333333333 14740.4 14160.966666666667 820.4120060473681 
9932.333333333334 14778.2 14212.166666666666 592.7877569398494 
10154.033333333333 14845.8 14267.8 479.59346708088765 
10327.233333333334 14755.7 14214.433333333332 684.6316492992579 
9701.8 14825.9 14248.733333333334 480.3866153653973 
10617.266666666666 14782.8 14248.933333333332 546.6949132946294 
10374.666666666666 14817.033333333333 14303.966666666667 531.9516988307199 
10435.466666666667 14759.033333333333 14231.266666666666 529.2622684244343 
9961.833333333334 14755.066666666668 14185.0 695.7383262884592 
10140.933333333332 14790.0 14185.366666666667 633.0904106049938 
10926.566666666668 14839.8 14357.366666666667 483.5585560313365 
9746.766666666666 14845.6 14256.9 363.37552430876036 
10030.9 14885.033333333333 14339.366666666667 492.9811130031027 
10565.2 14724.233333333334 14196.966666666667 610.1311474684036 
10555.966666666667 14759.4 14237.3 644.4209798984925 
10336.966666666667 14728.3 14226.533333333333 510.033221358069 
10384.9 14878.966666666667 14348.333333333334 545.0570555251787 
9684.466666666667 14785.5 14231.233333333334 585.1784469525323 
10117.4 14855.866666666667 14279.9 650.3549948553739 
 
1.8755555555555554 1.5300000000000005 1.517777777777778 1.51 
1.5677777777777782 1.034444444444445 1.9544444444444444 1.0722222222222224 
1.4966666666666661 1.95 1.0455555555555558 1.8188888888888888 
 
870.0
1305.0
1537.0
1673.3
1763.2
1847.3
1893.7
1864.7
1884.0333333333333
1870.5
1882.1
1900.4666666666667
1917.8666666666666
1945.9
1948.8
1943.9666666666667
1917.8666666666666
1912.0666666666666
1911.1
1922.7
1929.4666666666667
1931.4
1969.1
1933.3333333333333
1918.8333333333333
1942.0333333333333
1904.3333333333333
1904.3333333333333
1895.6333333333334
1920.7666666666667
1941.0666666666666
1956.5333333333333
1993.2666666666667
1934.3
1951.7
1962.3333333333333
2032.9
2032.9
2017.4333333333334
1967.1666666666667
1984.5666666666666
2001.9666666666667
1985.5333333333333
1927.5333333333333
1964.2666666666667
1964.2666666666667
2042.5666666666666
2048.366666666667
2038.7
2025.1666666666667
2054.1666666666665
2021.3
2004.8666666666666
2038.7
2013.5666666666666
2001.0
2001.0
2004.8666666666666
1997.1333333333334
1978.7666666666667
1973.9333333333334
1974.9
2003.9
1990.3666666666666
1975.8666666666666
1970.0666666666666
1970.0666666666666
1997.1333333333334
2020.3333333333333
2032.9
2017.4333333333334
2078.3333333333335
2049.3333333333335
2084.133333333333
2055.133333333333
2076.4
2058.0333333333333
2083.1666666666665
2082.2
2035.8
2099.6
2111.2
2155.6666666666665
2113.133333333333
2059.9666666666667
2086.0666666666666
2121.8333333333335
2122.8
2119.9
2086.0666666666666
2013.5666666666666
2060.9333333333334
2019.3666666666666
2057.0666666666666
2043.5333333333333
2030.9666666666667
2030.0
2056.1
2091.866666666667
2084.133333333333
2140.2
2165.3333333333335
2164.366666666667
2190.4666666666667
2158.5666666666666
2174.0333333333333
2162.4333333333334
2100.5666666666666
2135.366666666667
2160.5
2160.5
2111.2
2175.9666666666667
2222.366666666667
2269.733333333333
2237.8333333333335
2207.866666666667
2206.9
2177.9
2090.9
2103.4666666666667
2118.9333333333334
2128.6
2121.8333333333335
2146.9666666666667
2166.3
2148.9
2162.4333333333334
2140.2
2130.5333333333333
2132.4666666666667
2090.9
2100.5666666666666
2093.8
2098.633333333333
2040.6333333333334
2041.6
2120.866666666667
2137.3
2115.0666666666666
2155.6666666666665
2178.866666666667
2136.3333333333335
2076.4
2096.7
2111.2
2107.3333333333335
2119.9
2105.4
2130.5333333333333
2130.5333333333333
2164.366666666667
2168.233333333333
2138.266666666667
2122.8
2105.4
2100.5666666666666
2164.366666666667
2175.9666666666667
2170.1666666666665
2197.233333333333
2222.366666666667
2248.4666666666667
2203.0333333333333
2240.733333333333
2222.366666666667
2179.8333333333335
2180.8
2193.366666666667
2253.3
2275.5333333333333
2230.1
2189.5
2137.3
2121.8333333333335
2131.5
2143.1
2133.4333333333334
2105.4
2152.766666666667
2146.0
2154.7
2142.133333333333
2118.9333333333334
2117.9666666666667
2167.266666666667
2165.3333333333335
2167.266666666667
2206.9
2290.0333333333333
2243.633333333333
2214.633333333333
2158.5666666666666
2173.0666666666666
2251.366666666667
2291.9666666666667
2281.3333333333335
2226.233333333333
2213.6666666666665
2199.1666666666665
2154.7
2149.866666666667
2173.0666666666666
2204.0
2197.233333333333
2191.4333333333334
2162.4333333333334
2165.3333333333335
2138.266666666667
2157.6
2123.766666666667
2105.4
2118.9333333333334
2165.3333333333335
2165.3333333333335
2273.6
2259.1
2278.4333333333334
2229.133333333333
2112.1666666666665
2120.866666666667
2085.1
2113.133333333333
2100.5666666666666
2067.7
2030.9666666666667
2134.4
2151.8
2103.4666666666667
2078.3333333333335
2106.366666666667
2133.4333333333334
2138.266666666667
2168.233333333333
2132.4666666666667
2150.8333333333335
2131.5
2177.9
2161.4666666666667
2209.8
2225.266666666667
2133.4333333333334
2196.266666666667
2153.733333333333
2149.866666666667
2175.0
2217.5333333333333
2181.766666666667
2222.366666666667
2193.366666666667
2179.8333333333335
2145.0333333333333
2216.5666666666666
2153.733333333333
2128.6
2178.866666666667
2164.366666666667
2110.233333333333
2103.4666666666667
2067.7
2064.8
2076.4
2110.233333333333
2133.4333333333334
2146.0
2160.5
2115.0666666666666
2083.1666666666665
2074.4666666666667
2117.9666666666667
2105.4
2104.4333333333334
2182.733333333333
2135.366666666667
2102.5
2099.6
2118.9333333333334
2149.866666666667
2162.4333333333334
2179.8333333333335
2136.3333333333335
2108.3
2144.0666666666666
2121.8333333333335
2124.733333333333
2162.4333333333334
2179.8333333333335
2240.733333333333
2163.4
2139.233333333333
2163.4
2189.5
2168.233333333333
2190.4666666666667
2228.1666666666665
2143.1
2167.266666666667
2191.4333333333334
2205.9333333333334
2201.1
2206.9
2226.233333333333
2198.2
2195.3
2176.9333333333334
2212.7
2282.3
2188.5333333333333
2164.366666666667
2175.0
2112.1666666666665
2168.233333333333
2128.6
2190.4666666666667
2232.0333333333333
2229.133333333333
2170.1666666666665
2135.366666666667
2081.233333333333
2058.0333333333333
2054.1666666666665
2099.6
2135.366666666667
2102.5
2104.4333333333334
2113.133333333333
2117.0
2136.3333333333335
2189.5
2133.4333333333334
2122.8
2097.6666666666665
2150.8333333333335
2115.0666666666666
2128.6
2074.4666666666667
2025.1666666666667
2056.1
2085.1
2170.1666666666665
2154.7
2098.633333333333
2121.8333333333335
2204.0
2185.633333333333
2176.9333333333334
2173.0666666666666
2160.5
2216.5666666666666
2209.8
2234.9333333333334
2219.4666666666667
2213.6666666666665
2231.0666666666666
2217.5333333333333
2247.5
2233.9666666666667
2206.9
2195.3
2238.8
2232.0333333333333
2168.233333333333
2209.8
2259.1
2327.733333333333
2226.233333333333
2143.1
2127.633333333333
2104.4333333333334
2133.4333333333334
2117.0
2114.1
2125.7
2162.4333333333334
2093.8
2110.233333333333
2124.733333333333
2120.866666666667
2112.1666666666665
2195.3
2213.6666666666665
2194.3333333333335
2201.1
2159.5333333333333
2168.233333333333
2158.5666666666666
2156.633333333333
2137.3
2165.3333333333335
2202.0666666666666
2194.3333333333335
2170.1666666666665
2190.4666666666667
2194.3333333333335
2175.0
2160.5
2110.233333333333
2117.0
2115.0666666666666
2139.233333333333
2152.766666666667
2206.9
2208.8333333333335
2189.5
2185.633333333333
2172.1
2109.266666666667
2143.1
2142.133333333333
2167.266666666667
2180.8
2195.3
2232.0333333333333
2187.5666666666666
2182.733333333333
2125.7
2142.133333333333
2113.133333333333
2103.4666666666667
2136.3333333333335
2183.7
2215.6
2181.766666666667
2125.7
2160.5
2167.266666666667
2146.9666666666667
2080.266666666667
2058.0333333333333
2145.0333333333333
2124.733333333333
2166.3
2208.8333333333335
2132.4666666666667
2129.5666666666666
2141.1666666666665
2149.866666666667
2159.5333333333333
2170.1666666666665
2149.866666666667
2189.5
2191.4333333333334
2224.3
2204.9666666666667
2196.266666666667
2227.2
2229.133333333333
2177.9
2221.4
2203.0333333333333
2198.2
2180.8
2132.4666666666667
2114.1
2116.0333333333333
2137.3
2119.9
2137.3
2100.5666666666666
2115.0666666666666
2132.4666666666667
2132.4666666666667
2106.366666666667
2121.8333333333335
2130.5333333333333
2134.4
2099.6
2107.3333333333335
2133.4333333333334
2122.8
2130.5333333333333
2154.7
2147.9333333333334
2130.5333333333333
2131.5
2147.9333333333334
2176.9333333333334
2160.5
2171.133333333333
2178.866666666667
2153.733333333333
2139.233333333333
2170.1666666666665
2144.0666666666666
2176.9333333333334
2178.866666666667
2164.366666666667
2111.2
2121.8333333333335
2109.266666666667
2127.633333333333
2102.5
2164.366666666667
2163.4
2155.6666666666665
2086.0666666666666
2110.233333333333
2149.866666666667
2108.3
2121.8333333333335
2127.633333333333
2174.0333333333333
2143.1
2168.233333333333
2137.3
2148.9
2106.366666666667
2079.3
2106.366666666667
2123.766666666667
2107.3333333333335
2171.133333333333
2120.866666666667
2197.233333333333
2227.2
2231.0666666666666
2216.5666666666666
2208.8333333333335
2219.4666666666667
2242.6666666666665
2238.8
2211.733333333333
2144.0666666666666
2161.4666666666667
2129.5666666666666
2099.6
2074.4666666666667
2120.866666666667
2131.5
2176.9333333333334
2147.9333333333334
2191.4333333333334
2177.9
2107.3333333333335
2136.3333333333335
2093.8
2129.5666666666666
2103.4666666666667
2124.733333333333
2148.9
2181.766666666667
2169.2
2169.2
2217.5333333333333
2134.4
2140.2
2135.366666666667
2118.9333333333334
2122.8
2188.5333333333333
2200.133333333333
2149.866666666667
2105.4
2116.0333333333333
2161.4666666666667
2196.266666666667
2139.233333333333
2124.733333333333
2163.4
2175.0
2118.9333333333334
2131.5
2182.733333333333
2178.866666666667
2141.1666666666665
2152.766666666667
2134.4
2164.366666666667
2175.0
2199.1666666666665
2142.133333333333
2157.6
2168.233333333333
2138.266666666667
2208.8333333333335
2184.6666666666665
2197.233333333333
2176.9333333333334
2135.366666666667
2133.4333333333334
2083.1666666666665
2136.3333333333335
2146.9666666666667
2182.733333333333
2161.4666666666667
2204.0
2172.1
2175.0
2139.233333333333
2142.133333333333
2162.4333333333334
2159.5333333333333
2141.1666666666665
2124.733333333333
2124.733333333333
2156.633333333333
2124.733333333333
2124.733333333333
2068.6666666666665
2145.0333333333333
