1 1
103 0
104 1
118 0
119 1
184 0
186 1
194 0
195 1
196 0
197 1
214 0
215 1
221 0
222 1
223 0
224 1
226 0
227 1
231 0
232 1
233 0
235 1
237 0
238 1
244 0
247 1
249 0
250 1
253 0
254 1
256 0
258 1
265 0
266 1
276 0
277 1
281 0
282 1
284 0
286 1
288 0
290 1
293 0
294 1
310 0
311 1
321 0
322 1
339 0
340 1
344 0
345 1
358 0
359 1
372 0
373 1
375 0
376 1
377 0
379 1
385 0
386 1
389 0
391 1
397 0
400 1
402 0
403 1
404 0
405 1
409 0
410 1
412 0
413 1
415 0
417 1
418 0
419 1
421 0
423 1
424 0
425 1
428 0
430 1
433 0
435 1
446 0
447 1
455 0
456 1
461 0
462 1
468 0
469 1
473 0
474 1
478 0
479 1
483 0
484 1
488 0
490 1
494 0
495 1
496 0
497 1
516 0
517 1
519 0
520 1
521 0
523 1
529 0
530 1
535 0
536 1
538 0
539 1
545 0
546 1
577 0
578 1
Total yes: 522
