16269.566666666668 32737.433333333334 16243.0
16604.6 30360.8 18284.6
19139.266666666666 26346.366666666665 19764.366666666665
24855.033333333333 22154.233333333334 18240.733333333334
31339.0 17986.533333333333 15924.466666666667
36601.73333333333 14485.166666666666 14163.1
41601.066666666666 12890.6 10758.333333333334
45007.3 11038.933333333332 9203.766666666666
46646.46666666667 10170.266666666666 8433.266666666666
48253.9 9853.633333333333 7142.466666666666
48587.166666666664 9242.6 7420.233333333334
50511.96666666667 8780.1 5957.933333333333
51915.166666666664 8462.233333333334 4872.6
51020.666666666664 8052.966666666666 6176.366666666667
51138.7 7837.466666666666 6273.833333333333
49468.566666666666 9162.4 6619.033333333334
52076.53333333333 8118.866666666667 5054.6
51822.3 7475.2 5952.5
54287.2 6549.866666666667 4412.933333333333
51773.63333333333 8273.866666666667 5202.5
53797.7 6781.333333333333 4670.966666666666
53457.23333333333 6892.3 4900.466666666666
52500.23333333333 7161.0 5588.766666666666
54958.3 6083.7 4208.0
55793.1 5792.866666666667 3664.0333333333333
53419.0 7448.666666666667 4382.333333333333
53570.7 7304.966666666666 4374.333333333333
53858.73333333333 7325.133333333333 4066.133333333333
54754.73333333333 6456.5 4038.766666666667
56462.666666666664 5545.2 3242.133333333333
53390.6 7662.266666666666 4197.133333333333
54080.7 6140.333333333333 5028.966666666666
53611.333333333336 7239.966666666666 4398.7
53961.23333333333 6717.7 4571.066666666667
55240.4 5942.433333333333 4067.1666666666665
54980.2 6410.966666666666 3858.8333333333335
54645.23333333333 6377.433333333333 4227.333333333333
56434.8 5492.933333333333 3322.266666666667
56661.36666666667 5193.966666666666 3394.6666666666665
55392.4 6146.966666666666 3710.633333333333
55471.96666666667 5967.833333333333 3810.2
54868.933333333334 6762.8 3618.266666666667
55541.166666666664 5969.5 3739.3333333333335
54408.666666666664 6686.166666666667 4155.166666666667
54304.96666666667 6208.9 4736.133333333333
54694.73333333333 6488.4 4066.866666666667
54626.566666666666 6588.866666666667 4034.5666666666666
53339.6 6938.033333333334 4972.366666666667
53993.96666666667 6805.266666666666 4450.766666666666
54247.066666666666 6665.2 4337.733333333334
54180.166666666664 6384.033333333334 4685.8
53342.96666666667 7331.666666666667 4575.366666666667
52227.166666666664 7619.0 5403.833333333333
52652.2 6749.733333333334 5848.066666666667
52058.53333333333 7067.433333333333 6124.033333333334
53730.666666666664 6283.566666666667 5235.766666666666
53933.23333333333 7065.2 4251.566666666667
54072.566666666666 7285.366666666667 3892.0666666666666
52088.666666666664 8152.933333333333 5008.4
53050.13333333333 7327.533333333334 4872.333333333333
52948.166666666664 7889.366666666667 4412.466666666666
53381.1 7115.133333333333 4753.766666666666
53160.333333333336 7572.6 4517.066666666667
53035.4 7220.066666666667 4994.533333333334
51740.6 8720.633333333333 4788.766666666666
52122.63333333333 8428.266666666666 4699.1
52189.13333333333 8424.833333333334 4636.033333333334
52334.066666666666 8381.533333333333 4534.4
52552.36666666667 8416.666666666666 4280.966666666666
52877.166666666664 8042.6 4330.233333333334
51907.8 8151.933333333333 5190.266666666666
54270.0 6757.7 4222.3
54059.2 6831.8 4359.0
55641.23333333333 5758.166666666667 3850.6
54565.7 6675.366666666667 4008.9333333333334
54105.7 6727.8 4416.5
54960.1 5903.9 4386.0
54453.63333333333 6597.466666666666 4198.9
54820.5 6246.233333333334 4183.266666666666
54733.23333333333 6440.533333333334 4076.233333333333
54500.13333333333 6675.2 4074.6666666666665
55210.36666666667 6641.333333333333 3398.3
55348.333333333336 6153.133333333333 3748.5333333333333
56164.86666666667 5483.9 3601.233333333333
55588.5 6289.333333333333 3372.1666666666665
56258.9 5484.7 3506.4
55510.566666666666 5810.9 3928.5333333333333
54293.666666666664 6912.1 4044.233333333333
56149.4 5754.833333333333 3345.766666666667
55553.23333333333 5905.933333333333 3790.8333333333335
55939.03333333333 5555.333333333333 3755.633333333333
54619.96666666667 6793.933333333333 3836.1
55310.6 6672.233333333334 3267.1666666666665
54072.1 7047.1 4130.8
56197.933333333334 6053.5 2998.5666666666666
55593.26666666667 6059.966666666666 3596.766666666667
54588.0 7277.366666666667 3384.633333333333
55879.333333333336 6059.1 3311.5666666666666
54376.833333333336 6977.166666666667 3896.0
56346.46666666667 5862.066666666667 3041.4666666666667
55326.833333333336 6491.8 3431.366666666667
55770.433333333334 6417.433333333333 3062.133333333333
55828.1 6349.933333333333 3071.9666666666667
54411.96666666667 6945.2 3892.8333333333335
56042.4 5800.966666666666 3406.633333333333
56096.833333333336 5881.566666666667 3271.6
54261.53333333333 7325.966666666666 3662.5
56920.0 5325.8 3004.2
55923.0 6078.533333333334 3248.4666666666667
54750.7 6946.633333333333 3552.6666666666665
56738.433333333334 5565.3 2946.266666666667
55072.5 6924.066666666667 3253.4333333333334
54552.53333333333 6925.366666666667 3772.1
54979.76666666667 6348.233333333334 3922.0
54924.0 6763.666666666667 3562.3333333333335
54413.63333333333 7096.2 3740.1666666666665
55742.86666666667 6203.033333333334 3304.1
55673.566666666666 5860.366666666667 3716.0666666666666
54003.63333333333 6766.066666666667 4480.3
54990.333333333336 6159.266666666666 4100.4
55018.9 6579.633333333333 3651.4666666666667
55292.2 6192.133333333333 3765.6666666666665
56320.96666666667 5480.6 3448.4333333333334
56713.2 5514.233333333334 3022.5666666666666
55550.933333333334 6194.366666666667 3504.7
55001.666666666664 6580.1 3668.233333333333
54999.73333333333 6218.866666666667 4031.4
54550.1 6661.3 4038.6
55129.5 5973.633333333333 4146.866666666667
54355.76666666667 6702.7 4191.533333333334
56266.76666666667 5395.766666666666 3587.4666666666667
55469.53333333333 6043.7 3736.766666666667
55516.9 6252.566666666667 3480.5333333333333
55525.23333333333 6257.5 3467.266666666667
56062.2 5823.4 3364.4
54811.26666666667 6581.033333333334 3857.7
55391.86666666667 6062.3 3795.8333333333335
57402.566666666666 5072.766666666666 2774.6666666666665
54565.066666666666 6790.3 3894.633333333333
55486.03333333333 6244.733333333334 3519.233333333333
54694.03333333333 6640.433333333333 3915.5333333333333
56827.433333333334 5246.566666666667 3176.0
56600.4 5701.666666666667 2947.9333333333334
56191.6 5899.766666666666 3158.633333333333
55224.36666666667 6420.966666666666 3604.6666666666665
55470.833333333336 5728.566666666667 4050.6
53809.1 6877.966666666666 4562.933333333333
54132.933333333334 6724.8 4392.266666666666
54393.066666666666 6656.733333333334 4200.2
54659.6 6407.333333333333 4183.066666666667
55475.1 5663.066666666667 4111.833333333333
55722.86666666667 6011.9 3515.233333333333
54688.73333333333 6167.066666666667 4394.2
55091.73333333333 5986.766666666666 4171.5
54555.36666666667 6604.066666666667 4090.5666666666666
55621.53333333333 6056.666666666667 3571.8
56520.5 4756.233333333334 3973.266666666667
55419.566666666666 5697.566666666667 4132.866666666667
55625.933333333334 5586.1 4037.9666666666667
55248.5 6032.8 3968.7
55013.9 6672.233333333334 3563.866666666667
54384.53333333333 7279.833333333333 3585.633333333333
53801.066666666666 7046.3 4402.633333333333
54828.0 6788.733333333334 3633.266666666667
54302.7 6631.333333333333 4315.966666666666
55066.1 6034.1 4149.8
54236.46666666667 6450.233333333334 4563.3
54773.666666666664 5978.533333333334 4497.8
55410.666666666664 5791.7 4047.633333333333
55189.03333333333 6456.033333333334 3604.9333333333334
54771.1 6313.333333333333 4165.566666666667
54259.7 6627.5 4362.8
53040.6 6693.0 5516.4
55625.86666666667 5440.6 4183.533333333334
55487.1 5507.766666666666 4255.133333333333
54309.566666666666 6033.233333333334 4907.2
55322.46666666667 5153.133333333333 4774.4
55039.333333333336 5949.033333333334 4261.633333333333
56181.3 4825.533333333334 4243.166666666667
56477.36666666667 4902.133333333333 3870.5
55847.933333333334 5637.8 3764.266666666667
53857.333333333336 7060.766666666666 4331.9
56292.9 5238.033333333334 3719.0666666666666
54616.566666666666 6763.466666666666 3869.9666666666667
55029.6 6107.0 4113.4
54618.03333333333 6322.266666666666 4309.7
52872.833333333336 7455.766666666666 4921.4
55164.566666666666 6032.1 4053.3333333333335
54115.8 6844.633333333333 4289.566666666667
53330.0 7208.733333333334 4711.266666666666
54094.03333333333 6451.666666666667 4704.3
54576.76666666667 6784.966666666666 3888.266666666667
54794.7 6324.866666666667 4130.433333333333
55148.2 5976.866666666667 4124.933333333333
54507.36666666667 5985.466666666666 4757.166666666667
53495.96666666667 7045.166666666667 4708.866666666667
53762.8 6629.3 4857.9
53056.36666666667 6760.066666666667 5433.566666666667
54262.4 6325.933333333333 4661.666666666667
54147.36666666667 6917.433333333333 4185.2
55365.63333333333 5846.366666666667 4038.0
52874.9 7071.9 5303.2
53418.933333333334 6796.7 5034.366666666667
53687.9 6489.066666666667 5073.033333333334
53908.76666666667 6792.533333333334 4548.7
54071.46666666667 6583.1 4595.433333333333
53743.86666666667 6764.3 4741.833333333333
54203.433333333334 7070.866666666667 3975.7
53194.63333333333 6976.6 5078.766666666666
53458.76666666667 7328.4 4462.833333333333
53930.066666666666 6824.966666666666 4494.966666666666
55308.86666666667 5910.066666666667 4031.0666666666666
55678.666666666664 5986.7 3584.633333333333
55361.2 5833.533333333334 4055.266666666667
54125.166666666664 6593.7 4531.133333333333
54200.333333333336 6315.966666666666 4733.7
55154.46666666667 6014.166666666667 4081.366666666667
56521.63333333333 5007.166666666667 3721.2
56288.46666666667 5508.2 3453.3333333333335
54692.333333333336 6274.2 4283.466666666666
55656.6 5725.233333333334 3868.1666666666665
54615.76666666667 6394.233333333334 4240.0
55700.166666666664 6520.1 3029.733333333333
54560.3 6727.2 3962.5
55039.566666666666 6163.733333333334 4046.7
54590.566666666666 6580.1 4079.3333333333335
56206.566666666666 5876.333333333333 3167.1
55005.36666666667 6336.9 3907.733333333333
54731.933333333334 6147.033333333334 4371.033333333334
54811.4 6186.466666666666 4252.133333333333
55684.73333333333 5320.133333333333 4245.133333333333
54651.666666666664 6206.866666666667 4391.466666666666
54841.9 6888.333333333333 3519.766666666667
54616.4 6082.033333333334 4551.566666666667
57339.76666666667 4769.6 3140.633333333333
55584.1 5670.833333333333 3995.0666666666666
54934.9 5984.6 4330.5
55728.933333333334 5295.2 4225.866666666667
55510.833333333336 5823.833333333333 3915.3333333333335
55511.3 5759.2 3979.5
55717.4 5630.8 3901.8
56092.433333333334 5357.4 3800.1666666666665
54728.46666666667 6936.7 3584.8333333333335
55778.26666666667 5543.666666666667 3928.0666666666666
54863.03333333333 6313.033333333334 4073.9333333333334
54200.23333333333 6303.166666666667 4746.6
55562.0 5287.8 4400.2
54993.333333333336 5967.833333333333 4288.833333333333
55793.23333333333 5275.166666666667 4181.6
53588.333333333336 6473.6 5188.066666666667
53556.23333333333 6127.966666666666 5565.8
52829.1 6545.666666666667 5875.233333333334
54846.63333333333 5521.033333333334 4882.333333333333
54178.8 6175.7 4895.5
55028.566666666666 6324.466666666666 3896.9666666666667
55404.46666666667 5961.6 3883.9333333333334
54161.933333333334 6753.866666666667 4334.2
53848.96666666667 6157.333333333333 5243.7
53666.433333333334 6520.766666666666 5062.8
54312.9 5816.766666666666 5120.333333333333
55698.433333333334 5440.333333333333 4111.233333333334
55042.433333333334 5247.333333333333 4960.233333333334
53515.933333333334 6845.633333333333 4888.433333333333
54396.933333333334 5753.9 5099.166666666667
55035.8 5610.133333333333 4604.066666666667
56345.53333333333 5246.5 3657.9666666666667
54415.2 6239.8 4595.0
53942.333333333336 6294.8 5012.866666666667
54281.03333333333 6943.666666666667 4025.3
53613.5 6568.233333333334 5068.266666666666
55874.933333333334 5079.866666666667 4295.2
53255.0 5898.066666666667 6096.933333333333
56158.13333333333 4950.8 4141.066666666667
56057.1 5246.366666666667 3946.5333333333333
53563.3 6604.966666666666 5081.733333333334
55633.36666666667 5754.4 3862.233333333333
55597.23333333333 5929.866666666667 3722.9
54912.86666666667 6102.8 4234.333333333333
56454.8 4895.933333333333 3899.266666666667
55537.76666666667 6131.066666666667 3581.1666666666665
54914.6 6277.0 4058.4
54323.96666666667 6948.933333333333 3977.1
55115.96666666667 6350.8 3783.233333333333
56032.333333333336 5765.6 3452.0666666666666
55808.76666666667 6107.4 3333.8333333333335
55834.666666666664 6263.5 3151.8333333333335
55034.166666666664 6617.633333333333 3598.2
55302.6 6137.6 3809.8
55522.4 6405.666666666667 3321.9333333333334
55727.166666666664 5944.533333333334 3578.3
54981.6 6718.666666666667 3549.733333333333
53382.63333333333 7517.866666666667 4349.5
54854.76666666667 6622.766666666666 3772.4666666666667
55232.46666666667 6031.1 3986.4333333333334
57206.53333333333 4858.766666666666 3184.7
55423.566666666666 5792.2 4034.233333333333
56322.933333333334 5360.133333333333 3566.9333333333334
55131.933333333334 6021.533333333334 4096.533333333334
56217.73333333333 5423.866666666667 3608.4
55193.2 6273.8 3783.0
55424.933333333334 5759.9 4065.1666666666665
55289.7 6314.633333333333 3645.6666666666665
54786.76666666667 6200.3 4262.933333333333
54972.833333333336 6295.366666666667 3981.8
54155.4 6954.8 4139.8
55222.9 6324.666666666667 3702.4333333333334
55441.13333333333 6329.033333333334 3479.8333333333335
55812.6 5780.466666666666 3656.9333333333334
53294.46666666667 7124.566666666667 4830.966666666666
54975.13333333333 6434.7 3840.1666666666665
55343.1 6575.333333333333 3331.5666666666666
55238.7 6599.8 3411.5
54464.566666666666 7216.233333333334 3569.2
53383.066666666666 7627.433333333333 4239.5
53095.63333333333 7936.866666666667 4217.5
52734.63333333333 7903.366666666667 4612.0
53023.26666666667 7182.2 5044.533333333334
53447.23333333333 7684.933333333333 4117.833333333333
54014.4 7444.866666666667 3790.733333333333
53407.8 7828.1 4014.1
54662.0 6751.9 3836.1
52755.03333333333 7531.0 4963.966666666666
52008.3 8007.5 5234.2
51775.333333333336 7781.7 5692.966666666666
52841.03333333333 7766.566666666667 4642.4
54011.7 7423.5 3814.8
54973.433333333334 6559.866666666667 3716.7
55833.433333333334 6365.033333333334 3051.5333333333333
54495.86666666667 7442.966666666666 3311.1666666666665
55426.166666666664 6426.166666666667 3397.6666666666665
53595.066666666666 7604.233333333334 4050.7
53334.0 7279.966666666666 4636.033333333334
53674.066666666666 7490.966666666666 4084.9666666666667
53682.333333333336 6846.366666666667 4721.3
54513.433333333334 6230.433333333333 4506.133333333333
52431.0 6883.466666666666 5935.533333333334
53017.833333333336 6526.466666666666 5705.7
52766.933333333334 6812.5 5670.566666666667
52698.63333333333 6443.566666666667 6107.8
52208.566666666666 7090.366666666667 5951.066666666667
53512.9 6234.966666666666 5502.133333333333
54736.333333333336 5506.9 5006.766666666666
52958.76666666667 6920.0 5371.233333333334
53260.0 6986.133333333333 5003.866666666667
51981.3 7434.133333333333 5834.566666666667
53773.0 6444.366666666667 5032.633333333333
53111.46666666667 7169.4 4969.133333333333
53675.63333333333 6169.0 5405.366666666667
52650.333333333336 7144.366666666667 5455.3
53420.566666666666 7670.366666666667 4159.066666666667
55217.03333333333 5211.033333333334 4821.933333333333
53430.6 6583.1 5236.3
53101.3 7622.8 4525.9
54164.13333333333 6299.4 4786.466666666666
53651.166666666664 7649.866666666667 3948.9666666666667
53912.53333333333 6688.266666666666 4649.2
52440.76666666667 7447.0 5362.233333333334
53758.2 6887.233333333334 4604.566666666667
54490.36666666667 6429.733333333334 4329.9
55272.2 6319.333333333333 3658.4666666666667
55674.433333333334 5726.3 3849.266666666667
53685.86666666667 6819.6 4744.533333333334
53668.933333333334 6803.033333333334 4778.033333333334
55205.7 5761.966666666666 4282.333333333333
55428.1 5342.8 4479.1
54405.833333333336 6080.033333333334 4764.133333333333
53064.1 7015.533333333334 5170.366666666667
54674.46666666667 6223.966666666666 4351.566666666667
55197.4 5673.133333333333 4379.466666666666
53972.2 6399.266666666666 4878.533333333334
56259.6 5145.4 3845.0
54789.333333333336 5853.133333333333 4607.533333333334
54731.8 5918.166666666667 4600.033333333334
53648.566666666666 6778.566666666667 4822.866666666667
56129.23333333333 5082.666666666667 4038.1
53520.03333333333 7022.9 4707.066666666667
55175.066666666666 5688.1 4386.833333333333
55684.4 5460.033333333334 4105.566666666667
54641.23333333333 6001.333333333333 4607.433333333333
56000.066666666666 5457.7 3792.233333333333
53915.3 6388.3 4946.4
55179.13333333333 5803.0 4267.866666666667
56505.2 4917.233333333334 3827.5666666666666
54103.166666666664 7020.2 4126.633333333333
54407.566666666666 6311.766666666666 4530.666666666667
55467.86666666667 5571.033333333334 4211.1
53913.26666666667 7176.3 4160.433333333333
55443.2 5876.7 3930.1
53350.933333333334 6827.833333333333 5071.233333333334
54997.833333333336 5878.9 4373.266666666666
53727.2 6866.066666666667 4656.733333333334
54496.86666666667 6280.566666666667 4472.566666666667
55786.5 5302.9 4160.6
54870.03333333333 6390.166666666667 3989.8
54514.433333333334 6465.5 4270.066666666667
54601.73333333333 6525.1 4123.166666666667
55087.96666666667 6640.266666666666 3521.766666666667
55458.23333333333 6118.666666666667 3673.1
53491.833333333336 7389.466666666666 4368.7
54262.73333333333 6961.633333333333 4025.633333333333
54721.76666666667 6570.233333333334 3958.0
55144.2 6081.466666666666 4024.3333333333335
54340.86666666667 6557.166666666667 4351.966666666666
53176.36666666667 7256.533333333334 4817.1
54291.333333333336 6490.833333333333 4467.833333333333
54797.1 6338.966666666666 4113.933333333333
54964.63333333333 6208.466666666666 4076.9
55167.3 5779.6 4303.1
53612.46666666667 6929.833333333333 4707.7
56173.23333333333 5300.133333333333 3776.633333333333
53896.6 7093.833333333333 4259.566666666667
53750.46666666667 6917.2 4582.333333333333
53322.23333333333 7819.9 4107.866666666667
50916.1 8958.0 5375.9
52227.3 8678.8 4343.9
54068.6 6778.766666666666 4402.633333333333
54537.63333333333 6263.4 4448.966666666666
52713.4 6841.533333333334 5695.066666666667
52008.833333333336 6845.333333333333 6395.833333333333
53345.6 6087.3 5817.1
52768.23333333333 6268.5 6213.266666666666
54580.2 5622.766666666666 5047.033333333334
53063.26666666667 6735.666666666667 5451.066666666667
53001.833333333336 6645.066666666667 5603.1
54092.23333333333 5487.466666666666 5670.3
54366.566666666666 6203.933333333333 4679.5
53895.6 6453.466666666666 4900.933333333333
52296.6 7393.333333333333 5560.066666666667
53102.066666666666 7023.366666666667 5124.566666666667
57016.3 5305.9 2927.8
54283.933333333334 6218.333333333333 4747.733333333334
55882.833333333336 4970.133333333333 4397.033333333334
54990.13333333333 5885.5 4374.366666666667
54561.166666666664 6193.6 4495.233333333334
54693.53333333333 5793.7 4762.766666666666
53471.566666666666 6823.166666666667 4955.266666666666
55459.2 5748.633333333333 4042.1666666666665
55017.86666666667 6245.566666666667 3986.5666666666666
54532.4 6176.3 4541.3
53895.3 6509.433333333333 4845.266666666666
55952.13333333333 5059.833333333333 4238.033333333334
54150.96666666667 6081.1 5017.933333333333
54590.1 6110.4 4549.5
54700.433333333334 5861.666666666667 4687.9
54645.433333333334 5847.133333333333 4757.433333333333
54437.9 6264.533333333334 4547.566666666667
54650.433333333334 5906.2 4693.366666666667
54787.76666666667 6267.5 4194.733333333334
55424.23333333333 5847.933333333333 3977.8333333333335
55903.76666666667 5153.033333333334 4193.2
54215.5 6641.833333333333 4392.666666666667
54251.1 6554.533333333334 4444.366666666667
54814.63333333333 6391.766666666666 4043.6
53263.63333333333 7059.133333333333 4927.233333333334
55106.9 5737.866666666667 4405.233333333334
54382.63333333333 6460.266666666666 4407.1
53985.36666666667 6671.166666666667 4593.466666666666
54277.03333333333 6437.833333333333 4535.133333333333
53327.36666666667 7199.0 4723.633333333333
53262.8 6500.166666666667 5487.033333333334
54371.8 6142.233333333334 4735.966666666666
52933.73333333333 6349.966666666666 5966.3
53886.166666666664 6393.2 4970.633333333333
54214.433333333334 6703.7 4331.866666666667
54988.933333333334 5470.133333333333 4790.933333333333
55916.933333333334 5162.5 4170.566666666667
54680.066666666666 6103.6 4466.333333333333
54564.03333333333 6239.133333333333 4446.833333333333
56282.63333333333 4828.5 4138.866666666667
56685.26666666667 4714.3 3850.4333333333334
55836.7 5395.233333333334 4018.0666666666666
55259.0 5531.433333333333 4459.566666666667
55282.26666666667 5858.2 4109.533333333334
54066.166666666664 6629.6 4554.233333333334
56109.3 5293.533333333334 3847.1666666666665
54103.666666666664 6561.833333333333 4584.5
53883.0 6556.5 4810.5
54298.933333333334 6067.033333333334 4884.033333333334
53643.53333333333 6387.233333333334 5219.233333333334
53943.1 6455.333333333333 4851.566666666667
54792.4 6399.7 4057.9
53651.2 6975.1 4623.7
53975.76666666667 6661.366666666667 4612.866666666667
53574.2 6209.566666666667 5466.233333333334
54936.7 5841.766666666666 4471.533333333334
54642.76666666667 6097.3 4509.933333333333
54611.26666666667 5992.166666666667 4646.566666666667
53992.03333333333 6596.666666666667 4661.3
53312.333333333336 7007.066666666667 4930.6
55173.26666666667 5984.3 4092.4333333333334
53803.53333333333 6234.5 5211.966666666666
53283.03333333333 6790.033333333334 5176.933333333333
55460.9 5389.033333333334 4400.066666666667
54001.26666666667 6175.233333333334 5073.5
55376.76666666667 5930.766666666666 3942.4666666666667
55515.166666666664 5716.533333333334 4018.3
52732.53333333333 7348.666666666667 5168.8
55198.166666666664 6107.6 3944.233333333333
53637.066666666666 7491.266666666666 4121.666666666667
53939.9 6632.066666666667 4678.033333333334
55586.0 5583.433333333333 4080.5666666666666
53735.73333333333 6923.133333333333 4591.133333333333
54681.1 6446.5 4122.4
55178.26666666667 6085.6 3986.133333333333
55504.63333333333 6215.0 3530.366666666667
55497.36666666667 5961.566666666667 3791.0666666666666
54219.833333333336 6858.366666666667 4171.8
54691.63333333333 6208.133333333333 4350.233333333334
54151.066666666666 6763.333333333333 4335.6
53620.5 7021.3 4608.2
55173.13333333333 5833.066666666667 4243.8
55222.26666666667 6239.133333333333 3788.6
53255.2 7198.233333333334 4796.566666666667
53367.7 7016.1 4866.2
52235.86666666667 7813.1 5201.033333333334
53088.166666666664 7218.866666666667 4942.966666666666
54566.63333333333 6460.966666666666 4222.4
54124.9 6596.833333333333 4528.266666666666
53910.066666666666 6563.066666666667 4776.866666666667
53749.433333333334 6247.966666666666 5252.6
54761.6 6098.433333333333 4389.966666666666
54885.1 5851.566666666667 4513.333333333333
55083.26666666667 5809.633333333333 4357.1
53787.7 6590.233333333334 4872.066666666667
56782.63333333333 4637.166666666667 3830.2
55218.4 6098.7 3932.9
54507.7 5798.333333333333 4943.966666666666
56436.566666666666 4938.666666666667 3874.766666666667
56460.53333333333 5403.8 3385.6666666666665
55807.46666666667 5534.033333333334 3908.5
54786.7 6155.4 4307.9
55812.96666666667 5221.166666666667 4215.866666666667
53971.833333333336 6141.7 5136.466666666666
54073.0 6106.233333333334 5070.766666666666
53937.3 6483.866666666667 4828.833333333333
55311.36666666667 5374.6 4564.033333333334
56223.13333333333 5038.833333333333 3988.0333333333333
55569.4 5380.033333333334 4300.566666666667
56284.46666666667 5109.233333333334 3856.3
55028.3 5826.933333333333 4394.766666666666
54601.76666666667 5925.233333333334 4723.0
54846.46666666667 6238.633333333333 4164.9
55224.9 6297.866666666667 3727.233333333333
54162.63333333333 6564.666666666667 4522.7
54578.13333333333 6177.666666666667 4494.2
53045.433333333334 7353.9 4850.666666666667
54532.2 6349.533333333334 4368.266666666666
52566.76666666667 7585.466666666666 5097.766666666666
53739.26666666667 6914.1 4596.633333333333
53469.63333333333 6667.733333333334 5112.633333333333
53268.1 6720.366666666667 5261.533333333334
54225.23333333333 6140.3 4884.466666666666
55327.3 5454.133333333333 4468.566666666667
52239.6 7554.133333333333 5456.266666666666
52058.333333333336 7713.4 5478.266666666666
53811.8 5746.866666666667 5691.333333333333
53126.9 5981.866666666667 6141.233333333334
52263.3 7355.033333333334 5631.666666666667
53265.9 6414.933333333333 5569.166666666667
55044.36666666667 5587.3 4618.333333333333
54613.5 5627.566666666667 5008.933333333333
52282.433333333334 6819.833333333333 6147.733333333334
54150.26666666667 5830.633333333333 5269.1
55707.066666666666 5545.8 3997.133333333333
56314.26666666667 5008.033333333334 3927.7
53362.13333333333 7126.733333333334 4761.133333333333
55123.03333333333 5635.6 4491.366666666667
54738.7 6266.5 4244.8
55160.833333333336 5625.9 4463.266666666666
53962.566666666666 6474.4 4813.033333333334
53510.833333333336 7371.666666666667 4367.5
54951.76666666667 6014.3 4283.933333333333
54546.333333333336 6603.733333333334 4099.933333333333
54981.333333333336 6567.766666666666 3700.9
55212.433333333334 6054.766666666666 3982.8
54600.566666666666 6454.7 4194.733333333334
53500.0 6935.8 4814.2
53860.1 6771.533333333334 4618.366666666667
53534.46666666667 6512.466666666666 5203.066666666667
52338.9 7497.4 5413.7
53860.433333333334 6369.033333333334 5020.533333333334
54321.6 6508.266666666666 4420.133333333333
55404.1 5838.2 4007.7
54449.6 6355.633333333333 4444.766666666666
55442.6 6317.166666666667 3490.233333333333
55266.63333333333 6267.133333333333 3716.233333333333
54517.6 6714.066666666667 4018.3333333333335
56204.1 5166.033333333334 3879.866666666667
55626.76666666667 5906.9 3716.3333333333335
55647.566666666666 5877.3 3725.133333333333
55991.26666666667 5754.5 3504.233333333333
54736.066666666666 6827.233333333334 3686.7
55315.76666666667 6019.1 3915.133333333333
55186.833333333336 5809.3 4253.866666666667
54158.3 6695.933333333333 4395.766666666666
57008.166666666664 5364.9 2876.9333333333334
54507.5 6331.633333333333 4410.866666666667
55854.9 5677.666666666667 3717.4333333333334
56385.2 5484.9 3379.9
55517.166666666664 6058.4 3674.4333333333334
 
576.6333333333333
0.23333333333333334
0.3333333333333333
8.766666666666667
111.76795253357754
103.52631578947368
0.0
 
7642.0 14076.733333333334 10877.233333333334 517.8567951985696 
7486.366666666667 13037.2 10706.533333333333 722.7982589292196 
7260.3 12955.233333333334 10812.033333333333 1408.0306273105155 
7985.233333333334 13434.866666666667 11536.033333333333 2364.687944622809 
8173.366666666667 14310.5 12416.033333333333 2738.4135747220907 
8206.6 14846.3 13118.466666666667 2463.3859982417157 
9047.6 15506.4 13958.8 2025.3216909913347 
8673.3 15786.766666666666 14454.866666666667 2109.1599683286236 
9076.3 16051.833333333334 14695.866666666667 1907.340758345096 
9078.933333333332 16315.3 14985.666666666666 1732.1212381547277 
9412.333333333334 16319.333333333334 14991.3 2010.6500834307294 
9506.5 16622.7 15329.9 1262.2710484149852 
9641.266666666666 16793.766666666666 15578.8 1304.5796486480488 
9675.733333333334 16511.9 15359.033333333333 1229.7530549305868 
9788.933333333332 16553.2 15361.066666666668 1588.5116634412507 
8581.5 16554.933333333334 15159.6 1380.333045802111 
9749.433333333332 16737.466666666667 15576.733333333334 1378.4115223288322 
9048.866666666667 16597.533333333333 15461.533333333333 1223.8998961425634 
10150.933333333332 16904.033333333333 15862.0 955.3466899508264 
9560.933333333332 16770.266666666666 15531.666666666666 820.2829272066236 
9850.066666666668 16789.8 15787.266666666666 940.188078701987 
9737.7 16767.133333333335 15730.233333333334 962.0744439317921 
9781.866666666667 16590.033333333333 15565.633333333333 1028.1273740803388 
10361.2 16866.333333333332 15949.566666666668 954.1380899941992 
10273.266666666666 16952.5 16087.433333333332 716.4380345384612 
9673.566666666668 16770.3 15778.233333333334 912.6334751695225 
10062.533333333333 16763.066666666666 15794.233333333334 1029.2008053177312 
10376.066666666668 16830.9 15853.766666666666 906.3178002837146 
10721.3 16895.666666666668 15946.233333333334 1057.344568403949 
10067.266666666666 16966.033333333333 16196.6 787.6096964867816 
10130.3 16695.033333333333 15793.866666666667 792.8024934090179 
10365.933333333332 16672.433333333334 15779.7 1113.8516304547327 
9191.166666666666 16789.266666666666 15795.733333333334 764.5422839116806 
10146.466666666667 16752.6 15813.6 976.6247366994825 
11025.5 16818.866666666665 15991.8 826.3369157512769 
10683.6 16862.833333333332 15986.733333333334 712.0234867380898 
10865.7 16872.7 15916.333333333334 695.2952989757501 
11104.5 16983.4 16185.666666666666 455.07638699453537 
11184.333333333334 16948.666666666668 16201.133333333333 573.5868304896052 
10649.833333333334 16877.266666666666 16042.666666666666 710.0183823128963 
10567.266666666666 16856.466666666667 16040.7 630.9789391625259 
10112.1 16933.433333333334 15999.6 652.9216466519289 
10006.566666666668 16928.766666666666 16054.766666666666 822.1928538974298 
10005.0 16878.266666666666 15899.866666666667 841.5933967447965 
10329.1 16822.066666666666 15831.433333333332 876.1628831951791 
9829.266666666666 16991.533333333333 15937.333333333334 856.583375198624 
10287.833333333334 17035.666666666668 15933.733333333334 941.6753377771863 
10215.3 16818.8 15711.266666666666 1144.3964233021118 
9855.966666666667 16817.4 15828.8 1293.9070355580677 
9265.466666666667 16891.166666666668 15865.533333333333 1519.551487848379 
9760.4 16792.1 15824.033333333333 1521.891932979036 
9155.766666666666 16801.4 15751.4 1348.5887823943963 
9842.166666666666 16523.7 15556.9 1617.5402165015867 
9529.666666666666 16671.866666666665 15554.966666666667 2070.6024017179157 
10021.1 16488.533333333333 15467.933333333332 2186.910231531642 
9352.966666666667 16670.266666666666 15724.066666666668 1954.435373565584 
10038.766666666666 16765.0 15842.866666666667 1744.3251058472126 
10144.333333333334 16907.466666666667 15892.533333333333 1405.6250994170214 
9310.966666666667 16620.066666666666 15582.533333333333 1733.0133021224426 
9562.166666666666 16837.7 15692.3 1879.1662025128767 
9007.566666666668 16782.466666666667 15728.1 1406.657211856061 
9939.8 16759.833333333332 15737.333333333334 1586.1145987040852 
9965.1 16684.966666666667 15738.933333333332 1720.964696325872 
9916.3 16608.766666666666 15678.633333333333 1768.1518812967772 
9570.1 16584.6 15569.766666666666 1690.2025828284607 
8673.533333333333 16606.766666666666 15616.9 1558.885784997306 
10047.9 16649.966666666667 15629.8 1434.22860671977 
9211.033333333333 16677.5 15654.566666666668 1502.1589463909015 
9062.633333333333 16758.366666666665 15701.7 1553.7796709958593 
9649.7 16693.666666666668 15729.333333333334 1462.7412214362762 
9602.733333333334 16655.233333333334 15546.333333333334 1392.3066602664164 
9827.433333333332 16784.2 15879.333333333334 1019.925271500047 
8996.866666666667 16832.733333333334 15844.6 861.5186273861601 
9641.566666666668 16934.333333333332 16053.666666666666 745.5838256024603 
9882.566666666668 16909.3 15930.266666666666 739.4701679055229 
9321.766666666666 16867.1 15843.466666666667 721.5354930824802 
10652.933333333332 16762.266666666666 15931.9 978.2168704672122 
9102.5 16852.633333333335 15900.0 863.9227932325126 
10323.8 16833.866666666665 15938.266666666666 747.7494631670869 
9671.733333333334 16796.266666666666 15940.266666666666 638.2935070256561 
9121.233333333334 16865.9 15917.133333333333 562.473747535533 
9603.4 16920.033333333333 16055.766666666666 545.0455799492571 
10102.3 16889.4 16034.466666666667 715.2808109018754 
10355.533333333333 16912.333333333332 16130.9 851.271598453357 
9838.366666666667 16942.233333333334 16096.166666666666 669.4214103736649 
10549.7 16831.133333333335 16149.866666666667 544.1647662039298 
9548.7 16899.333333333332 16032.733333333334 826.8357240441147 
9113.566666666668 16831.7 15899.6 788.9266326260426 
9555.233333333334 17013.6 16154.866666666667 631.6199255353915 
10155.5 16837.466666666667 16050.733333333334 684.7797288990901 
10196.8 16891.633333333335 16092.866666666667 729.4824666235039 
10371.2 16836.466666666667 15952.933333333332 721.3365968810955 
9399.866666666667 17050.733333333334 16078.933333333332 917.3059561685088 
9364.333333333334 16867.833333333332 15868.6 1004.4276577567282 
10131.6 16947.7 16194.433333333332 735.4163322001131 
10153.366666666667 16913.933333333334 16074.2 611.6648927313062 
8986.2 16930.466666666667 15994.9 605.5769064839465 
10030.233333333334 16936.066666666666 16131.3 807.6620590733892 
10146.3 16802.933333333334 15922.733333333334 1049.8159466729817 
11017.0 16951.066666666666 16204.966666666667 796.495756702096 
10848.666666666666 16870.033333333333 16064.066666666668 713.9040007047323 
9974.333333333334 16951.8 16145.433333333332 626.4068742527583 
9635.566666666668 16962.8 16150.2 524.6844759789765 
9699.333333333334 16802.3 15926.433333333332 839.2984587671357 
10113.9 16899.866666666665 16138.066666666668 721.6444391496104 
9206.033333333333 16916.633333333335 16157.133333333333 672.4187682455695 
9255.2 16849.033333333333 15934.533333333333 670.0189543753386 
10253.9 16966.3 16266.133333333333 647.5924936082705 
9376.233333333334 16967.066666666666 16142.0 781.9036688322502 
10280.433333333332 16910.366666666665 15994.366666666667 851.3603625962392 
8869.5 17104.066666666666 16253.8 663.0503789305908 
8756.9 17016.8 16056.366666666667 528.5997416655528 
8640.6 16896.8 15952.666666666666 674.8158585866221 
9642.933333333332 16894.3 15980.3 607.8649655419642 
9141.033333333333 16976.8 16010.7 852.6504899429779 
8847.0 16959.8 15941.933333333332 883.9811559077492 
9836.6 16952.933333333334 16118.433333333332 588.5941139698901 
10041.1 16857.733333333334 16070.266666666666 601.5964545366861 
9329.566666666668 16784.366666666665 15826.9 869.3538489399276 
9009.366666666667 16856.833333333332 15963.566666666668 958.7774604498516 
9155.233333333334 16913.3 16011.3 554.8250219663854 
8713.133333333333 16925.466666666667 16027.233333333334 750.0538688802437 
9924.366666666667 16944.766666666666 16161.733333333334 691.4820042649138 
9605.2 17064.766666666666 16243.666666666666 694.8020991620564 
9203.266666666666 16983.066666666666 16079.266666666666 717.5087699812456 
8584.066666666668 16993.4 16007.933333333332 765.6246956280573 
8952.0 16911.566666666666 15971.333333333334 739.6641266292576 
8587.166666666666 16872.8 15925.633333333333 889.1573063549802 
9171.166666666666 16865.8 15972.7 683.5233263515347 
8075.466666666666 16900.5 15890.966666666667 828.9146898203697 
9799.266666666666 17020.6 16142.466666666667 766.2310914107078 
9273.866666666667 16934.333333333332 16047.766666666666 738.9333573168528 
8765.2 17055.466666666667 16078.2 511.0762033852356 
10291.233333333334 16965.166666666668 16080.466666666667 605.7807407708575 
8575.1 17000.166666666668 16144.266666666666 676.7101460579544 
8642.933333333332 16883.333333333332 15969.9 746.2587855429241 
9062.733333333334 16885.1 16034.1 712.6183085401796 
9669.133333333333 17099.133333333335 16337.333333333334 694.3320541674885 
8906.1 16932.566666666666 15941.566666666668 718.0092401912386 
9340.633333333333 16971.466666666667 16071.266666666666 705.5117172032734 
8292.566666666668 16930.6 15952.333333333334 684.3885476183185 
10530.433333333332 16971.4 16239.6 687.8625703341235 
8720.933333333332 17031.766666666666 16239.766666666666 531.8225144621925 
8778.5 17114.866666666665 16177.833333333334 709.8825149276464 
8514.766666666666 16935.866666666665 16036.533333333333 667.2644863753634 
9830.5 16896.566666666666 16016.6 806.5698955039999 
9098.166666666666 16814.733333333334 15799.1 870.1840799509032 
8639.8 16840.933333333334 15848.566666666668 838.7259108645418 
8274.066666666668 16839.966666666667 15893.866666666667 909.2525587291772 
8772.533333333333 16857.733333333334 15922.133333333333 986.2947065772087 
9844.566666666668 16882.533333333333 16010.833333333334 928.3372914338124 
9333.333333333334 17012.533333333333 16095.366666666667 584.3071763493354 
9016.5 16891.8 15903.966666666667 686.8606141957281 
9276.266666666666 16823.366666666665 15966.566666666668 792.9447170725922 
8327.233333333334 16858.1 15920.966666666667 581.7839293452893 
9340.766666666666 16886.2 16079.433333333332 672.5851566076144 
9647.833333333334 16931.533333333333 16129.266666666666 675.3530007830472 
9377.766666666666 16884.466666666667 16003.233333333334 797.2678141280034 
8653.766666666666 16925.5 16033.4 653.5489129871359 
9029.766666666666 16896.9 16002.466666666667 863.9406201302908 
7016.7 17006.333333333332 16019.566666666668 562.6956883313276 
8549.1 17010.266666666666 15954.433333333332 809.166923927182 
8407.733333333334 16832.166666666668 15814.4 665.7270424130298 
8024.466666666666 16962.166666666668 15994.133333333333 773.471035154014 
9039.733333333334 16787.9 15873.166666666666 822.008813010339 
7736.833333333333 16892.766666666666 15966.166666666666 575.1517302223629 
8164.033333333334 16787.9 15841.866666666667 674.7565678738437 
9151.333333333334 16779.933333333334 15902.133333333333 861.7208995183224 
8952.1 16950.133333333335 16010.933333333332 732.1708347252178 
8888.666666666666 16958.566666666666 16033.0 762.4715196866922 
9862.566666666668 16897.533333333333 15935.133333333333 858.9164434849813 
7169.666666666667 16888.866666666665 15864.266666666666 747.4274806145262 
8119.733333333334 16756.866666666665 15626.966666666667 949.8917502068915 
8944.5 16894.9 16018.766666666666 797.1227521530169 
8572.966666666667 16887.4 15997.766666666666 811.205042650884 
8221.633333333333 16724.866666666665 15814.766666666666 881.9443330253648 
9775.566666666668 16737.7 15929.466666666667 919.8839196091843 
8282.433333333332 16889.266666666666 15952.233333333334 904.6475583219011 
9500.366666666667 16814.333333333332 16068.4 663.0952993348693 
9566.633333333333 16960.4 16135.3 802.0770611356492 
7993.733333333334 17012.133333333335 16082.833333333334 744.9357932063674 
7576.833333333333 16857.533333333333 15827.133333333333 694.7423775920266 
8647.366666666667 17019.066666666666 16131.933333333332 425.5756296541844 
9036.866666666667 16896.066666666666 15949.266666666666 848.2253920850154 
8107.2 16952.6 15966.233333333334 632.0757389567946 
8312.0 16910.1 15905.333333333334 711.4585386529718 
8186.966666666666 16746.0 15669.7 950.1266355947857 
8484.9 16806.833333333332 15985.666666666666 1119.5352129343676 
8400.8 16785.833333333332 15857.2 972.8433181487482 
8474.9 16766.8 15736.4 1234.4381415580667 
9060.133333333333 16706.233333333334 15813.433333333332 1224.776041931295 
7951.133333333333 16905.833333333332 15943.433333333332 877.5197935722653 
8784.166666666666 16862.2 15941.033333333333 755.1492470587078 
8878.0 16873.766666666666 15976.966666666667 891.9926092120321 
9378.9 16762.3 15849.533333333333 916.7870722134872 
7746.2 16726.2 15753.2 821.0563624583476 
8332.833333333334 16687.866666666665 15765.166666666666 1126.8223729191354 
8285.366666666667 16637.033333333333 15636.766666666666 1245.322621831164 
8380.1 16860.766666666666 15834.533333333333 1344.679956553066 
7863.033333333334 16918.3 15870.866666666667 1200.6521321996458 
8781.2 16825.033333333333 16007.266666666666 1391.392355999318 
8209.5 16617.633333333335 15631.733333333334 1309.576035508354 
8303.5 16626.833333333332 15712.966666666667 1356.0506747741972 
8702.366666666667 16651.333333333332 15735.966666666667 1317.260187999656 
8250.8 16803.866666666665 15810.533333333333 1030.7776025894239 
8696.766666666666 16817.133333333335 15822.166666666666 817.8736852350735 
8789.166666666666 16727.666666666668 15774.8 756.245907757523 
8654.133333333333 16818.833333333332 15897.466666666667 821.4515047564686 
7757.3 16814.9 15686.2 941.4743940578877 
8025.633333333333 16794.1 15774.2 727.967761648825 
8430.633333333333 16842.4 15818.066666666668 598.442891269594 
8991.566666666668 16867.6 16002.4 598.1022058700893 
9945.633333333333 17001.133333333335 16083.9 700.9118663094052 
8549.266666666666 16911.333333333332 16005.2 762.4484515908816 
9453.0 16737.4 15833.966666666667 778.9141426798376 
9599.4 16717.0 15821.233333333334 961.7736361650917 
9509.866666666667 16840.333333333332 15981.933333333332 780.1988542103295 
9542.233333333334 16923.166666666668 16154.6 653.5819206495846 
9021.166666666666 17027.1 16157.966666666667 634.3228967437117 
8836.433333333332 16845.833333333332 15915.533333333333 686.9886369754109 
9442.066666666668 16900.566666666666 16053.433333333332 675.1884624968712 
8243.033333333333 16906.933333333334 15912.1 580.281981166628 
8568.0 17039.833333333332 16141.566666666668 570.0493145334007 
8579.9 16957.7 15934.333333333334 768.6609034186949 
8725.266666666666 16967.866666666665 15973.766666666666 785.631344560256 
9126.566666666668 16952.3 15925.566666666668 786.8836828485728 
9089.6 17044.333333333332 16178.6 798.8692546343237 
9746.8 16888.2 15984.3 1049.3880780404043 
8950.5 16875.166666666668 15910.533333333333 991.8198187058869 
8968.366666666667 16829.8 15930.5 791.7127580968574 
9776.766666666666 16833.666666666668 16018.533333333333 775.5584494056167 
8812.533333333333 16856.833333333332 15900.666666666666 809.8376391461303 
8426.0 17032.566666666666 16006.8 571.9211216009891 
10320.533333333333 16716.633333333335 15881.0 927.6982585948944 
9200.8 17033.633333333335 16294.533333333333 579.5342131593459 
9949.833333333334 16838.733333333334 16033.433333333332 746.2192259800212 
9064.366666666667 16794.633333333335 15935.0 658.6529217526734 
9518.833333333334 16883.966666666667 16024.733333333334 729.0347065355207 
8958.2 16907.966666666667 16034.133333333333 763.3245640689881 
8345.9 16877.766666666666 16027.8 759.3485247236608 
9636.633333333333 16937.8 16056.1 746.7116038560895 
9357.166666666666 16890.233333333334 16103.7 875.8034052609449 
9034.8 16932.8 15988.866666666667 796.0424584572526 
8810.466666666667 16939.933333333334 16059.6 748.3491293061904 
8793.2 16867.266666666666 15953.433333333332 714.325171130845 
8151.666666666667 16820.366666666665 15819.8 968.1224824370107 
9161.333333333334 16864.2 15990.7 813.4335871272261 
8329.0 16896.3 15945.0 702.1332910020243 
8179.733333333334 16958.3 16035.633333333333 752.9946497522777 
7819.566666666667 16818.466666666667 15714.6 813.7782126189749 
8348.8 16795.8 15673.6 972.2644491083688 
7654.866666666667 16727.633333333335 15570.0 1035.3201920179088 
9155.733333333334 16892.366666666665 15871.033333333333 940.4143158440564 
8600.466666666667 16833.233333333334 15802.933333333332 684.9536875666203 
9261.333333333334 16994.133333333335 15987.666666666666 698.1759494886975 
8438.866666666667 16918.766666666666 16026.6 747.4195626732464 
9092.366666666667 16884.6 15857.133333333333 846.7091804286891 
8660.466666666667 16747.066666666666 15735.133333333333 993.5779063566177 
8353.7 16809.566666666666 15734.933333333332 909.6914032913701 
9168.066666666668 16777.933333333334 15793.8 812.917420775321 
9444.7 16806.666666666668 16033.333333333334 830.9015736602686 
9231.566666666668 16794.7 15882.8 1008.8940043433698 
7717.5 16794.666666666668 15737.266666666666 993.2059296932222 
8984.4 16700.933333333334 15804.233333333334 1145.0964429543337 
8783.1 16909.8 15917.7 872.1825638400865 
8215.233333333334 17044.333333333332 16143.333333333334 651.334269787795 
8158.3 16896.666666666668 15856.6 817.2205157320349 
8933.933333333332 16895.266666666666 15767.533333333333 996.8488675153654 
9219.066666666668 16934.0 15900.1 791.0667152649011 
9190.433333333332 16673.1 15729.066666666668 914.1383420102961 
8560.533333333333 16892.533333333333 16032.5 746.3931644917445 
9652.9 16554.566666666666 15590.433333333332 1130.8268051887228 
9824.9 16867.366666666665 16076.3 666.0494981606095 
9554.666666666666 16897.566666666666 16085.633333333333 716.2957775947027 
9039.833333333334 16695.866666666665 15722.833333333334 904.7065400817365 
8838.2 16940.5 16051.633333333333 672.8704299904663 
8793.733333333334 16947.266666666666 16062.066666666668 719.4702912560044 
8924.766666666666 16860.7 15942.466666666667 722.3164574247678 
9549.866666666667 16899.766666666666 16130.066666666668 740.0702628804916 
8758.066666666668 16976.9 16070.233333333334 848.6279340467438 
8346.466666666667 16950.933333333334 15960.2 671.2646855004367 
9651.033333333333 16873.566666666666 15909.233333333334 752.9640164045026 
9296.866666666667 16843.966666666667 16007.866666666667 653.8371469002562 
9280.966666666667 16974.366666666665 16132.533333333333 732.550203512815 
8453.8 17021.666666666668 16122.033333333333 686.6546994102802 
8679.033333333333 17052.833333333332 16142.833333333334 799.4939111018225 
8257.9 16975.0 16018.133333333333 606.3628273017182 
8947.433333333332 16916.7 16023.9 794.4427686540212 
8249.066666666668 16975.366666666665 16094.633333333333 711.8373133424984 
9345.333333333334 16954.066666666666 16089.433333333332 688.8145764040327 
8812.166666666666 16900.1 16017.766666666666 644.7629772938957 
8571.133333333333 16769.466666666667 15777.933333333332 1018.0975448791186 
8755.133333333333 16973.8 15982.733333333334 984.8397423495417 
9626.6 16876.933333333334 15999.1 709.7239456295666 
10533.633333333333 16909.5 16276.766666666666 594.149427052376 
9476.833333333334 16916.3 16013.466666666667 630.7610181360291 
9615.566666666668 17039.833333333332 16150.1 639.1071949733209 
8924.366666666667 16922.4 15978.033333333333 808.8594132755361 
8988.033333333333 17054.866666666665 16135.533333333333 796.3358262832473 
8526.4 16927.933333333334 16015.433333333332 584.1500062293743 
9205.9 16942.233333333334 16010.433333333332 843.0556701665673 
9256.766666666666 16889.2 16038.933333333332 589.5082226360846 
9023.8 16859.066666666666 15926.866666666667 996.8662650192018 
9562.8 16907.7 15973.733333333334 796.4609778402344 
7896.2 16897.666666666668 15876.1 860.9272268897062 
9371.366666666667 16962.866666666665 16026.633333333333 854.7765489685984 
9356.233333333334 16903.9 16070.7 1114.496067437357 
9704.866666666667 16872.533333333333 16090.166666666666 1129.3691172016743 
9100.133333333333 16754.1 15720.866666666667 1058.695792682886 
9245.333333333334 16883.4 15988.1 742.2211114845315 
8473.033333333333 16986.366666666665 16075.7 749.7134336976142 
9144.9 17012.0 16057.233333333334 663.0278333356588 
8124.166666666667 17088.533333333333 15964.066666666668 690.8522397895388 
9685.5 16750.8 15788.9 962.2661123618559 
7726.633333333333 16855.7 15762.366666666667 824.4365959045406 
10082.533333333333 16636.8 15686.8 1153.8007501297614 
8997.433333333332 16739.5 15672.4 1132.8591565886143 
8521.166666666666 16949.866666666665 15807.5 820.1963094284197 
9062.7 16872.366666666665 15896.866666666667 818.0121508198329 
8754.333333333334 16898.3 15813.9 793.6191502645754 
9323.533333333333 16867.0 15957.166666666666 1047.867256595245 
9499.833333333334 16776.133333333335 15653.666666666666 1392.1715522481018 
7972.2 16713.1 15551.9 1374.1244481487113 
8067.533333333334 16687.966666666667 15482.866666666667 1510.2317561295756 
8534.466666666667 16829.766666666666 15694.466666666667 1138.5822167649262 
8354.866666666667 16887.733333333334 15894.233333333334 975.1476596449949 
9974.266666666666 16880.266666666666 16000.233333333334 899.9034767993486 
9091.6 17024.366666666665 16152.7 654.3701778555213 
8495.0 17006.066666666666 15993.0 583.9712136170185 
9622.166666666666 17003.466666666667 16077.366666666667 752.1993641611542 
8744.366666666667 16930.233333333334 15829.0 811.6881985508144 
8702.6 16822.233333333334 15744.266666666666 1070.928425816694 
8168.3 16915.066666666666 15833.366666666667 1067.4129960381365 
8770.533333333333 16745.233333333334 15770.6 1166.1861033585792 
8603.866666666667 16752.433333333334 15875.233333333334 1067.699954783386 
7204.866666666667 16578.233333333334 15524.1 1348.6919401158048 
8126.766666666666 16722.833333333332 15605.8 1299.8901230488675 
8502.233333333334 16670.733333333334 15584.166666666666 1251.8268186490052 
8581.8 16496.966666666667 15533.6 1217.649097646773 
8555.266666666666 16565.033333333333 15500.3 1363.1898401665605 
8304.366666666667 16633.2 15675.633333333333 1257.0838859572314 
8107.866666666667 16752.7 15847.566666666668 1270.1625646174411 
6946.766666666666 16768.233333333334 15633.366666666667 1306.4755328746114 
7528.1 16763.533333333333 15700.166666666666 1314.3750180218733 
7530.0 16629.7 15489.2 1451.4155219417123 
7842.666666666667 16789.6 15748.6 1317.6053305144146 
8141.833333333333 16844.566666666666 15688.833333333334 1153.5216337613938 
8594.733333333334 16717.633333333335 15701.566666666668 1230.8110467853662 
8506.3 16624.666666666668 15594.133333333333 1262.566361248214 
7552.433333333333 16927.7 15800.7 1158.6519775152503 
10218.433333333332 16736.3 15914.1 1199.4354131562623 
8219.733333333334 16638.0 15694.033333333333 1293.8502067258191 
7772.0 16845.566666666666 15732.033333333333 1187.6850061265309 
8196.1 16803.3 15812.4 1265.9324868780852 
7874.1 16910.0 15844.766666666666 1225.5896171956492 
9074.1 16833.866666666665 15800.8 989.7980874905751 
8427.8 16664.766666666666 15582.4 1056.1228400774849 
8065.266666666666 16876.866666666665 15789.9 711.2532561143979 
8601.133333333333 16888.9 15890.6 704.5146234583543 
8154.833333333333 17021.6 16035.9 681.1761950234805 
8860.8 17004.466666666667 16057.066666666668 689.1010878109408 
9103.566666666668 16848.2 15768.666666666666 757.0478699087221 
7349.166666666667 16831.533333333333 15763.666666666666 983.1504259832828 
8728.0 16820.266666666666 15966.9 737.8876484036489 
9122.066666666668 16847.8 15969.433333333332 753.4534525178788 
8219.2 16800.766666666666 15838.8 813.4108701429228 
7667.9 16713.033333333333 15663.9 757.4381114432167 
8618.133333333333 16840.933333333334 15906.766666666666 704.3323591253712 
7984.966666666666 16880.233333333334 15956.3 691.2290286149737 
7940.9 16770.466666666667 15783.933333333332 863.0271714532901 
9098.066666666668 16944.966666666667 16116.0 840.7109705481428 
8896.7 16867.966666666667 15892.766666666666 974.3673501873466 
8816.8 16812.233333333334 15887.766666666666 702.2658038251773 
8500.5 16804.733333333334 15757.066666666668 734.9357537302908 
8409.366666666667 16921.3 16083.633333333333 822.4803707215281 
7395.633333333333 16863.633333333335 15755.9 867.8678699356639 
9799.933333333332 16839.266666666666 15953.333333333334 1023.5138239852402 
8614.5 16903.633333333335 16032.433333333332 613.907265436365 
9046.2 16764.666666666668 15877.966666666667 725.9562088109111 
9233.833333333334 16918.733333333334 16095.2 899.1604756660516 
8696.3 16737.833333333332 15771.333333333334 833.3591527333483 
8332.366666666667 16863.933333333334 15965.666666666666 714.6050509819316 
9904.566666666668 16956.466666666667 16142.3 730.9353097230972 
8975.433333333332 16876.966666666667 15872.166666666666 590.9954478110077 
7426.866666666667 16839.0 15862.333333333334 721.8186338070741 
9271.266666666666 16853.066666666666 16000.333333333334 974.870609705035 
7735.933333333333 16964.533333333333 15849.833333333334 698.8892343489698 
8802.466666666667 16860.6 16025.833333333334 570.9209981346904 
8559.3 16690.333333333332 15702.533333333333 801.2234595361714 
8794.666666666666 16823.4 15936.933333333332 798.6971226107347 
8073.6 16805.566666666666 15781.533333333333 763.0922687766313 
8634.5 16829.866666666665 15877.0 1073.2951950263575 
8523.733333333334 16946.1 16037.033333333333 783.025058844082 
8931.7 16842.566666666666 15962.633333333333 929.8495243257854 
8526.533333333333 16841.6 15899.0 503.9943382618499 
9089.6 16883.733333333334 15922.433333333332 673.3170295880932 
8818.866666666667 16995.766666666666 16031.2 873.5100045219859 
8723.866666666667 16910.033333333333 16053.133333333333 814.3376573769766 
8020.0 16852.466666666667 15786.833333333334 841.9109304961476 
8592.066666666668 16851.666666666668 15898.366666666667 786.5785678776433 
8204.333333333334 17013.433333333334 15950.9 550.7758778910588 
8625.933333333332 16954.066666666666 15986.566666666668 824.683969907396 
8862.466666666667 16846.066666666666 15873.466666666667 921.5367238718404 
7772.8 16765.466666666667 15710.533333333333 596.2644720815307 
8077.9 16822.933333333334 15856.933333333332 856.5458046388671 
8560.333333333334 16955.0 15942.833333333334 867.0672401838277 
8248.333333333334 16883.333333333332 15963.366666666667 704.9874585172894 
9147.9 16810.566666666666 15960.866666666667 788.9865206565813 
8273.466666666667 16808.133333333335 15765.033333333333 804.2681777035984 
9078.433333333332 16995.966666666667 16114.333333333334 624.3936240688062 
8229.6 16944.733333333334 15838.233333333334 655.1933810376565 
8072.166666666667 16784.8 15791.366666666667 785.605866831454 
6484.2 16994.166666666668 15795.966666666667 739.7688507605301 
7139.266666666666 16742.833333333332 15428.6 844.9933794612436 
6343.066666666667 16883.666666666668 15662.833333333334 1115.871120893647 
7824.566666666667 16908.9 15841.133333333333 1267.7178236237482 
9184.366666666667 16810.733333333334 15883.366666666667 1457.0334394088406 
8214.266666666666 16627.133333333335 15576.466666666667 1497.0332690580613 
8460.2 16452.133333333335 15435.833333333334 1679.7814218258015 
8521.466666666667 16648.933333333334 15627.3 1886.7407109439634 
7957.533333333334 16594.833333333332 15530.066666666668 1871.6368461560298 
8241.366666666667 16735.833333333332 15827.866666666667 1438.6183700188026 
8768.666666666666 16539.766666666666 15635.733333333334 1215.5734508636012 
7854.3 16657.366666666665 15614.5 1459.601772402322 
8097.4 16688.933333333334 15716.7 1633.7886791136727 
8235.0 16891.033333333333 15843.3 1189.7813387341391 
8304.333333333334 16760.166666666668 15774.066666666668 1168.9343595296052 
8207.633333333333 16585.8 15548.266666666666 850.4984150484938 
7762.733333333334 16723.4 15672.233333333334 813.0808107302604 
8618.266666666666 17032.9 16283.4 619.4329140431593 
7905.966666666666 16832.7 15828.2 788.0924332420237 
9386.266666666666 16857.033333333333 16023.1 676.4828660062278 
7230.533333333334 16830.166666666668 15936.1 660.6862737588342 
8142.266666666666 16814.1 15881.1 927.3990769889738 
7771.5 16800.4 15867.633333333333 947.2709695048542 
7346.733333333334 16801.333333333332 15726.133333333333 1001.2551227223646 
8244.366666666667 16901.9 16016.233333333334 672.0589427688287 
8575.766666666666 16940.9 15977.733333333334 675.3564733613731 
9221.766666666666 16809.366666666665 15873.666666666666 685.072618129721 
8725.066666666668 16803.966666666667 15779.533333333333 654.7186076645617 
8244.166666666666 16877.333333333332 16046.0 719.7094726346179 
8565.133333333333 16737.7 15787.933333333332 823.9593998223186 
9126.333333333334 16767.266666666666 15878.633333333333 1003.8205505855009 
7158.233333333334 16803.3 15875.733333333334 790.9053796476261 
8154.2 16881.2 15863.266666666666 886.6462081599656 
7282.366666666667 16897.166666666668 15863.6 688.5339981922947 
8772.1 16760.966666666667 15870.233333333334 673.900794875131 
8152.333333333333 16904.066666666666 15933.7 737.1412037956726 
8250.866666666667 16945.366666666665 16019.166666666666 672.2087536208113 
8604.3 16923.2 16045.633333333333 813.7078331112871 
7841.9 16941.133333333335 15856.866666666667 712.6757703659262 
8566.966666666667 16904.666666666668 15855.266666666666 629.5087380913254 
9076.5 16901.266666666666 15951.566666666668 812.2028381711881 
8306.3 16789.733333333334 15708.233333333334 965.0369273303024 
9491.1 16783.5 15944.733333333334 1117.9398937331114 
8177.233333333334 16830.9 15872.066666666668 1267.3795061727435 
7786.666666666667 16834.433333333334 15813.766666666666 1279.5212868273998 
9125.066666666668 16924.466666666667 15848.8 1263.2685738459052 
8030.733333333334 16772.0 15734.966666666667 1372.3252857832213 
8690.466666666667 16635.1 15652.2 1289.7100218007665 
8554.566666666668 16763.6 15838.133333333333 1169.5111089206841 
8321.633333333333 16542.0 15571.266666666666 1179.1264250848308 
8822.966666666667 16750.133333333335 15766.1 747.3155553936591 
7046.8 16993.833333333332 15862.866666666667 764.7496517742841 
7860.066666666667 16879.5 15894.333333333334 885.9848707010244 
7801.866666666667 16899.4 16049.233333333334 719.6271750010557 
8469.966666666667 16889.166666666668 15895.866666666667 631.6429840767119 
8577.766666666666 16846.733333333334 15886.233333333334 688.1523008107372 
9275.0 16914.233333333334 16088.833333333334 649.4531486822846 
10242.366666666667 16881.166666666668 16158.1 768.8268034262763 
9226.0 16880.666666666668 16056.5 669.2551384437277 
9163.966666666667 16897.166666666668 15954.5 860.6131982487836 
8501.733333333334 16916.266666666666 15991.9 579.2703893692477 
6437.533333333334 16912.633333333335 15825.8 739.2820436071742 
9216.366666666667 16975.9 16100.733333333334 647.8654882681195 
6858.366666666667 16951.933333333334 15826.5 825.4607010633518 
7983.933333333333 16875.666666666668 15781.833333333334 926.9744096311993 
8953.066666666668 16850.866666666665 15816.0 713.8535314287752 
8308.433333333332 16774.333333333332 15717.0 850.8811141007498 
8212.0 16855.166666666668 15783.666666666666 733.0185313710243 
7663.133333333333 16864.2 15948.0 926.7423937283398 
7176.033333333334 16823.766666666666 15777.266666666666 691.3497113939112 
7537.0 16961.9 15810.8 678.2862131873242 
7535.0 16740.5 15685.4 692.0760774654765 
7343.966666666666 16845.466666666667 15921.033333333333 773.3713456893353 
7351.366666666667 16866.966666666667 15887.766666666666 573.5660290382152 
7979.833333333333 16836.666666666668 15871.0 798.0195200202393 
7189.0 16881.3 15807.666666666666 881.3039070982644 
7732.633333333333 16773.933333333334 15712.733333333334 702.961627844808 
8160.166666666667 16883.333333333332 15982.533333333333 561.9413100038909 
7761.366666666667 16742.766666666666 15733.733333333334 766.621018713506 
7175.8 16821.533333333333 15685.1 623.812625981018 
8590.2 16845.066666666666 15980.633333333333 785.4229458634939 
7830.133333333333 16750.066666666666 15767.266666666666 725.0052247321319 
8540.433333333332 16914.933333333334 16018.033333333333 711.7376774096231 
8316.866666666667 16980.366666666665 16024.266666666666 675.9061504545008 
7628.166666666667 16788.533333333333 15630.966666666667 668.7170403092773 
8239.133333333333 16909.366666666665 15999.966666666667 730.6359243836838 
7267.033333333334 16941.366666666665 15826.1 858.6399517065731 
8770.9 16723.266666666666 15800.766666666666 1125.352456887273 
7825.266666666666 16969.166666666668 16025.066666666668 836.5106739705519 
7733.233333333334 16802.5 15788.966666666667 613.9786878313541 
7194.033333333334 16907.066666666666 15930.5 650.4367729969351 
7785.4 16987.266666666666 15993.7 686.8261740304699 
8634.133333333333 16950.966666666667 16072.033333333333 693.4724315597074 
8574.566666666668 16956.533333333333 16045.233333333334 785.8224868109702 
7452.466666666666 16897.333333333332 15879.333333333334 650.7922780904996 
8434.466666666667 16815.233333333334 15908.666666666666 788.7845859999488 
7577.633333333333 16901.733333333334 15856.133333333333 876.4488473379378 
7269.133333333333 16847.3 15775.866666666667 678.1836074725225 
8770.766666666666 16858.433333333334 15967.5 835.3026665027872 
7771.866666666667 16881.633333333335 16017.966666666667 642.9429012145806 
7916.6 16717.833333333332 15720.366666666667 1099.2034735813627 
7024.5 16798.9 15724.7 950.5752344414057 
7301.6 16668.333333333332 15578.033333333333 1164.0529002393125 
7213.933333333333 16765.966666666667 15689.166666666666 1224.5572164845728 
7362.266666666666 16851.7 15908.933333333332 884.5626474265248 
7632.266666666666 16840.033333333333 15834.266666666666 841.1084232527139 
8034.966666666666 16775.233333333334 15787.833333333334 875.3183332048088 
7853.6 16730.066666666666 15724.266666666666 906.8334181829284 
8493.833333333334 16897.3 15911.8 832.747091058664 
8065.833333333333 16865.633333333335 15911.666666666666 708.5995972495483 
8495.533333333333 16908.833333333332 15947.2 831.3644152836948 
7049.766666666666 16749.566666666666 15766.066666666668 629.2480133725757 
9012.4 16934.833333333332 16169.8 567.6695050819624 
8264.866666666667 16961.433333333334 16003.133333333333 668.4435958087843 
8540.6 16765.566666666666 15830.866666666667 819.8864128646113 
9613.733333333334 16975.133333333335 16130.666666666666 721.5277844808041 
8837.966666666667 17007.666666666668 16182.066666666668 572.7359620472789 
8607.9 16896.933333333334 16064.4 705.558561944601 
7798.133333333333 16905.766666666666 15922.466666666667 793.554504604301 
9208.0 16835.133333333335 16034.233333333334 819.7075015583981 
9099.433333333332 16668.233333333334 15758.1 850.3129312200304 
8118.8 16803.0 15774.7 922.0741588035819 
8429.5 16801.2 15785.5 737.1312506376777 
8678.266666666666 16787.5 15949.333333333334 721.2538306464805 
8914.0 16928.266666666666 16098.066666666668 827.2506372181153 
9670.8 16866.266666666666 16001.4 894.768443602403 
9660.033333333333 16935.533333333333 16117.333333333334 720.3621947788951 
8229.6 16913.866666666665 15937.833333333334 604.5205551141796 
9645.366666666667 16791.6 15862.466666666667 620.8279266878669 
8713.266666666666 16864.366666666665 15942.666666666666 861.1607925094802 
9409.633333333333 16947.966666666667 16024.333333333334 787.9086000292168 
9475.633333333333 16779.3 15838.5 996.5745213814504 
8535.833333333334 16818.966666666667 15883.033333333333 1060.8161013525805 
7964.266666666666 16756.8 15694.033333333333 1199.4162412051403 
8635.266666666666 16818.966666666667 15890.933333333332 1359.1873087335027 
8003.133333333333 16646.333333333332 15621.433333333332 1325.969597104113 
8261.566666666668 16794.433333333334 15788.933333333332 1321.1514480011576 
9118.4 16677.5 15710.233333333334 1432.6568164699381 
9030.733333333334 16692.9 15675.233333333334 1450.3843204475152 
8401.666666666666 16685.9 15808.6 1235.1172096876746 
9707.466666666667 16823.1 15960.466666666667 1439.5945111963529 
8282.766666666666 16551.8 15552.9 1541.1286442085227 
8498.633333333333 16505.3 15532.566666666668 1580.2929104722605 
8451.533333333333 16551.0 15686.666666666666 1936.4752361500066 
7897.466666666666 16514.533333333333 15573.1 1854.0261235124672 
6986.133333333333 16565.466666666667 15537.766666666666 1489.6769317539959 
7951.133333333333 16558.466666666667 15644.233333333334 1411.1945881258034 
9506.7 16765.4 15917.2 1278.6160326696986 
9581.166666666666 16751.266666666666 15835.066666666668 1212.6472688113208 
7886.033333333334 16508.7 15488.066666666668 1172.8656351479956 
8745.833333333334 16618.766666666666 15762.7 1139.495586506006 
7849.966666666666 16862.233333333334 16045.533333333333 1063.9475771338025 
9771.666666666666 16811.1 16113.166666666666 1113.7473824386254 
7182.9 16723.9 15734.766666666666 1128.522766766852 
8435.066666666668 16735.733333333334 15937.7 1249.1737994904206 
9050.366666666667 16730.933333333334 15923.966666666667 1300.814551775583 
8430.5 16768.766666666666 15944.266666666666 1231.2834043748373 
9539.766666666666 16695.566666666666 15789.5 1358.365315615305 
8742.333333333334 16696.033333333333 15788.9 1359.4579755672232 
8778.233333333334 16722.366666666665 15941.4 1444.1081950463406 
7791.166666666667 16729.866666666665 15919.266666666666 1155.1328727803473 
8396.866666666667 16874.966666666667 16002.533333333333 1105.2167096195308 
8834.5 16835.7 15997.433333333332 1204.217826041267 
8499.8 16702.766666666666 15915.1 1134.3704499265953 
8240.2 16722.933333333334 15743.133333333333 1357.0447562421973 
8818.6 16699.3 15798.733333333334 1320.2853429804063 
8230.833333333334 16668.833333333332 15707.633333333333 1219.9588246239207 
8336.866666666667 16612.6 15567.133333333333 1249.5001914543448 
8263.266666666666 16578.933333333334 15758.533333333333 1083.8160687025163 
8212.366666666667 16743.6 15864.7 1168.7851527690336 
9350.466666666667 16907.266666666666 16014.166666666666 1147.1656107312683 
8234.2 16873.9 15875.066666666668 677.2382114145655 
7165.4 17000.3 16069.733333333334 736.3327108040223 
8537.733333333334 16963.033333333333 16029.666666666666 783.1711573965027 
7960.566666666667 16895.1 15924.433333333332 531.8657618860863 
9580.9 16900.066666666666 16106.933333333332 885.1608858783183 
9010.866666666667 16978.666666666668 16065.666666666666 723.9149353803018 
9596.3 16934.4 16066.766666666666 758.4617575505483 
9176.1 16951.833333333332 16123.133333333333 580.7291697130045 
7984.733333333334 16988.133333333335 15979.5 634.5296964419133 
9351.9 16874.766666666666 16014.633333333333 627.0533687193 
9100.3 16852.766666666666 15967.933333333332 921.9082656822931 
8663.666666666666 16889.9 15850.866666666667 701.79947373401 
8655.566666666668 17059.2 16287.666666666666 541.4680880101187 
9079.3 16790.766666666666 15884.233333333334 943.5101383780792 
9419.1 16971.033333333333 16088.2 768.3584267775034 
9824.733333333334 16968.366666666665 16175.133333333333 580.2774733789955 
10309.833333333334 17006.3 16058.9 799.0906277346352 
 
1.3788888888888886 1.4799999999999998 1.526666666666667 1.4222222222222227 1.5199999999999998 1.478888888888889 1.525555555555555 1.4433333333333336 1.5644444444444443 1.5755555555555554 1.5466666666666669 1.4699999999999995 1.4700000000000002 1.5711111111111111 1.5133333333333332 1.4422222222222225 1.5300000000000002 1.4688888888888885 1.5666666666666664 1.46 1.4944444444444445 1.4733333333333334 1.582222222222222 1.5033333333333334 1.4777777777777779 1.5133333333333334 1.4888888888888892 1.5455555555555556 1.5311111111111115 1.49 1.4677777777777778 
1.4811111111111108 1.1722222222222223 1.5088888888888892 1.5899999999999999 1.491111111111111 1.508888888888889 1.5488888888888888 1.5377777777777781 1.3822222222222218 1.47 1.5288888888888885 1.5511111111111109 1.4877777777777779 1.521111111111111 1.518888888888889 1.446666666666667 1.4044444444444442 1.5188888888888885 1.5488888888888888 1.5011111111111104 1.6000000000000003 1.4466666666666668 1.47 1.5344444444444447 1.5644444444444443 1.5288888888888887 1.551111111111111 1.47 1.471111111111111 1.5855555555555556 1.4866666666666668 
1.4766666666666668 1.5433333333333332 1.5055555555555555 1.3166666666666664 1.5744444444444445 1.4933333333333332 1.564444444444444 1.5077777777777777 1.5044444444444445 1.5022222222222221 1.5466666666666666 1.5466666666666666 1.541111111111111 1.518888888888889 1.4477777777777776 1.5044444444444445 1.498888888888889 1.5488888888888888 1.512222222222222 1.486666666666667 1.502222222222222 1.4944444444444442 1.528888888888889 1.5066666666666666 1.4133333333333333 1.5644444444444443 1.512222222222222 1.524444444444444 1.611111111111111 1.5144444444444445 1.5588888888888888 
1.49 1.5144444444444445 1.4288888888888889 1.5433333333333328 1.4722222222222223 1.5833333333333333 1.0500000000000003 1.528888888888889 1.4722222222222223 1.552222222222223 1.4755555555555557 1.5222222222222226 1.5800000000000003 1.5455555555555556 1.5522222222222224 1.484444444444445 1.8777777777777778 1.4433333333333336 1.6155555555555556 1.5199999999999996 1.53 1.5122222222222217 1.53 1.4911111111111106 1.4911111111111108 1.518888888888889 1.5122222222222226 1.5233333333333334 1.5233333333333332 1.51 1.5355555555555556 
1.5055555555555558 1.4622222222222223 1.4844444444444445 1.5166666666666666 1.4955555555555555 1.4933333333333334 1.3777777777777775 1.4688888888888887 1.1577777777777778 1.5322222222222224 1.4911111111111117 1.4522222222222223 1.5588888888888888 1.4100000000000001 1.5411111111111109 1.5077777777777779 1.531111111111111 1.5033333333333332 1.6444444444444448 1.4466666666666665 1.4977777777777777 1.5311111111111109 1.4177777777777778 1.5444444444444443 1.472222222222222 1.4188888888888884 1.5755555555555558 1.443333333333333 1.4544444444444442 1.4555555555555557 1.5422222222222222 
1.5 1.507777777777778 1.4622222222222223 1.4822222222222226 1.4255555555555555 1.5 1.4077777777777785 1.4422222222222223 1.672222222222222 1.5133333333333334 1.51 1.451111111111111 1.4377777777777776 1.5466666666666664 1.478888888888889 1.4211111111111108 1.5611111111111111 1.5222222222222221 1.8199999999999998 1.4833333333333334 1.4888888888888894 1.5544444444444443 1.4144444444444444 1.5433333333333332 1.4366666666666668 1.5088888888888892 1.4677777777777783 1.5122222222222221 1.5100000000000002 1.422222222222222 1.5999999999999999 
1.5499999999999998 1.5633333333333335 1.4966666666666668 1.4877777777777779 1.5033333333333334 1.5644444444444445 1.7388888888888883 1.5100000000000002 1.6088888888888888 1.4888888888888885 1.48 1.518888888888889 1.5277777777777781 1.4766666666666666 1.4655555555555557 1.4844444444444447 1.7377777777777779 1.4533333333333336 1.1744444444444444 1.4866666666666668 1.5311111111111109 1.4322222222222225 1.4999999999999998 1.4699999999999998 1.5155555555555555 1.5200000000000002 1.5144444444444445 1.5766666666666667 1.4611111111111108 1.4977777777777774 1.5166666666666664 
 
870.0
1305.0
1534.1
1673.3
1762.2333333333333
1791.2333333333333
1860.8333333333333
1941.0666666666666
1983.6
1898.5333333333333
1874.3666666666666
1885.0
1912.0666666666666
1944.9333333333334
1910.1333333333334
1881.1333333333334
1912.0666666666666
1904.3333333333333
1914.0
1825.0666666666666
1880.1666666666667
1879.2
1947.8333333333333
1885.9666666666667
1893.7
1872.4333333333334
1909.1666666666667
1878.2333333333333
1939.1333333333334
1914.0
1834.7333333333333
1889.8333333333333
1899.5
1925.6
1999.0666666666666
1885.0
1905.3
1921.7333333333333
1868.5666666666666
1855.0333333333333
1832.8
1915.9333333333334
1885.9666666666667
1908.2
1872.4333333333334
1847.3
1821.2
1889.8333333333333
1847.3
1878.2333333333333
1875.3333333333333
1895.6333333333334
1969.1
1972.0
1938.1666666666667
1904.3333333333333
1883.0666666666666
1886.9333333333334
1875.3333333333333
1897.5666666666666
1880.1666666666667
1925.6
1833.7666666666667
1809.6
1852.1333333333334
1904.3333333333333
1954.6
1990.3666666666666
1921.7333333333333
1900.4666666666667
1902.4
1930.4333333333334
1905.3
1897.5666666666666
1932.3666666666666
1943.9666666666667
1920.7666666666667
1924.6333333333334
1948.8
1954.6
1970.0666666666666
1902.4
1943.0
1872.4333333333334
1861.8
1896.6
1914.0
1942.0333333333333
1855.0333333333333
1885.0
1869.5333333333333
1914.0
1952.6666666666667
1897.5666666666666
1943.0
1925.6
1885.0
1963.3
1857.9333333333334
1914.9666666666667
1778.6666666666667
1858.9
1858.9
1847.3
1881.1333333333334
1927.5333333333333
1907.2333333333333
1896.6
1831.8333333333333
1822.1666666666667
1791.2333333333333
1815.4
1872.4333333333334
1856.9666666666667
1844.4
1913.0333333333333
1867.6
1918.8333333333333
1934.3
1934.3
1916.9
1942.0333333333333
1883.0666666666666
1843.4333333333334
1812.5
1846.3333333333333
1916.9
1875.3333333333333
1911.1
1887.9
1882.1
1876.3
1880.1666666666667
1855.0333333333333
1836.6666666666667
1885.0
1943.9666666666667
1869.5333333333333
1807.6666666666667
1856.9666666666667
1848.2666666666667
1897.5666666666666
1801.8666666666666
1826.0333333333333
1791.2333333333333
1812.5
1855.0333333333333
1870.5
1905.3
1839.5666666666666
1841.5
1872.4333333333334
1834.7333333333333
1900.4666666666667
1898.5333333333333
1943.0
1896.6
1833.7666666666667
1844.4
1877.2666666666667
1887.9
1927.5333333333333
1826.0333333333333
1878.2333333333333
1841.5
1869.5333333333333
1870.5
1918.8333333333333
1978.7666666666667
1873.4
1848.2666666666667
1874.3666666666666
1892.7333333333333
1940.1
1855.0333333333333
1863.7333333333333
1866.6333333333334
1865.6666666666667
1865.6666666666667
1822.1666666666667
1822.1666666666667
1879.2
1913.0333333333333
1885.0
1867.6
1818.3
1867.6
1879.2
1858.9
1843.4333333333334
1813.4666666666667
1803.8
1895.6333333333334
1880.1666666666667
1897.5666666666666
1888.8666666666666
1919.8
1936.2333333333333
1994.2333333333333
1904.3333333333333
1784.4666666666667
1753.5333333333333
1858.9
1844.4
1811.5333333333333
1846.3333333333333
1808.6333333333334
1834.7333333333333
1813.4666666666667
1785.4333333333334
1851.1666666666667
1909.1666666666667
1854.0666666666666
1885.0
1848.2666666666667
1841.5
1865.6666666666667
1814.4333333333334
1799.9333333333334
1828.9333333333334
1836.6666666666667
1817.3333333333333
1880.1666666666667
1943.0
1982.6333333333334
1918.8333333333333
1917.8666666666666
1870.5
1825.0666666666666
1907.2333333333333
1939.1333333333334
1912.0666666666666
1922.7
1981.6666666666667
1973.9333333333334
1908.2
1849.2333333333333
1841.5
1898.5333333333333
1907.2333333333333
1892.7333333333333
1906.2666666666667
1896.6
1882.1
1848.2666666666667
1858.9
1806.7
1814.4333333333334
1856.0
1741.9333333333334
1809.6
1822.1666666666667
1852.1333333333334
1841.5
1830.8666666666666
1846.3333333333333
1856.0
1916.9
1870.5
1891.7666666666667
1924.6333333333334
1866.6333333333334
1862.7666666666667
1877.2666666666667
1822.1666666666667
1800.9
1740.9666666666667
1841.5
1882.1
1943.0
1882.1
1832.8
1845.3666666666666
1855.0333333333333
1804.7666666666667
1899.5
1869.5333333333333
1911.1
1928.5
1877.2666666666667
1914.9666666666667
1864.7
1927.5333333333333
1918.8333333333333
1908.2
1845.3666666666666
1821.2
1895.6333333333334
1837.6333333333334
1822.1666666666667
1844.4
1918.8333333333333
1860.8333333333333
1894.6666666666667
1880.1666666666667
1795.1
1803.8
1859.8666666666666
1895.6333333333334
1830.8666666666666
1861.8
1858.9
1847.3
1823.1333333333334
1777.7
1798.0
1805.7333333333333
1781.5666666666666
1774.8
1751.6
1845.3666666666666
1821.2
1857.9333333333334
1917.8666666666666
1852.1333333333334
1826.0333333333333
1835.7
1825.0666666666666
1864.7
1924.6333333333334
1847.3
1839.5666666666666
1856.9666666666667
1824.1
1887.9
1875.3333333333333
1877.2666666666667
1876.3
1831.8333333333333
1842.4666666666667
1865.6666666666667
1824.1
1815.4
1885.0
1851.1666666666667
1829.9
1806.7
1800.9
1837.6333333333334
1857.9333333333334
1910.1333333333334
1903.3666666666666
1811.5333333333333
1791.2333333333333
1867.6
1896.6
1909.1666666666667
1890.8
1850.2
1892.7333333333333
1835.7
1818.3
1829.9
1860.8333333333333
1865.6666666666667
1844.4
1849.2333333333333
1881.1333333333334
1910.1333333333334
1894.6666666666667
1838.6
1787.3666666666666
1831.8333333333333
1881.1333333333334
1861.8
1850.2
1882.1
1924.6333333333334
1889.8333333333333
1824.1
1862.7666666666667
1806.7
1827.9666666666667
1782.5333333333333
1828.9333333333334
1815.4
1866.6333333333334
1868.5666666666666
1860.8333333333333
1889.8333333333333
1835.7
1875.3333333333333
1856.9666666666667
1773.8333333333333
1847.3
1941.0666666666666
1857.9333333333334
1874.3666666666666
1862.7666666666667
1913.0333333333333
1871.4666666666667
1859.8666666666666
1943.0
1908.2
1856.9666666666667
1844.4
1885.0
1880.1666666666667
1780.6
1857.9333333333334
1907.2333333333333
1819.2666666666667
1847.3
1854.0666666666666
1856.9666666666667
1866.6333333333334
1894.6666666666667
1863.7333333333333
1847.3
1866.6333333333334
1800.9
1784.4666666666667
1835.7
1850.2
1897.5666666666666
1954.6
1894.6666666666667
1808.6333333333334
1747.7333333333333
1846.3333333333333
1892.7333333333333
1907.2333333333333
1938.1666666666667
1900.4666666666667
1912.0666666666666
1914.9666666666667
1866.6333333333334
1887.9
1946.8666666666666
1879.2
1864.7
1907.2333333333333
1903.3666666666666
1856.9666666666667
1838.6
1806.7
1838.6
1819.2666666666667
1867.6
1858.9
1856.9666666666667
1853.1
1850.2
1846.3333333333333
1827.9666666666667
1778.6666666666667
1766.1
1850.2
1856.9666666666667
1885.0
1853.1
1863.7333333333333
1887.9
1904.3333333333333
1887.9
1852.1333333333334
1878.2333333333333
1847.3
1823.1333333333334
1807.6666666666667
1856.0
1817.3333333333333
1829.9
1845.3666666666666
1854.0666666666666
1895.6333333333334
1757.4
1787.3666666666666
1838.6
1846.3333333333333
1800.9
1822.1666666666667
1849.2333333333333
1885.0
1882.1
1866.6333333333334
1804.7666666666667
1853.1
1910.1333333333334
1882.1
1904.3333333333333
1804.7666666666667
1820.2333333333333
1921.7333333333333
1876.3
1826.0333333333333
1834.7333333333333
1832.8
1880.1666666666667
1891.7666666666667
1938.1666666666667
1950.7333333333333
1912.0666666666666
1915.9333333333334
1879.2
1821.2
1910.1333333333334
1943.0
1904.3333333333333
1892.7333333333333
1894.6666666666667
1799.9333333333334
1869.5333333333333
1897.5666666666666
1851.1666666666667
1849.2333333333333
1922.7
1956.5333333333333
1920.7666666666667
1885.9666666666667
1845.3666666666666
1808.6333333333334
1773.8333333333333
1827.9666666666667
1844.4
1948.8
1972.9666666666667
1867.6
1862.7666666666667
1841.5
1856.9666666666667
1831.8333333333333
1833.7666666666667
1838.6
1855.0333333333333
1819.2666666666667
1874.3666666666666
1829.9
1840.5333333333333
1851.1666666666667
1850.2
1873.4
1798.0
1830.8666666666666
1821.2
1853.1
1894.6666666666667
1894.6666666666667
1827.9666666666667
1839.5666666666666
1867.6
1880.1666666666667
1909.1666666666667
1885.0
1944.9333333333334
1891.7666666666667
1852.1333333333334
1782.5333333333333
1815.4
1892.7333333333333
1850.2
1876.3
1857.9333333333334
1782.5333333333333
1824.1
1906.2666666666667
1808.6333333333334
1810.5666666666666
1890.8
1843.4333333333334
1869.5333333333333
1901.4333333333334
1898.5333333333333
1972.9666666666667
1863.7333333333333
1813.4666666666667
1900.4666666666667
1827.9666666666667
1828.9333333333334
1796.0666666666666
1791.2333333333333
1856.9666666666667
1839.5666666666666
1827.0
1860.8333333333333
1779.6333333333334
1755.4666666666667
1775.7666666666667
1797.0333333333333
1824.1
1904.3333333333333
1939.1333333333334
1890.8
1875.3333333333333
1838.6
1808.6333333333334
1869.5333333333333
1852.1333333333334
1809.6
1818.3
1819.2666666666667
1818.3
1768.0333333333333
1840.5333333333333
1905.3
1942.0333333333333
1836.6666666666667
1876.3
1859.8666666666666
1830.8666666666666
