16551.533333333333 32612.733333333334 16085.733333333334
12217.633333333333 31365.1 21667.266666666666
10815.3 30130.0 24304.7
9304.5 27903.366666666665 28042.133333333335
9914.3 26374.866666666665 28960.833333333332
10615.533333333333 25445.566666666666 29188.9
12427.7 24584.3 28238.0
14192.933333333332 23691.2 27365.866666666665
15959.733333333334 23521.3 25768.966666666667
17518.7 23714.1 24017.2
19257.133333333335 24139.7 21853.166666666668
20365.933333333334 23974.366666666665 20909.7
22069.833333333332 23121.366666666665 20058.8
24271.666666666668 22108.5 18869.833333333332
25569.766666666666 21452.133333333335 18228.1
26544.833333333332 20700.866666666665 18004.3
27247.333333333332 20492.3 17510.366666666665
28894.733333333334 19474.033333333333 16881.233333333334
29635.633333333335 18932.8 16681.566666666666
30234.9 18504.433333333334 16510.666666666668
32056.433333333334 17624.933333333334 15568.633333333333
32945.9 17723.9 14580.2
32613.366666666665 18582.633333333335 14054.0
32438.7 18748.9 14062.4
32691.766666666666 18698.0 13860.233333333334
32814.13333333333 18943.666666666668 13492.2
32567.9 19062.1 13620.0
33640.53333333333 18435.666666666668 13173.8
34504.53333333333 17735.633333333335 13009.833333333334
35895.73333333333 17160.433333333334 12193.833333333334
36246.03333333333 17489.8 11514.166666666666
37438.166666666664 16675.133333333335 11136.7
38381.933333333334 15981.366666666667 10886.7
39148.63333333333 15801.733333333334 10299.633333333333
39762.066666666666 15312.5 10175.433333333332
40003.63333333333 15371.166666666666 9875.2
40880.46666666667 15557.933333333332 8811.6
41542.333333333336 15942.733333333334 7764.933333333333
41361.0 16250.466666666667 7638.533333333334
40896.86666666667 16412.766666666666 7940.366666666667
41327.0 15638.733333333334 8284.266666666666
42598.833333333336 15086.3 7564.866666666667
43097.26666666667 14352.4 7800.333333333333
42975.86666666667 14767.633333333333 7506.5
42129.2 15259.266666666666 7861.533333333334
43577.36666666667 14424.733333333334 7247.9
43812.03333333333 14206.166666666666 7231.8
44221.36666666667 13890.1 7138.533333333334
43854.96666666667 14145.8 7249.233333333334
44256.2 13947.933333333332 7045.866666666667
44505.333333333336 13769.0 6975.666666666667
44588.833333333336 13986.2 6674.966666666666
44304.53333333333 14141.333333333334 6804.133333333333
44890.4 13945.2 6414.4
43933.833333333336 14413.466666666667 6902.7
44687.5 14069.933333333332 6492.566666666667
44708.46666666667 13913.433333333332 6628.1
44821.1 13855.733333333334 6573.166666666667
45742.7 13230.566666666668 6276.733333333334
45855.5 13105.566666666668 6288.933333333333
45669.833333333336 13250.766666666666 6329.4
45303.86666666667 13347.1 6599.033333333334
44128.066666666666 14204.133333333333 6917.8
44768.2 13880.733333333334 6601.066666666667
45255.3 13449.433333333332 6545.266666666666
43923.7 14532.966666666667 6793.333333333333
44097.166666666664 14361.266666666666 6791.566666666667
43637.53333333333 14710.566666666668 6901.9
44329.46666666667 14340.8 6579.733333333334
44016.63333333333 14525.6 6707.766666666666
44285.03333333333 14136.966666666667 6828.0
44470.433333333334 14223.633333333333 6555.933333333333
44414.1 14054.566666666668 6781.333333333333
44596.73333333333 13995.766666666666 6657.5
44162.1 14156.966666666667 6930.933333333333
43611.333333333336 14461.0 7177.666666666667
44140.6 13808.766666666666 7300.633333333333
44414.2 13764.133333333333 7071.666666666667
43658.7 14219.266666666666 7372.033333333334
43543.066666666666 14720.933333333332 6986.0
44103.833333333336 14097.7 7048.466666666666
43330.9 14533.0 7386.1
43481.6 14595.1 7173.3
42858.13333333333 15004.1 7387.766666666666
42955.76666666667 15054.8 7239.433333333333
42751.7 15386.366666666667 7111.933333333333
42799.7 15001.166666666666 7449.133333333333
42797.166666666664 14722.266666666666 7730.566666666667
42993.63333333333 14447.233333333334 7809.133333333333
43204.333333333336 14320.733333333334 7724.933333333333
44184.1 13599.333333333334 7466.566666666667
43616.26666666667 14150.933333333332 7482.8
44244.066666666666 13597.533333333333 7408.4
45623.333333333336 12924.133333333333 6702.533333333334
44692.96666666667 13733.866666666667 6823.166666666667
44765.8 13763.466666666667 6720.733333333334
44681.0 13870.333333333334 6698.666666666667
43781.86666666667 14580.233333333334 6887.9
44364.46666666667 14209.933333333332 6675.6
44341.26666666667 14325.266666666666 6583.466666666666
43690.73333333333 14675.0 6884.266666666666
43901.46666666667 14459.1 6889.433333333333
43854.566666666666 14382.266666666666 7013.166666666667
44331.9 14211.566666666668 6706.533333333334
44671.9 13853.933333333332 6724.166666666667
45813.1 13250.733333333334 6186.166666666667
45577.7 13297.733333333334 6374.566666666667
46455.76666666667 12684.4 6109.833333333333
46718.53333333333 12592.6 5938.866666666667
46810.76666666667 12507.933333333332 5931.3
47354.9 12344.1 5551.0
46862.96666666667 12551.1 5835.933333333333
46673.03333333333 12781.633333333333 5795.333333333333
46195.8 13198.833333333334 5855.366666666667
46478.9 12921.666666666666 5849.433333333333
47133.7 12547.066666666668 5569.233333333334
47054.433333333334 12565.233333333334 5630.333333333333
47571.166666666664 12175.866666666667 5502.966666666666
47393.26666666667 12307.333333333334 5549.4
46984.76666666667 12550.4 5714.833333333333
46935.7 12599.366666666667 5714.933333333333
47341.933333333334 12377.6 5530.466666666666
47396.76666666667 12512.433333333332 5340.8
45662.4 13560.866666666667 6026.733333333334
46033.53333333333 13461.666666666666 5754.8
46250.566666666666 13217.9 5781.533333333334
46886.166666666664 12861.133333333333 5502.7
47040.666666666664 12747.2 5462.133333333333
46614.166666666664 13168.8 5467.033333333334
45658.333333333336 13656.3 5935.366666666667
46157.96666666667 13338.0 5754.033333333334
46459.13333333333 13194.066666666668 5596.8
45627.8 13731.0 5891.2
46312.73333333333 13469.733333333334 5467.533333333334
45743.53333333333 13644.9 5861.566666666667
46935.76666666667 12936.7 5377.533333333334
45922.03333333333 13646.9 5681.066666666667
46568.066666666666 12965.133333333333 5716.8
46709.9 12868.633333333333 5671.466666666666
46736.066666666666 12775.833333333334 5738.1
46429.166666666664 13102.3 5718.533333333334
46168.433333333334 13100.7 5980.866666666667
46704.833333333336 12766.966666666667 5778.2
45495.3 13683.366666666667 6071.333333333333
45966.8 13250.833333333334 6032.366666666667
46106.76666666667 13180.466666666667 5962.766666666666
45732.96666666667 13566.666666666666 5950.366666666667
46766.96666666667 12976.9 5506.133333333333
47082.13333333333 12579.133333333333 5588.733333333334
47505.433333333334 12422.6 5321.966666666666
47057.76666666667 12770.6 5421.633333333333
47017.066666666666 12590.433333333332 5642.5
47019.333333333336 12667.5 5563.166666666667
47592.3 12197.233333333334 5460.466666666666
48676.36666666667 11393.1 5180.533333333334
47648.1 12443.966666666667 5157.933333333333
47769.2 12359.1 5121.7
45743.36666666667 13933.333333333334 5573.3
45753.433333333334 13988.4 5508.166666666667
45675.73333333333 14049.1 5525.166666666667
44577.96666666667 14676.366666666667 5995.666666666667
45455.9 14290.533333333333 5503.566666666667
46052.26666666667 13599.866666666667 5597.866666666667
45139.53333333333 14314.133333333333 5796.333333333333
45169.53333333333 14513.333333333334 5567.133333333333
45505.333333333336 14111.466666666667 5633.2
46469.333333333336 13363.733333333334 5416.933333333333
46525.433333333334 13300.0 5424.566666666667
46122.933333333334 13643.0 5484.066666666667
45528.166666666664 14000.566666666668 5721.266666666666
45282.73333333333 14351.833333333334 5615.433333333333
45333.0 14078.566666666668 5838.433333333333
45726.933333333334 13712.333333333334 5810.733333333334
46368.8 13412.866666666667 5468.333333333333
45241.36666666667 14120.566666666668 5888.066666666667
45430.73333333333 13861.866666666667 5957.4
45214.76666666667 14067.566666666668 5967.666666666667
45774.4 13531.166666666666 5944.433333333333
46268.8 13239.466666666667 5741.733333333334
45339.933333333334 13991.633333333333 5918.433333333333
46246.833333333336 13399.6 5603.566666666667
45900.5 13468.833333333334 5880.666666666667
46422.0 12857.8 5970.2
45803.933333333334 13589.966666666667 5856.1
46376.86666666667 12776.833333333334 6096.3
45574.96666666667 13500.9 6174.133333333333
45041.73333333333 13430.266666666666 6778.0
44558.2 13831.9 6859.9
42193.433333333334 15403.833333333334 7652.733333333334
42738.23333333333 14528.733333333334 7983.033333333334
42586.833333333336 14682.566666666668 7980.6
42324.53333333333 14595.7 8329.766666666666
41489.63333333333 15326.0 8434.366666666667
41795.73333333333 15049.866666666667 8404.4
41733.9 15053.533333333333 8462.566666666668
42080.333333333336 14693.633333333333 8476.033333333333
42975.933333333334 14364.633333333333 7909.433333333333
43422.066666666666 13752.366666666667 8075.566666666667
43098.2 13815.7 8336.1
44008.5 13181.066666666668 8060.433333333333
44143.23333333333 13173.733333333334 7933.033333333334
43404.26666666667 13598.866666666667 8246.866666666667
43075.26666666667 14025.333333333334 8149.4
42737.1 14298.566666666668 8214.333333333334
43135.96666666667 13920.133333333333 8193.9
42423.86666666667 14576.033333333333 8250.1
44307.3 13268.366666666667 7674.333333333333
43511.76666666667 13870.366666666667 7867.866666666667
42817.46666666667 14526.4 7906.133333333333
43774.76666666667 13687.333333333334 7787.9
42882.8 14607.766666666666 7759.433333333333
42959.63333333333 14937.933333333332 7352.433333333333
42423.53333333333 15116.9 7709.566666666667
42640.9 14840.333333333334 7768.766666666666
42751.7 14803.0 7695.3
43560.0 14268.266666666666 7421.733333333334
42557.833333333336 15193.0 7499.166666666667
43372.333333333336 14300.366666666667 7577.3
43856.666666666664 14311.533333333333 7081.8
43191.53333333333 14411.6 7646.866666666667
44621.3 13709.233333333334 6919.466666666666
43650.23333333333 14344.633333333333 7255.133333333333
42781.86666666667 14789.1 7679.033333333334
43009.666666666664 14525.4 7714.933333333333
42902.066666666666 14668.766666666666 7679.166666666667
43160.1 14511.7 7578.2
43888.7 13970.066666666668 7391.233333333334
42922.3 14522.566666666668 7805.133333333333
43530.8 14166.233333333334 7552.966666666666
43388.46666666667 14348.733333333334 7512.8
43632.26666666667 13991.4 7626.333333333333
44169.4 13799.233333333334 7281.366666666667
43921.26666666667 13974.666666666666 7354.066666666667
44120.0 13705.966666666667 7424.033333333334
43252.13333333333 14250.733333333334 7747.133333333333
44740.333333333336 13283.333333333334 7226.333333333333
44405.833333333336 13577.8 7266.366666666667
44196.96666666667 13916.2 7136.833333333333
43784.433333333334 14148.6 7316.966666666666
43656.23333333333 14403.066666666668 7190.7
43242.933333333334 14791.466666666667 7215.6
43630.9 14460.633333333333 7158.466666666666
43646.26666666667 14339.2 7264.533333333334
43497.46666666667 14565.466666666667 7187.066666666667
44039.36666666667 14154.1 7056.533333333334
44242.2 13695.966666666667 7311.833333333333
43821.0 14035.4 7393.6
43545.4 14126.466666666667 7578.133333333333
44085.666666666664 13789.833333333334 7374.5
43544.3 14012.6 7693.1
43790.833333333336 13890.366666666667 7568.8
44032.166666666664 13658.833333333334 7559.0
43885.7 13799.1 7565.2
43036.23333333333 14320.9 7892.866666666667
43058.4 14138.5 8053.1
43007.3 14324.0 7918.7
43997.36666666667 13673.433333333332 7579.2
43636.666666666664 13947.033333333333 7666.3
43253.066666666666 14105.433333333332 7891.5
44018.1 13697.933333333332 7533.966666666666
45126.2 12949.133333333333 7174.666666666667
45456.433333333334 12880.333333333334 6913.233333333334
43184.86666666667 14092.566666666668 7972.566666666667
43729.2 14029.1 7491.7
44188.333333333336 13607.566666666668 7454.1
43331.4 14118.5 7800.1
45017.86666666667 12676.566666666668 7555.566666666667
44670.8 13170.366666666667 7408.833333333333
44446.333333333336 13193.9 7609.766666666666
44061.46666666667 13558.0 7630.533333333334
44455.566666666666 13330.933333333332 7463.5
43650.03333333333 13950.633333333333 7649.333333333333
43350.23333333333 14094.966666666667 7804.8
43392.53333333333 14146.8 7710.666666666667
43050.03333333333 14250.766666666666 7949.2
42592.066666666666 14598.0 8059.933333333333
42785.23333333333 14425.333333333334 8039.433333333333
43484.9 13813.533333333333 7951.566666666667
43346.03333333333 13672.266666666666 8231.7
43585.26666666667 13350.766666666666 8313.966666666667
43578.833333333336 13217.333333333334 8453.833333333334
43080.13333333333 13497.033333333333 8672.833333333334
43741.933333333334 13097.5 8410.566666666668
44402.0 12425.533333333333 8422.466666666667
44337.73333333333 12500.733333333334 8411.533333333333
43278.13333333333 13497.933333333332 8473.933333333332
44244.46666666667 12783.266666666666 8222.266666666666
43780.566666666666 13216.2 8253.233333333334
43415.86666666667 13459.1 8375.033333333333
42856.73333333333 14009.9 8383.366666666667
43083.53333333333 14095.4 8071.066666666667
42655.066666666666 14115.566666666668 8479.366666666667
42346.73333333333 14188.266666666666 8715.0
42711.166666666664 13934.7 8604.133333333333
42835.433333333334 13827.0 8587.566666666668
42803.833333333336 14199.166666666666 8247.0
43275.9 13874.366666666667 8099.733333333334
43012.9 14101.9 8135.2
43703.8 14006.133333333333 7540.066666666667
44261.066666666666 13620.766666666666 7368.166666666667
43810.9 13781.033333333333 7658.066666666667
44358.0 13674.933333333332 7217.066666666667
44169.46666666667 13615.8 7464.733333333334
43600.666666666664 14220.066666666668 7429.266666666666
43545.6 14422.8 7281.6
43681.13333333333 14186.333333333334 7382.533333333334
43620.066666666666 14064.466666666667 7565.466666666666
44071.76666666667 13948.4 7229.833333333333
43660.566666666666 14093.333333333334 7496.1
43910.1 14148.366666666667 7191.533333333334
44187.0 13930.2 7132.8
44265.6 13631.5 7352.9
46221.63333333333 12358.433333333332 6669.933333333333
45074.3 13078.266666666666 7097.433333333333
45026.96666666667 13063.733333333334 7159.3
44284.36666666667 13722.2 7243.433333333333
43804.36666666667 13838.466666666667 7607.166666666667
44815.73333333333 13229.3 7204.966666666666
44276.9 13590.233333333334 7382.866666666667
44544.53333333333 13311.366666666667 7394.1
43727.46666666667 13744.6 7777.933333333333
44464.9 13319.333333333334 7465.766666666666
44259.36666666667 13413.3 7577.333333333333
45034.23333333333 13121.233333333334 7094.533333333334
46369.53333333333 12197.033333333333 6683.433333333333
43999.7 14009.466666666667 7240.833333333333
43623.46666666667 14015.966666666667 7610.566666666667
43276.73333333333 14322.833333333334 7650.433333333333
43038.6 14405.733333333334 7805.666666666667
43465.0 14060.966666666667 7724.033333333334
43561.03333333333 14047.766666666666 7641.2
44223.5 13577.433333333332 7449.066666666667
44003.566666666666 13605.833333333334 7640.6
44618.53333333333 13183.833333333334 7447.633333333333
44533.066666666666 13237.233333333334 7479.7
44137.933333333334 13511.866666666667 7600.2
43435.0 14030.8 7784.2
43575.166666666664 13949.033333333333 7725.8
43263.2 14303.933333333332 7682.866666666667
44008.26666666667 13707.0 7534.733333333334
44342.7 13573.733333333334 7333.566666666667
45035.566666666666 12843.9 7370.533333333334
44765.166666666664 13107.3 7377.533333333334
45098.46666666667 12809.366666666667 7342.166666666667
44180.9 13478.2 7590.9
43479.23333333333 14291.866666666667 7478.9
43679.46666666667 13995.4 7575.133333333333
42947.3 14203.833333333334 8098.866666666667
43074.166666666664 14197.233333333334 7978.6
42447.5 14550.366666666667 8252.133333333333
43168.7 14132.2 7949.1
42957.6 14192.566666666668 8099.833333333333
43282.36666666667 14051.0 7916.633333333333
43908.8 13613.5 7727.7
43806.1 13813.1 7630.8
44375.166666666664 13348.3 7526.533333333334
43082.26666666667 13987.5 8180.233333333334
43358.333333333336 13929.2 7962.466666666666
43061.76666666667 14140.766666666666 8047.466666666666
43328.23333333333 13762.266666666666 8159.5
42569.36666666667 14200.866666666667 8479.766666666666
42905.6 14154.333333333334 8190.066666666667
43307.13333333333 13762.566666666668 8180.3
43396.4 13656.633333333333 8196.966666666667
42690.4 14121.833333333334 8437.766666666666
43251.933333333334 13856.5 8141.566666666667
42981.1 13964.8 8304.1
42909.566666666666 14016.033333333333 8324.4
43583.6 13528.9 8137.5
43451.76666666667 13763.733333333334 8034.5
43346.86666666667 13711.6 8191.533333333334
43178.03333333333 13877.0 8194.966666666667
43684.4 13668.366666666667 7897.233333333334
43215.23333333333 13953.333333333334 8081.433333333333
42294.26666666667 14472.833333333334 8482.9
43743.23333333333 13647.9 7858.866666666667
43680.666666666664 13701.7 7867.633333333333
43631.666666666664 13529.466666666667 8088.866666666667
43776.96666666667 13720.366666666667 7752.666666666667
42770.1 14034.366666666667 8445.533333333333
42790.433333333334 14255.833333333334 8203.733333333334
42938.53333333333 14204.566666666668 8106.9
42888.46666666667 14276.233333333334 8085.3
43031.1 13938.666666666666 8280.233333333334
43093.833333333336 13845.333333333334 8310.833333333334
42721.2 14283.6 8245.2
41976.2 14607.5 8666.3
42453.833333333336 14355.8 8440.366666666667
42062.166666666664 14193.066666666668 8994.766666666666
42964.166666666664 13964.8 8321.033333333333
43050.333333333336 13834.366666666667 8365.3
42417.933333333334 13965.666666666666 8866.4
42019.1 14289.166666666666 8941.733333333334
42636.666666666664 14117.833333333334 8495.5
43825.63333333333 13293.833333333334 8130.533333333334
43356.53333333333 13667.4 8226.066666666668
43899.23333333333 13293.5 8057.266666666666
43172.26666666667 13745.966666666667 8331.766666666666
43279.23333333333 13773.5 8197.266666666666
43885.03333333333 13309.433333333332 8055.533333333334
42948.6 14049.233333333334 8252.166666666666
43524.96666666667 13599.7 8125.333333333333
43027.8 13862.3 8359.9
44000.46666666667 13374.533333333333 7875.0
43249.8 13794.466666666667 8205.733333333334
42822.933333333334 14289.9 8137.166666666667
42869.23333333333 13990.333333333334 8390.433333333332
43822.86666666667 13569.966666666667 7857.166666666667
42449.333333333336 14170.4 8630.266666666666
42106.566666666666 14440.366666666667 8703.066666666668
41860.73333333333 14388.6 9000.666666666666
42103.96666666667 14347.2 8798.833333333334
41800.23333333333 14278.633333333333 9171.133333333333
42165.36666666667 14020.566666666668 9064.066666666668
43360.36666666667 13409.433333333332 8480.2
43164.566666666666 13499.533333333333 8585.9
43086.433333333334 13513.733333333334 8649.833333333334
43196.0 13375.266666666666 8678.733333333334
42494.53333333333 13792.133333333333 8963.333333333334
42294.166666666664 13824.766666666666 9131.066666666668
43474.166666666664 13056.066666666668 8719.766666666666
42927.6 13243.566666666668 9078.833333333334
43048.666666666664 13370.2 8831.133333333333
42564.96666666667 13779.6 8905.433333333332
43152.86666666667 13558.4 8538.733333333334
42984.7 13932.433333333332 8332.866666666667
42722.7 14014.533333333333 8512.766666666666
42796.96666666667 13935.033333333333 8518.0
42827.1 13713.766666666666 8709.133333333333
43178.933333333334 13487.266666666666 8583.8
42285.46666666667 13950.833333333334 9013.7
43109.96666666667 13159.066666666668 8980.966666666667
44450.9 12527.833333333334 8271.266666666666
44339.63333333333 12704.0 8206.366666666667
43947.96666666667 13289.766666666666 8012.266666666666
44472.3 13039.7 7738.0
43421.1 13646.133333333333 8182.766666666666
43801.5 13541.7 7906.8
42795.8 14079.366666666667 8374.833333333334
42281.23333333333 14542.633333333333 8426.133333333333
41591.0 14878.666666666666 8780.333333333334
41978.86666666667 14339.366666666667 8931.766666666666
40891.5 14968.833333333334 9389.666666666666
40760.166666666664 15119.633333333333 9370.2
41345.433333333334 14854.566666666668 9050.0
41218.03333333333 15108.166666666666 8923.8
41336.76666666667 15024.666666666666 8888.566666666668
41578.333333333336 15036.1 8635.566666666668
42050.9 14916.666666666666 8282.433333333332
42433.76666666667 14680.3 8135.933333333333
41453.96666666667 15270.033333333333 8526.0
41651.666666666664 15347.3 8251.033333333333
41985.03333333333 15125.833333333334 8139.133333333333
42116.7 15150.3 7983.0
41422.03333333333 15520.633333333333 8307.333333333334
42669.166666666664 14873.1 7707.733333333334
42806.0 14626.033333333333 7817.966666666666
42585.166666666664 14727.6 7937.233333333334
42707.9 14648.166666666666 7893.933333333333
42931.933333333334 14634.466666666667 7683.6
42414.666666666664 14863.5 7971.833333333333
42375.3 14424.633333333333 8450.066666666668
42624.23333333333 14215.7 8410.066666666668
42266.166666666664 14209.033333333333 8774.8
42930.2 14014.833333333334 8304.966666666667
43388.566666666666 14051.2 7810.233333333334
41962.26666666667 15007.933333333332 8279.8
42274.1 14976.1 7999.8
43192.566666666666 14370.466666666667 7686.966666666666
42182.63333333333 15035.3 8032.066666666667
42222.6 15109.4 7918.0
42354.46666666667 14941.633333333333 7953.9
42874.53333333333 14480.333333333334 7895.133333333333
42541.933333333334 14660.266666666666 8047.8
42619.36666666667 14783.233333333334 7847.4
41264.6 15842.366666666667 8143.033333333334
41016.96666666667 16134.933333333332 8098.1
41464.933333333334 15647.3 8137.766666666666
42212.26666666667 15323.6 7714.133333333333
42395.833333333336 14955.733333333334 7898.433333333333
42443.03333333333 14792.1 8014.866666666667
42466.0 14970.233333333334 7813.766666666666
43117.46666666667 14540.766666666666 7591.766666666666
43529.96666666667 14185.066666666668 7534.966666666666
43463.5 14320.833333333334 7465.666666666667
43198.23333333333 14237.333333333334 7814.433333333333
42828.933333333334 14229.966666666667 8191.1
42970.7 14220.933333333332 8058.366666666667
43256.166666666664 14115.933333333332 7877.9
43004.7 14305.933333333332 7939.366666666667
43300.76666666667 14272.966666666667 7676.266666666666
42961.166666666664 14529.3 7759.533333333334
42771.03333333333 14593.6 7885.366666666667
42667.3 14582.6 8000.1
42720.833333333336 14659.3 7869.866666666667
43066.2 14118.9 8064.9
42441.166666666664 14757.033333333333 8051.8
41557.96666666667 15216.533333333333 8475.5
40318.9 16226.566666666668 8704.533333333333
41358.23333333333 15575.1 8316.666666666666
41667.1 15161.8 8421.1
41213.76666666667 15584.433333333332 8451.8
41262.2 15437.033333333333 8550.766666666666
41583.03333333333 15183.0 8483.966666666667
42040.73333333333 14946.9 8262.366666666667
41835.53333333333 15031.666666666666 8382.8
40796.8 15575.9 8877.3
40545.8 15626.933333333332 9077.266666666666
40392.333333333336 15712.7 9144.966666666667
39892.5 16006.933333333332 9350.566666666668
40415.73333333333 15390.166666666666 9444.1
40010.5 15227.733333333334 10011.766666666666
40603.6 14731.1 9915.3
40779.3 14783.933333333332 9686.766666666666
40501.333333333336 14954.966666666667 9793.7
40935.6 14757.4 9557.0
40725.666666666664 14994.1 9530.233333333334
40249.9 15331.1 9669.0
40425.166666666664 15103.3 9721.533333333333
40545.5 14996.366666666667 9708.133333333333
40999.9 14432.433333333332 9817.666666666666
41015.96666666667 14307.6 9926.433333333332
42413.4 13502.633333333333 9333.966666666667
42192.03333333333 13735.233333333334 9322.733333333334
42145.86666666667 13588.866666666667 9515.266666666666
42033.833333333336 13552.1 9664.066666666668
43154.5 13137.166666666666 8958.333333333334
42823.0 13696.366666666667 8730.633333333333
43932.833333333336 13118.333333333334 8198.833333333334
43344.13333333333 13698.366666666667 8207.5
43485.566666666666 13853.066666666668 7911.366666666667
43354.666666666664 13855.8 8039.533333333334
43695.333333333336 13606.933333333332 7947.733333333334
43489.166666666664 13578.4 8182.433333333333
44164.86666666667 13375.8 7709.333333333333
45010.833333333336 12759.0 7480.166666666667
45506.3 12544.566666666668 7199.133333333333
44832.333333333336 12854.433333333332 7563.233333333334
44993.566666666666 12718.333333333334 7538.1
44674.2 13257.866666666667 7317.933333333333
44481.2 13390.433333333332 7378.366666666667
45167.26666666667 12868.6 7214.133333333333
45819.9 12391.8 7038.3
45860.53333333333 12535.566666666668 6853.9
44657.63333333333 13363.866666666667 7228.5
45031.36666666667 13238.766666666666 6979.866666666667
44440.26666666667 13780.766666666666 7028.966666666666
45975.4 12590.7 6683.9
45803.96666666667 12611.7 6834.333333333333
45481.7 12818.5 6949.8
45593.333333333336 12796.6 6860.066666666667
46071.8 12512.166666666666 6666.033333333334
45819.76666666667 12666.733333333334 6763.5
46128.4 12572.833333333334 6548.766666666666
46340.63333333333 12510.5 6398.866666666667
45301.13333333333 13140.8 6808.066666666667
45755.96666666667 12655.133333333333 6838.9
45986.3 12695.633333333333 6568.066666666667
45581.4 12909.5 6759.1
46034.433333333334 12509.266666666666 6706.3
45231.566666666666 13096.633333333333 6921.8
45138.5 13432.7 6678.8
45830.36666666667 12872.666666666666 6546.966666666666
46104.2 12682.0 6463.8
45127.066666666666 13521.933333333332 6601.0
45095.76666666667 13433.0 6721.233333333334
45662.46666666667 13009.866666666667 6577.666666666667
46218.5 12667.566666666668 6363.933333333333
46343.066666666666 12516.666666666666 6390.266666666666
46981.3 12273.1 5995.6
46269.833333333336 12771.033333333333 6209.133333333333
45705.433333333334 13028.633333333333 6515.933333333333
45863.333333333336 13173.9 6212.766666666666
44815.566666666666 13907.4 6527.033333333334
45023.03333333333 13695.933333333332 6531.033333333334
44898.13333333333 13687.0 6664.866666666667
45095.13333333333 13773.266666666666 6381.6
45170.63333333333 13479.2 6600.166666666667
45556.0 13287.866666666667 6406.133333333333
43952.6 14423.766666666666 6873.633333333333
43887.46666666667 14577.633333333333 6784.9
43946.9 14751.8 6551.3
42989.933333333334 15373.533333333333 6886.533333333334
43299.2 14809.9 7140.9
42949.7 15095.166666666666 7205.133333333333
43382.333333333336 14635.466666666667 7232.2
42799.26666666667 14904.3 7546.433333333333
42197.36666666667 15162.6 7890.033333333334
43424.0 14287.566666666668 7538.433333333333
43801.333333333336 13917.8 7530.866666666667
44189.13333333333 13484.8 7576.066666666667
43608.63333333333 13892.2 7749.166666666667
43544.4 13880.366666666667 7825.233333333334
42691.933333333334 14453.7 8104.366666666667
43762.46666666667 13677.133333333333 7810.4
43460.86666666667 13998.7 7790.433333333333
43655.86666666667 14138.6 7455.533333333334
44874.46666666667 13341.666666666666 7033.866666666667
44251.76666666667 13980.266666666666 7017.966666666666
44505.03333333333 13838.8 6906.166666666667
 
333.6666666666667
0.6
4.833333333333333
45.2
167.38534671642748
0.0
0.0
 
9237.066666666668 12539.966666666667 10921.2 281.1724429361219 
8810.666666666666 11222.366666666667 9929.633333333333 421.2901703893253 
8079.866666666667 10651.633333333333 9525.666666666666 535.5816649006738 
7865.733333333334 9977.066666666668 9000.766666666666 604.3342942628875 
7847.266666666666 9848.3 8969.8 877.1211231447267 
8005.466666666666 9834.766666666666 9017.233333333334 1360.1101611838487 
8249.2 10028.966666666667 9293.533333333333 2078.9715836067708 
8468.1 10246.4 9557.2 2424.0908068799736 
8775.733333333334 10569.4 9893.6 2526.161868461059 
9066.9 10934.466666666667 10224.733333333334 2612.2561315418093 
9415.366666666667 11338.133333333333 10614.866666666667 2690.673745716654 
9758.233333333334 11505.3 10820.3 2743.762294308067 
9860.5 11816.433333333332 11075.7 2841.8617899187143 
10107.1 12129.266666666666 11414.833333333334 2964.898302003329 
10273.066666666668 12301.633333333333 11608.7 3093.233272591426 
10543.233333333334 12335.966666666667 11728.733333333334 3231.4487485061904 
10554.566666666668 12495.466666666667 11848.333333333334 3220.564035434373 
10734.733333333334 12712.2 12075.833333333334 3283.112081360881 
10897.4 12726.833333333334 12169.866666666667 3381.9288927408797 
10816.333333333334 12859.766666666666 12247.066666666668 3352.1775762927596 
11236.933333333332 13091.9 12523.3 3357.6388489532337 
11166.9 13310.6 12711.166666666666 3163.1893061873134 
11291.033333333333 13309.566666666668 12730.533333333333 3026.0822920623514 
11464.333333333334 13302.233333333334 12712.133333333333 3068.565552411166 
11302.466666666667 13384.833333333334 12757.666666666666 3024.886608673676 
11256.933333333332 13444.5 12806.8 2960.6801498979926 
11446.033333333333 13423.1 12769.3 2923.8015692473614 
11656.333333333334 13515.0 12921.166666666666 2895.9215508481348 
11588.766666666666 13624.966666666667 13024.066666666668 2910.7322034345775 
11680.633333333333 13883.733333333334 13244.766666666666 2841.476762432599 
11538.766666666666 13940.133333333333 13347.733333333334 2605.663713144887 
11981.366666666667 14106.333333333334 13504.766666666666 2619.1671185491177 
12192.666666666666 14222.766666666666 13624.166666666666 2705.8156646379293 
12302.4 14333.266666666666 13759.5 2570.5902445417732 
12550.633333333333 14431.7 13833.166666666666 2559.992457996703 
12396.7 14443.0 13887.466666666667 2490.218273364807 
12573.733333333334 14686.033333333333 14081.4 2159.208955613143 
12688.366666666667 14841.166666666666 14252.3 1794.7382386669465 
12737.633333333333 14834.8 14246.833333333334 1675.0145599367188 
12596.4 14755.166666666666 14170.233333333334 1721.135549216789 
12709.066666666668 14786.566666666668 14178.766666666666 1801.8211200523394 
12855.066666666668 14982.666666666666 14377.866666666667 1783.0060074367543 
12805.2 15000.1 14404.333333333334 1806.4529316376395 
12843.333333333334 15052.766666666666 14421.466666666667 1654.83043498588 
12471.633333333333 14945.766666666666 14301.366666666667 1754.375073415666 
12961.033333333333 15092.533333333333 14507.466666666667 1608.2646366675965 
12788.9 15126.5 14532.5 1662.3317922925814 
13064.833333333334 15136.7 14582.8 1672.5620140969365 
12700.1 15128.166666666666 14535.133333333333 1632.390618966211 
12856.3 15181.7 14595.6 1612.5261533796383 
13157.7 15223.566666666668 14627.566666666668 1627.5541216466163 
13067.433333333332 15242.733333333334 14665.966666666667 1464.6681870724926 
12778.2 15190.033333333333 14624.566666666668 1510.8709536040608 
13040.666666666666 15283.233333333334 14722.166666666666 1396.6027282102968 
13040.433333333332 15140.2 14577.666666666666 1457.4344374047614 
13144.333333333334 15241.466666666667 14694.033333333333 1423.9406165832745 
13212.966666666667 15246.266666666666 14682.533333333333 1491.534850525905 
12976.966666666667 15265.233333333334 14699.3 1520.890403458886 
13300.533333333333 15328.266666666666 14821.2 1396.095027926108 
13225.366666666667 15366.833333333334 14831.233333333334 1534.7939691263668 
13114.133333333333 15356.966666666667 14808.7 1486.3326203556637 
13124.2 15312.3 14745.1 1553.6613711917194 
12797.4 15202.966666666667 14595.6 1548.9414835084422 
13228.833333333334 15279.433333333332 14691.233333333334 1479.662685959953 
13123.466666666667 15302.566666666668 14745.6 1474.718407583857 
13015.366666666667 15114.9 14587.633333333333 1399.8756076880545 
13018.6 15172.166666666666 14605.166666666666 1458.5461626031738 
12947.066666666668 15131.233333333334 14548.133333333333 1475.3605290082678 
12956.166666666666 15199.533333333333 14649.533333333333 1453.675762182047 
12937.766666666666 15150.466666666667 14605.433333333332 1428.2585410211977 
13010.333333333334 15185.766666666666 14620.333333333334 1517.4431890152885 
12849.5 15243.333333333334 14665.933333333332 1438.1843899321273 
12919.933333333332 15182.066666666668 14637.766666666666 1502.5542226119128 
12759.4 15218.166666666666 14668.466666666667 1492.4144329463807 
12844.433333333332 15198.933333333332 14597.7 1576.0043951926866 
12645.133333333333 15148.766666666666 14517.933333333332 1490.3385932957203 
12933.833333333334 15107.5 14558.566666666668 1571.7097590062724 
13048.666666666666 15164.6 14608.733333333334 1636.4102835848419 
12642.9 15054.3 14503.266666666666 1600.5865152777244 
12781.033333333333 15099.333333333334 14530.233333333334 1496.1764964958732 
12958.6 15130.8 14580.1 1511.484140285082 
12707.966666666667 15056.833333333334 14468.933333333332 1568.5515583209599 
12762.833333333334 15097.8 14505.366666666667 1552.575091939553 
12767.366666666667 15010.333333333334 14421.633333333333 1647.4128680044557 
12579.233333333334 15071.866666666667 14446.2 1576.1222408176343 
12803.233333333334 15081.666666666666 14438.533333333333 1577.166080347913 
12662.0 15076.633333333333 14409.6 1644.8514547926 
12575.933333333332 15002.433333333332 14381.2 1764.1023080687055 
12863.933333333332 14982.4 14392.933333333332 1805.6755884648214 
12824.133333333333 15010.133333333333 14422.5 1809.5250782088283 
13031.533333333333 15102.466666666667 14546.366666666667 1755.9045693506998 
12811.1 15057.433333333332 14487.866666666667 1790.305615313269 
12991.733333333334 15106.6 14558.1 1766.886982803371 
13129.2 15324.9 14766.633333333333 1589.0145377280571 
12986.666666666666 15278.5 14661.5 1465.6822445537096 
13135.033333333333 15306.966666666667 14679.066666666668 1285.4685089707782 
12991.966666666667 15256.966666666667 14672.833333333334 1206.3166613934982 
12934.066666666668 15194.533333333333 14563.933333333332 1135.628801296151 
13048.033333333333 15209.666666666666 14643.433333333332 1177.1577985413282 
12959.933333333332 15256.933333333332 14650.333333333334 1127.921581986581 
12912.633333333333 15189.666666666666 14555.2 1185.7016769266486 
12894.133333333333 15158.533333333333 14575.733333333334 1141.9934377608695 
12933.6 15150.8 14558.666666666666 1203.1286524908485 
13049.766666666666 15224.533333333333 14637.2 1185.0290062554027 
13085.366666666667 15236.633333333333 14669.3 1110.552337052754 
12747.366666666667 15427.066666666668 14837.366666666667 1038.4385075679736 
13087.133333333333 15393.266666666666 14794.9 959.7841094051655 
12982.8 15505.3 14909.1 1000.3044686494209 
13246.966666666667 15502.066666666668 14952.433333333332 967.1784199412226 
13357.8 15507.466666666667 14962.566666666668 891.7047090950132 
13365.0 15599.2 15055.033333333333 918.743394775954 
13216.0 15565.5 14977.266666666666 948.88036776684 
13308.166666666666 15510.466666666667 14962.466666666667 863.6533085934683 
13008.866666666667 15494.5 14908.6 970.2719586109177 
13152.833333333334 15477.566666666668 14937.466666666667 882.1520777180215 
13411.566666666668 15569.633333333333 15031.066666666668 942.0302629014751 
13430.0 15601.1 15017.033333333333 1047.1603195202622 
13485.166666666666 15608.033333333333 15081.4 941.4118492987009 
13418.8 15595.8 15058.9 1063.0546426846236 
13178.066666666668 15580.133333333333 15001.566666666668 1030.5020349324884 
12989.366666666667 15541.866666666667 14996.633333333333 946.0544147493139 
13320.933333333332 15578.433333333332 15055.7 977.2919447807463 
13496.433333333332 15601.466666666667 15080.166666666666 902.9322188785208 
13073.466666666667 15392.366666666667 14838.166666666666 1112.5516261679227 
13213.133333333333 15413.133333333333 14902.466666666667 993.8591919046347 
13272.766666666666 15471.4 14921.5 1061.8967939493932 
13539.633333333333 15542.7 15012.966666666667 974.5399599583156 
13555.366666666667 15554.1 15032.4 1071.6748844682327 
13341.0 15538.666666666666 14989.3 930.4887117352185 
13258.933333333332 15384.3 14846.833333333334 1045.4753960121047 
13363.6 15447.9 14914.933333333332 993.920159883188 
13293.133333333333 15529.233333333334 14960.766666666666 923.6913102691107 
13218.566666666668 15399.166666666666 14848.166666666666 954.2837840204792 
13351.6 15521.333333333334 14959.1 976.9061961109675 
13199.1 15438.1 14862.733333333334 1073.6707321148322 
13325.333333333334 15593.966666666667 15030.333333333334 1013.7650891054045 
13506.233333333334 15427.066666666668 14898.733333333334 1102.8947730102511 
13406.733333333334 15443.666666666666 14959.7 1177.0950828204152 
13576.033333333333 15509.466666666667 14978.466666666667 1109.2312784086105 
13443.3 15508.4 14974.333333333334 1100.426165780028 
13370.2 15476.133333333333 14945.6 1153.178041905643 
13324.7 15412.466666666667 14893.366666666667 1226.60655192373 
13594.4 15446.8 14967.2 1153.630271649746 
13180.966666666667 15321.666666666666 14817.0 1120.624050101847 
13158.566666666668 15421.466666666667 14867.933333333332 1094.2663541793142 
13318.0 15429.566666666668 14889.033333333333 1068.3778007386297 
13383.733333333334 15364.4 14852.766666666666 1104.3749425705826 
13407.033333333333 15474.466666666667 15000.666666666666 1065.8840273062856 
13403.066666666668 15545.966666666667 15023.933333333332 1056.173874784724 
13616.533333333333 15565.1 15092.966666666667 1077.7413194062642 
13453.233333333334 15520.333333333334 15038.2 1035.9740257361666 
13423.2 15527.166666666666 15011.933333333332 1077.370729291145 
13345.466666666667 15547.1 15020.166666666666 980.7990082354056 
13564.5 15593.933333333332 15087.766666666666 1129.6968264391412 
13618.833333333334 15720.3 15224.133333333333 1169.2422235029926 
13500.7 15644.8 15123.533333333333 983.6454271399493 
13782.7 15634.733333333334 15139.3 1096.6360099565095 
13287.233333333334 15445.833333333334 14891.6 1040.9686505045834 
13294.266666666666 15441.966666666667 14899.0 1111.2291665838627 
13504.5 15429.533333333333 14889.733333333334 1110.9297792089892 
13166.666666666666 15253.9 14732.766666666666 1302.0881519484171 
13443.633333333333 15380.333333333334 14869.766666666666 1240.8706577775679 
13560.666666666666 15420.166666666666 14920.0 1242.7181010457145 
13332.5 15347.7 14808.933333333332 1111.5805268975244 
13221.966666666667 15376.4 14834.766666666666 981.6211070355902 
13442.666666666666 15380.833333333334 14861.733333333334 924.1498909207795 
13413.166666666666 15471.433333333332 14979.866666666667 1024.8630665172352 
13692.8 15470.8 14984.6 1010.3082757257807 
13297.0 15444.0 14938.433333333332 1003.7490280609659 
13084.7 15388.133333333333 14855.3 1106.8679163899067 
13276.5 15376.033333333333 14841.3 975.351966044395 
13410.466666666667 15338.3 14823.9 1068.0196241954857 
13264.866666666667 15392.0 14866.2 1034.296339546844 
13321.666666666666 15475.366666666667 14964.633333333333 949.9410504517284 
13163.3 15378.7 14809.933333333332 1026.6954839570387 
13114.7 15367.266666666666 14821.933333333332 1073.3259285458862 
13026.566666666668 15346.6 14799.233333333334 1029.8501917485107 
13419.566666666668 15386.633333333333 14857.633333333333 1150.414541371935 
13342.333333333334 15431.8 14927.266666666666 1009.1020924014026 
13242.733333333334 15351.0 14816.666666666666 1055.0713268674197 
13512.9 15446.5 14938.966666666667 1058.3484587895532 
13269.9 15363.166666666666 14876.566666666668 1109.6245387517345 
13632.433333333332 15406.4 14919.733333333334 1272.4313051966478 
13303.1 15415.366666666667 14869.266666666666 1092.302362138494 
13488.733333333334 15382.733333333334 14902.633333333333 1303.0839938392305 
13296.0 15345.166666666666 14814.566666666668 1223.2795868756525 
13054.666666666666 15232.1 14701.0 1471.7224958077752 
13020.6 15224.233333333334 14644.466666666667 1498.8183201368263 
12514.633333333333 14931.566666666668 14328.533333333333 1541.7588238040921 
12697.6 14932.2 14350.1 1762.4072964745317 
12818.5 14942.833333333334 14335.1 1862.5330310270112 
12555.633333333333 14824.733333333334 14274.066666666668 1948.1007874052327 
12485.966666666667 14768.2 14180.133333333333 1829.3496088318748 
12567.433333333332 14792.366666666667 14213.633333333333 1819.3289562058008 
12592.033333333333 14766.166666666666 14201.633333333333 1895.9797495988425 
12500.733333333334 14795.3 14235.0 1922.952858409864 
12600.366666666667 14952.933333333332 14381.233333333334 1880.730555071028 
12778.033333333333 14944.733333333334 14409.166666666666 1917.7215328207703 
12455.833333333334 14907.766666666666 14350.8 1939.9449503357907 
12708.866666666667 15004.266666666666 14469.4 2078.196706923256 
12951.866666666667 15037.033333333333 14495.566666666668 2043.3245098232546 
12731.566666666668 14928.966666666667 14390.1 2059.1201977219944 
12775.266666666666 14951.966666666667 14367.233333333334 1978.4368776048088 
12672.666666666666 14879.6 14326.9 1962.1436932600022 
12773.1 14905.533333333333 14368.733333333334 1916.5881943356185 
12631.766666666666 14887.5 14291.9 1867.0919846113634 
13138.833333333334 15043.433333333332 14537.833333333334 1859.3713210831952 
12812.2 14999.366666666667 14438.933333333332 1713.7810012108052 
12675.666666666666 14943.533333333333 14365.7 1625.2740597614097 
12847.133333333333 14981.2 14473.2 1661.6748332129646 
12907.366666666667 14959.933333333332 14386.866666666667 1515.0874808259605 
12673.466666666667 15021.9 14435.233333333334 1327.1880546646146 
12752.833333333334 14896.2 14345.933333333332 1316.27041383347 
12795.733333333334 14944.2 14361.833333333334 1286.0431307783663 
12622.666666666666 14946.166666666666 14380.1 1288.1893828160519 
12877.9 15043.266666666666 14488.333333333334 1418.3766963210678 
12823.433333333332 14946.1 14380.533333333333 1274.4297490773406 
12807.933333333332 15016.633333333333 14453.966666666667 1345.840241509618 
12732.566666666668 15115.766666666666 14551.966666666667 1173.8944510569181 
12652.666666666666 15016.466666666667 14429.033333333333 1230.2707672161712 
13063.266666666666 15179.7 14644.7 1061.526224986144 
12813.466666666667 15121.1 14513.966666666667 1068.26412531941 
12567.133333333333 14997.766666666666 14384.9 1134.3528973236976 
12679.233333333334 15017.966666666667 14404.0 1285.5814593664093 
12739.7 14970.666666666666 14396.766666666666 1181.2836546646101 
12699.866666666667 15005.166666666666 14432.766666666666 1065.7829301087118 
12687.8 15099.466666666667 14524.2 1094.9235367519204 
12638.766666666666 14963.766666666666 14386.366666666667 1114.137089958961 
12630.6 15036.366666666667 14472.366666666667 1027.9280375266223 
12688.666666666666 15007.633333333333 14462.166666666666 990.991687598281 
12782.1 15038.533333333333 14475.2 1129.606816256583 
12842.866666666667 15097.533333333333 14563.3 1100.8994869348126 
12667.1 15112.466666666667 14531.233333333334 1084.1205795994795 
12999.233333333334 15121.6 14544.033333333333 992.4353193029763 
12565.766666666666 15011.866666666667 14425.1 1056.473403672173 
12939.2 15192.233333333334 14626.0 1076.572465744875 
12909.333333333334 15140.1 14588.5 1063.3850027153856 
12667.266666666666 15203.566666666668 14580.566666666668 1075.5532780852839 
12726.266666666666 15126.433333333332 14521.3 977.1050008400667 
12669.2 15121.666666666666 14521.066666666668 985.238729445813 
12805.466666666667 15054.166666666666 14477.333333333334 964.0243794750328 
12717.0 15108.433333333332 14521.8 961.1898395565087 
12704.6 15081.2 14512.7 876.4588748671176 
12737.533333333333 15112.366666666667 14505.633333333333 863.5790971944093 
12746.766666666666 15098.433333333332 14572.866666666667 1042.7158237027 
12588.0 15128.666666666666 14567.666666666666 1088.3929580910665 
12519.533333333333 15085.066666666668 14517.333333333334 1074.0756458979558 
12784.666666666666 15047.533333333333 14471.266666666666 1082.6311749108688 
12928.8 15091.6 14545.766666666666 1019.5750627371949 
12656.2 15041.833333333334 14459.7 1118.3195077138437 
12697.1 15062.866666666667 14496.766666666666 999.9088660139649 
12840.166666666666 15078.666666666666 14521.9 1219.055033075483 
12813.1 15073.3 14506.633333333333 1158.3020297448809 
12551.033333333333 14994.866666666667 14388.933333333332 1126.0554537854694 
12567.666666666666 14963.3 14375.0 1159.7033880839244 
12323.133333333333 15006.7 14383.433333333332 1202.9866554168887 
12709.066666666668 15084.233333333334 14516.333333333334 1108.6755222636905 
12626.833333333334 15066.566666666668 14471.633333333333 1117.0293092245458 
12463.133333333333 15025.733333333334 14410.766666666666 1168.3653069804643 
12610.433333333332 15125.466666666667 14523.0 1120.1181378170193 
12909.2 15192.866666666667 14669.666666666666 1131.1861202590258 
12919.433333333332 15254.1 14728.9 1097.647571248015 
12360.333333333334 14988.9 14395.8 1169.1159037209839 
12533.533333333333 15085.333333333334 14498.366666666667 1122.2965452341216 
12532.933333333332 15124.466666666667 14547.866666666667 1149.8227551815685 
12468.733333333334 15032.7 14427.733333333334 1114.563720375725 
13129.2 15164.566666666668 14620.8 1282.3652861022088 
12624.7 15186.866666666667 14600.7 1177.560517482364 
12459.2 15129.233333333334 14558.266666666666 1214.0532774781984 
12816.833333333334 15090.466666666667 14517.633333333333 1168.7706813381124 
12841.566666666668 15180.333333333334 14573.666666666666 1238.110458543807 
12480.9 15057.5 14474.6 1232.0317491850606 
12505.166666666666 15055.533333333333 14429.133333333333 1264.2990128481824 
12356.4 15059.2 14442.7 1183.631089486923 
12681.466666666667 15038.866666666667 14384.566666666668 1232.667297232577 
12293.266666666666 14958.833333333334 14327.666666666666 1243.9013768516108 
12461.3 14953.866666666667 14349.1 1240.7929322278826 
12583.766666666666 14980.233333333334 14427.966666666667 1307.8386954564899 
12585.4 14975.633333333333 14385.933333333332 1504.3736761707696 
12757.9 14987.933333333332 14401.633333333333 1670.8702954182622 
12804.133333333333 14945.1 14387.066666666668 1768.885671577197 
12370.633333333333 14894.433333333332 14315.3 1784.8513206987295 
12698.166666666666 14964.8 14407.666666666666 1797.7358209394645 
12912.666666666666 14960.1 14472.433333333332 1870.3337522722754 
12638.966666666667 15025.733333333334 14467.166666666666 1911.5380381020702 
12146.533333333333 14920.833333333334 14355.0 1799.713540724375 
12794.366666666667 15024.533333333333 14476.866666666667 1704.5357691889144 
12683.166666666666 14984.2 14427.233333333334 1744.600735666728 
12476.3 14946.6 14378.666666666666 1710.3306570173304 
12468.5 14912.2 14321.8 1663.1093043854132 
12440.666666666666 14967.3 14375.8 1544.0569922555753 
12502.7 14889.2 14292.033333333333 1625.506681246736 
12612.466666666667 14847.066666666668 14237.766666666666 1705.2358603235311 
12529.433333333332 14878.2 14285.233333333334 1691.866790822755 
12159.266666666666 14912.2 14299.3 1709.432636871076 
12559.8 14927.866666666667 14330.2 1465.6798914951837 
12616.0 14988.366666666667 14392.133333333333 1513.2251893444895 
12507.5 14957.233333333334 14362.3 1425.2453672964527 
12676.5 15106.366666666667 14490.9 1283.453869577451 
12724.266666666666 15124.166666666666 14563.833333333334 1272.8990604565276 
12802.466666666667 15091.3 14489.866666666667 1201.240773950002 
12637.8 15167.366666666667 14588.633333333333 1126.4338839403263 
12643.933333333332 15120.466666666667 14545.0 1103.627731015611 
12633.833333333334 15107.966666666667 14491.6 1110.511679362266 
12449.133333333333 15115.633333333333 14500.9 1108.2849423019934 
12725.733333333334 15116.266666666666 14504.4 1014.8383496892496 
12807.633333333333 15076.566666666668 14480.0 1109.521935489936 
12507.366666666667 15170.066666666668 14558.7 1079.7265953317378 
12757.033333333333 15095.233333333334 14491.0 1175.8511271982238 
12608.266666666666 15144.9 14546.4 984.5916048460566 
12852.266666666666 15156.9 14579.966666666667 974.7764802478795 
12829.766666666666 15144.066666666668 14565.8 1064.659258323213 
13074.1 15351.1 14829.733333333334 1074.719057604255 
12880.633333333333 15253.866666666667 14672.3 1184.8130676749531 
12851.966666666667 15221.6 14661.3 1191.6170117393701 
12723.1 15148.766666666666 14578.666666666666 1126.7946355333195 
12408.033333333333 15099.133333333333 14494.133333333333 1170.4709618117163 
12801.9 15200.033333333333 14635.666666666666 1183.4743641311186 
12578.733333333334 15164.666666666666 14564.0 1297.2861870073234 
12632.333333333334 15182.666666666666 14589.5 1210.829640508248 
12591.1 15067.1 14469.4 1142.2716507031066 
12531.366666666667 15195.166666666666 14574.466666666667 1181.3168172284127 
12723.166666666666 15090.266666666666 14542.8 1221.8129140748185 
12853.933333333332 15224.033333333333 14668.566666666668 1166.6161700024184 
13195.766666666666 15369.733333333334 14843.166666666666 1181.1094129861317 
12791.633333333333 15147.333333333334 14550.466666666667 1181.6238824412592 
12824.466666666667 15045.633333333333 14475.933333333332 1153.6848891462714 
12771.0 15014.833333333334 14437.166666666666 1043.6103277138989 
12539.533333333333 14969.4 14397.8 1221.1823713106899 
12702.933333333332 15021.5 14448.566666666668 1197.4894838322755 
12577.966666666667 15028.1 14466.533333333333 1171.8228907229209 
12769.533333333333 15117.2 14552.0 1128.4110026936103 
12470.466666666667 15088.933333333332 14510.9 1268.0769520550923 
12465.466666666667 15149.9 14591.6 1175.0797866528042 
12731.766666666666 15178.233333333334 14579.9 1274.5417630139336 
12596.133333333333 15122.966666666667 14528.366666666667 1025.6147034827457 
12554.3 15053.133333333333 14439.533333333333 1098.4698926739463 
12482.866666666667 15040.033333333333 14459.533333333333 1190.7034241713313 
12065.033333333333 15055.966666666667 14432.566666666668 1030.1673236259567 
12822.433333333332 15074.466666666667 14521.933333333332 1030.0125498696066 
12524.933333333332 15145.3 14575.466666666667 983.1994267017585 
12961.066666666668 15216.4 14641.133333333333 1168.5119291455933 
12695.233333333334 15218.966666666667 14613.333333333334 1168.2838053696069 
12931.3 15226.233333333334 14650.233333333334 1194.6350157172596 
12465.366666666667 15113.1 14533.5 1275.8498242348119 
12440.4 15089.666666666666 14474.633333333333 1060.3854532930727 
12566.733333333334 15064.966666666667 14485.033333333333 1098.7543454091801 
12510.366666666667 14983.0 14359.366666666667 1230.3726556075057 
12530.666666666666 14997.566666666668 14384.133333333333 1209.3578010663346 
12350.133333333333 14890.933333333332 14294.066666666668 1122.0868263592124 
12499.166666666666 14990.466666666667 14396.533333333333 1067.817224580645 
12293.666666666666 14973.466666666667 14360.366666666667 1081.933866997219 
12305.466666666667 15023.866666666667 14411.1 1153.4400978522176 
12564.266666666666 15088.9 14492.633333333333 1185.7446937590646 
12505.7 15112.433333333332 14492.2 1181.5048064509372 
12653.466666666667 15126.8 14559.333333333334 1092.1847459208639 
12383.533333333333 14974.866666666667 14364.7 1152.8276015953122 
12665.3 15003.433333333332 14414.1 1240.3107793344911 
12471.066666666668 14961.433333333332 14375.933333333332 1198.942827151394 
12329.4 15005.433333333332 14391.433333333332 1256.4326670732853 
12261.033333333333 14944.4 14283.366666666667 1267.7970070603226 
12242.666666666666 14958.766666666666 14346.133333333333 1196.170383441348 
12532.633333333333 14975.2 14387.233333333334 1260.7651779331825 
12560.7 14974.9 14394.533333333333 1257.7968812791498 
12311.766666666666 14871.866666666667 14299.733333333334 1318.7654425846756 
12394.366666666667 14965.233333333334 14385.533333333333 1281.6914892698114 
12513.333333333334 14937.8 14342.266666666666 1277.147945662957 
12438.1 14962.8 14332.966666666667 1273.8477770998472 
12391.033333333333 14996.233333333334 14419.133333333333 1189.2585068483263 
12551.566666666668 15047.0 14416.266666666666 1177.662093962252 
12282.333333333334 14996.266666666666 14390.2 1177.6836776769333 
12313.2 14996.166666666666 14372.866666666667 1225.3973100817366 
12486.733333333334 15023.633333333333 14453.3 1202.9303741281121 
12542.7 14951.733333333334 14387.966666666667 1250.622668291457 
12409.8 14861.7 14255.633333333333 1242.1970424748777 
12413.033333333333 15088.966666666667 14462.966666666667 1106.8393249348446 
12287.366666666667 15077.633333333333 14455.9 1230.3359103648618 
12342.033333333333 15033.433333333332 14428.766666666666 1287.9177007005446 
12349.1 15106.9 14477.033333333333 1187.3970002114336 
12187.8 14951.2 14307.033333333333 1332.44781623897 
12578.7 14968.866666666667 14333.266666666666 1186.9616329566475 
12141.566666666668 14972.633333333333 14357.733333333334 1251.8076510479643 
12252.366666666667 14977.466666666667 14354.9 1206.477483834655 
12406.166666666666 14941.8 14349.633333333333 1200.5883027360655 
12551.266666666666 14938.033333333333 14352.833333333334 1205.730847982989 
12194.1 14905.7 14322.133333333333 1139.0199924106298 
12236.133333333333 14841.566666666668 14205.566666666668 1148.190940325016 
12133.666666666666 14879.4 14275.866666666667 1138.992806044982 
11954.3 14778.9 14181.433333333332 1276.3995316688442 
12273.066666666668 14922.333333333334 14338.833333333334 1104.7968692127176 
12326.6 14943.066666666668 14343.066666666668 1143.6530591340481 
12233.2 14826.1 14229.6 1325.501305670173 
12023.8 14828.333333333334 14182.333333333334 1288.6738168882512 
12344.833333333334 14901.166666666666 14288.633333333333 1148.9107938971301 
12457.566666666668 15030.833333333334 14444.066666666668 1219.3655197592632 
12080.7 15056.133333333333 14387.666666666666 1299.2496645713975 
12558.633333333333 15067.633333333333 14458.833333333334 1249.1965459179485 
12414.466666666667 15014.2 14358.633333333333 1195.1930045440822 
12315.533333333333 15023.0 14382.766666666666 1136.7379187345205 
12265.7 15091.466666666667 14457.333333333334 1211.4103472582874 
11959.166666666666 15047.2 14344.133333333333 1244.358602073998 
12354.966666666667 15033.733333333334 14414.533333333333 1130.6420373201925 
12214.133333333333 15017.2 14341.333333333334 1190.7527510407488 
12670.866666666667 15115.666666666666 14487.233333333334 1141.1264849554 
12448.566666666668 15012.133333333333 14379.033333333333 1181.075747500275 
12337.5 15006.033333333333 14343.066666666668 1111.516937892636 
12294.533333333333 14967.233333333334 14322.366666666667 1217.4131636840104 
12439.366666666667 15053.366666666667 14471.066666666668 1254.0453527595314 
12231.166666666666 14917.833333333334 14256.433333333332 1280.9433841248929 
12162.566666666668 14855.766666666666 14214.933333333332 1434.8523088147822 
12115.6 14800.666666666666 14160.566666666668 1447.9011612982736 
12141.533333333333 14826.6 14205.1 1593.0978247845717 
12183.566666666668 14750.833333333334 14137.533333333333 1707.3206221380262 
12016.166666666666 14826.566666666668 14184.766666666666 1773.0464412354738 
12363.333333333334 14943.3 14362.533333333333 1697.8426488733671 
12391.633333333333 14904.6 14332.4 1665.2167106215734 
12411.866666666667 14903.466666666667 14318.233333333334 1727.1284701620907 
12291.6 14966.533333333333 14326.3 1752.7530348949147 
12368.5 14820.466666666667 14227.666666666666 1772.537432546286 
12111.8 14794.333333333334 14190.866666666667 1826.7755164344753 
12347.8 14917.033333333333 14350.0 1840.986196218393 
12371.1 14864.233333333334 14259.433333333332 1859.276496292756 
12313.7 14871.2 14296.3 1881.13346079786 
12229.033333333333 14856.1 14240.533333333333 1737.902258151732 
12418.866666666667 14933.666666666666 14335.9 1580.3509972998613 
12549.1 14920.433333333332 14339.7 1506.541266721006 
12493.2 14898.266666666666 14295.566666666668 1611.8138620820955 
12577.3 14896.4 14302.5 1672.0841297614184 
12653.5 14856.433333333332 14286.433333333332 1836.2087877834954 
12336.433333333332 14910.8 14334.066666666668 1694.9249240010606 
12098.133333333333 14837.3 14201.766666666666 1749.5097608250783 
12323.933333333332 14887.2 14287.4 1799.2884860410795 
12707.866666666667 15042.1 14492.5 1644.0272156100905 
12737.266666666666 15047.7 14487.966666666667 1558.516484852039 
12638.066666666668 15043.8 14468.1 1358.4102206869127 
12710.866666666667 15100.366666666667 14548.033333333333 1425.1373913104346 
12695.733333333334 14993.2 14398.333333333334 1477.8463569968594 
12578.9 15049.9 14464.066666666668 1492.6056478893247 
12345.6 14930.8 14316.633333333333 1466.1224658943058 
12413.633333333333 14907.266666666666 14260.0 1500.9834901379386 
12265.066666666668 14798.966666666667 14155.633333333333 1586.3036600852943 
12291.233333333334 14808.533333333333 14179.233333333334 1838.8631245358579 
12373.133333333333 14595.5 14024.733333333334 1837.1697389977032 
12018.4 14640.5 14013.533333333333 1753.546808899038 
12416.733333333334 14692.666666666666 14104.1 1745.0113232679416 
12247.6 14739.266666666666 14103.9 1685.3158980836008 
12236.466666666667 14738.033333333333 14119.4 1612.683527333659 
12382.966666666667 14790.966666666667 14168.833333333334 1410.7663400908505 
12520.7 14836.666666666666 14251.366666666667 1318.6735411853163 
12685.366666666667 14891.4 14304.366666666667 1346.4407323260339 
12148.7 14804.5 14167.366666666667 1415.3138532573691 
12184.966666666667 14825.133333333333 14214.6 1366.3894699779662 
12287.4 14867.633333333333 14259.2 1378.4338227374815 
12251.2 14883.9 14287.933333333332 1269.670052196414 
12241.433333333332 14793.7 14186.033333333333 1330.8980782831484 
12389.4 14977.966666666667 14370.7 1225.10358813721 
12610.766666666666 14944.2 14373.333333333334 1310.5792617091963 
12246.533333333333 14956.466666666667 14339.433333333332 1303.1642025811211 
12403.2 14942.766666666666 14356.033333333333 1319.3174615434048 
12442.4 15000.0 14399.4 1311.3674753223574 
12545.2 14953.0 14318.9 1293.502706220594 
12312.933333333332 14904.933333333332 14267.0 1526.0180220648338 
12233.233333333334 14885.966666666667 14296.033333333333 1624.245887481326 
12373.5 14825.933333333332 14223.7 1705.3246301901975 
12643.266666666666 14904.833333333334 14337.033333333333 1618.857360575319 
12564.833333333334 15032.733333333334 14432.466666666667 1433.617916322198 
12424.3 14856.066666666668 14242.833333333334 1465.8058243391813 
12595.666666666666 14910.733333333334 14301.933333333332 1403.7648236478612 
12640.4 14995.533333333333 14425.033333333333 1333.3794140370467 
12502.366666666667 14875.3 14289.633333333333 1301.3785118096887 
12407.0 14886.566666666668 14304.966666666667 1134.4603835206315 
12473.5 14926.466666666667 14314.566666666668 1202.3943490201352 
12779.533333333333 14938.766666666666 14372.466666666667 1268.4999615468832 
12442.7 14903.766666666666 14323.933333333332 1348.643294656605 
12556.266666666666 14908.066666666668 14351.7 1327.3215795980516 
12390.366666666667 14758.8 14186.766666666666 1302.9378032823447 
12440.366666666667 14798.066666666668 14166.366666666667 1245.0343275945802 
12231.366666666667 14805.633333333333 14207.366666666667 1251.0394960014476 
12572.333333333334 14928.1 14324.5 1209.473443280174 
12618.5 14902.566666666668 14324.266666666666 1290.6186443373235 
12353.8 14937.9 14317.4 1411.9950081356521 
12366.366666666667 14966.633333333333 14339.766666666666 1132.7365917693899 
12563.166666666666 15007.0 14427.133333333333 1208.2266148276067 
12781.966666666667 15058.0 14474.1 1200.26703306667 
12674.466666666667 15084.8 14474.4 1062.1652085873145 
12648.966666666667 14994.066666666668 14412.966666666667 1199.0794507083801 
12531.366666666667 14965.4 14338.333333333334 1228.7905226504456 
12548.633333333333 15005.166666666666 14365.8 1354.377619179132 
12653.466666666667 14989.2 14412.266666666666 1232.3212328321251 
12511.0 14951.166666666666 14381.133333333333 1196.1059722653715 
12799.6 14983.966666666667 14437.0 1109.8447859948706 
12592.8 14993.966666666667 14394.666666666666 1161.5540760837039 
12465.0 14966.866666666667 14363.2 1202.6576814150678 
12363.366666666667 14926.6 14341.3 1145.5183993866415 
12624.533333333333 14945.966666666667 14359.533333333333 991.6103076982073 
12706.633333333333 14942.533333333333 14374.7 1209.5951996432525 
12449.6 14897.433333333332 14313.533333333333 1123.6745538633504 
12634.566666666668 14785.433333333332 14182.766666666666 1176.7319432318568 
11887.566666666668 14692.666666666666 14036.033333333333 1030.9435918936915 
12468.166666666666 14772.7 14178.733333333334 1008.9131873787093 
12307.1 14792.833333333334 14199.166666666666 1107.0641651583605 
12159.2 14808.733333333334 14150.7 1113.6674241741414 
12391.633333333333 14757.933333333332 14145.7 1050.0673818062028 
12424.266666666666 14770.5 14184.333333333334 1100.9000402700813 
12447.533333333333 14843.933333333332 14252.366666666667 1159.5013778440377 
12495.1 14778.566666666668 14219.8 1136.1836814529593 
12087.266666666666 14734.6 14066.433333333332 1191.861280845123 
11991.966666666667 14655.466666666667 14021.433333333332 1156.7170844919492 
12468.033333333333 14607.766666666666 13999.333333333334 1188.3170403277627 
12145.3 14583.666666666666 13928.766666666666 1219.1389010280989 
11923.1 14624.266666666666 13971.733333333334 1220.6753105920054 
12056.3 14522.366666666667 13874.4 1403.3616915582857 
11895.466666666667 14635.633333333333 13943.4 1467.6407997190595 
12148.633333333333 14675.833333333334 13983.833333333334 1499.0449918383222 
12077.066666666668 14586.766666666666 13945.266666666666 1531.2430280657607 
12148.9 14703.566666666668 14012.466666666667 1513.0864924972987 
12209.566666666668 14629.933333333332 13994.133333333333 1393.9713877583317 
11618.7 14637.833333333334 13932.633333333333 1386.437855841765 
11972.933333333332 14615.966666666667 13944.966666666667 1537.116471514114 
12123.566666666668 14568.366666666667 13958.266666666666 1577.276993182308 
12146.8 14609.633333333333 13992.7 1631.4123595829471 
11950.8 14644.933333333332 13983.433333333332 1750.128306597992 
12366.9 14817.666666666666 14182.533333333333 1767.228432288505 
12185.066666666668 14797.8 14161.4 1717.7563456439332 
12145.4 14774.166666666666 14137.6 1710.0652355977536 
12369.866666666667 14766.1 14111.5 1772.7685377209664 
12341.2 14901.833333333334 14294.2 1614.8039074967176 
12288.766666666666 14943.866666666667 14283.866666666667 1422.6958140172558 
12665.833333333334 15054.033333333333 14447.966666666667 1278.6348607445013 
12564.533333333333 15029.2 14388.166666666666 1126.7269626370594 
12439.4 15082.533333333333 14431.933333333332 1094.607989393666 
12749.366666666667 15014.5 14406.0 1087.3717772684738 
12439.866666666667 15081.4 14449.266666666666 1234.2687467124458 
12694.666666666666 15018.933333333332 14405.266666666666 1153.9057561170237 
12487.833333333334 15114.533333333333 14520.1 1112.808151180307 
12780.233333333334 15231.9 14627.7 1169.935775160329 
12758.166666666666 15228.166666666666 14705.333333333334 1060.97642873597 
12658.766666666666 15220.566666666668 14601.433333333332 1046.1802273562196 
12715.6 15172.633333333333 14620.166666666666 1235.7890473521586 
12847.366666666667 15191.8 14610.1 1076.5745464202653 
12628.633333333333 15207.3 14584.833333333334 1249.0337771876132 
12606.233333333334 15251.4 14669.9 1275.8204076854495 
13040.866666666667 15339.2 14752.733333333334 1041.565914594196 
12957.533333333333 15349.433333333332 14775.3 1016.9902859254196 
12746.666666666666 15207.066666666668 14617.566666666668 1149.018338408922 
12848.833333333334 15260.2 14679.7 1146.366556996496 
12316.633333333333 15228.533333333333 14615.733333333334 1051.4404963879051 
12941.833333333334 15365.533333333333 14803.7 1123.17920282859 
13119.066666666668 15361.566666666668 14771.466666666667 1154.903090451027 
12877.366666666667 15277.266666666666 14727.766666666666 1159.0952745328764 
13001.066666666668 15284.333333333334 14747.9 1181.3238108156456 
13087.933333333332 15348.366666666667 14815.2 1129.5305710780917 
12965.633333333333 15331.266666666666 14780.133333333333 1107.9192314123504 
13037.6 15401.8 14832.5 1067.1135445677749 
12773.4 15447.066666666668 14868.8 1044.5274311062078 
13041.966666666667 15297.066666666668 14723.833333333334 1081.7479765022288 
12987.3 15313.866666666667 14766.266666666666 1116.5741012380486 
13175.766666666666 15355.366666666667 14816.366666666667 1210.1695047939913 
12923.966666666667 15304.566666666668 14756.866666666667 1023.3390136107279 
13071.6 15369.233333333334 14807.4 1049.0806607056802 
12766.033333333333 15268.833333333334 14705.533333333333 1114.3759020187038 
12853.8 15261.733333333334 14720.533333333333 976.180179122231 
13135.4 15348.233333333334 14802.866666666667 1060.0307673731825 
13181.7 15380.0 14838.566666666668 1053.604706920221 
12825.7 15346.933333333332 14727.2 1042.956575318455 
12858.966666666667 15333.7 14712.0 1085.128348169008 
12848.0 15351.733333333334 14783.033333333333 1150.6771825514072 
12969.5 15388.0 14860.0 1008.118477329591 
13267.2 15411.033333333333 14869.933333333332 1029.4665682338164 
13048.333333333334 15515.1 14973.066666666668 946.2403747345481 
13135.8 15409.2 14880.633333333333 947.0019349387717 
13077.0 15364.5 14793.5 1107.8106524432174 
12768.0 15386.433333333332 14839.666666666666 974.3529616565492 
12749.6 15303.366666666667 14703.366666666667 906.387379656182 
13166.466666666667 15295.3 14723.733333333334 1009.2412148628185 
12909.4 15261.533333333333 14697.933333333332 976.9047237747055 
12685.166666666666 15315.066666666668 14745.866666666667 859.6315873675188 
12698.333333333334 15333.333333333334 14731.633333333333 981.9645176889028 
12981.166666666666 15364.033333333333 14789.466666666667 938.0414974236954 
12855.166666666666 15149.566666666668 14582.4 1019.3907862051725 
12616.633333333333 15163.633333333333 14584.833333333334 800.0020572890214 
12824.2 15200.433333333332 14614.066666666668 791.3180922430065 
12716.366666666667 15071.266666666666 14484.9 954.8395285770973 
12728.9 15058.3 14490.333333333334 1002.819717984134 
12720.9 15025.433333333332 14448.933333333332 1021.4634140943733 
12605.433333333332 15078.8 14489.6 1119.659497347296 
12473.9 15006.466666666667 14399.833333333334 1175.864893552354 
12356.133333333333 14961.466666666667 14305.333333333334 1115.1861415128067 
12705.0 15064.166666666666 14463.033333333333 1199.8802041592878 
12574.5 15120.366666666667 14501.533333333333 1163.1165579310327 
12852.433333333332 15117.433333333332 14535.866666666667 1201.9319490812372 
12743.3 15062.5 14460.566666666668 1189.2159692652783 
12639.066666666668 15006.733333333334 14446.566666666668 1293.4117075479958 
12670.2 14915.4 14333.2 1427.425798305 
12762.766666666666 15014.233333333334 14469.833333333334 1456.0594756625385 
12839.866666666667 14997.8 14441.633333333333 1458.4646433454905 
12765.333333333334 15061.133333333333 14494.566666666668 1356.1408663311247 
12764.4 15230.8 14658.6 1216.8715081442795 
12972.2 15183.633333333333 14597.966666666667 1117.6859942657318 
12531.566666666668 15195.366666666667 14634.433333333332 980.2901240619193 
 
1.583333333333333 1.4811111111111113 1.4822222222222219 1.4433333333333331 1.48 1.4677777777777783 1.4877777777777779 1.51 1.4422222222222223 1.547777777777778 1.4144444444444446 1.487777777777778 1.5000000000000002 1.41 1.4344444444444444 1.5177777777777777 1.4655555555555557 1.5233333333333334 1.544444444444445 1.4500000000000004 1.4377777777777776 1.535555555555556 1.4844444444444442 1.531111111111111 1.5455555555555558 1.5033333333333336 1.477777777777778 1.5144444444444443 1.478888888888889 1.4844444444444442 1.5722222222222224 
1.5811111111111111 1.4255555555555555 1.4444444444444444 1.613333333333333 1.482222222222222 1.451111111111111 1.458888888888889 1.5122222222222221 1.521111111111111 1.5144444444444443 1.572222222222222 1.5577777777777777 1.4788888888888894 1.4744444444444451 1.484444444444445 1.4544444444444444 1.5255555555555556 1.491111111111111 1.5633333333333328 1.5666666666666667 1.5466666666666666 1.4688888888888885 1.6144444444444446 1.5688888888888886 1.5500000000000003 1.5188888888888887 1.47 1.5744444444444445 1.4633333333333336 1.4444444444444442 1.3511111111111107 
1.4544444444444442 1.5022222222222223 1.4833333333333334 1.527777777777778 1.5322222222222224 1.482222222222222 1.4777777777777776 1.4800000000000004 1.6277777777777778 1.5433333333333334 1.5033333333333334 1.5188888888888887 1.563333333333333 1.4955555555555557 1.5222222222222224 1.4800000000000002 1.5466666666666664 1.5 1.5166666666666664 1.5288888888888887 1.5533333333333335 1.4766666666666668 1.4666666666666661 1.4911111111111106 1.5022222222222223 1.5544444444444447 1.4444444444444444 1.457777777777778 1.5244444444444445 1.4677777777777778 1.465555555555555 
1.4544444444444449 1.5411111111111109 1.4966666666666666 1.4944444444444438 1.4744444444444442 1.537777777777778 1.044444444444445 1.0577777777777781 1.288888888888889 1.5922222222222222 1.0777777777777782 1.4766666666666668 1.5277777777777777 1.4855555555555557 1.4844444444444447 1.5544444444444443 1.633333333333333 1.5711111111111111 1.7899999999999998 1.651111111111111 1.6255555555555552 1.5622222222222222 1.5033333333333336 1.5655555555555551 1.602222222222222 1.5044444444444443 1.0544444444444447 1.2433333333333334 1.5233333333333337 1.541111111111111 1.3077777777777775 
1.4 1.4511111111111108 1.5411111111111107 1.581111111111111 1.5533333333333335 1.5688888888888883 1.2911111111111109 1.462222222222222 1.1055555555555558 1.5377777777777777 1.5066666666666666 1.5155555555555558 1.4077777777777778 1.4933333333333334 1.49 1.5100000000000002 1.5655555555555551 1.513333333333333 1.7522222222222223 1.5744444444444445 1.6000000000000003 1.4188888888888893 1.531111111111111 1.5133333333333339 1.4455555555555555 1.5111111111111113 1.4122222222222225 1.4222222222222223 1.3244444444444443 1.4633333333333334 1.5366666666666666 
1.5322222222222224 1.5022222222222221 1.5211111111111109 1.5155555555555553 1.561111111111111 1.5222222222222221 1.4044444444444448 1.4333333333333338 1.53 1.4833333333333332 1.416666666666667 1.4777777777777774 1.5244444444444443 1.5033333333333336 1.4844444444444442 1.5066666666666664 1.4588888888888891 1.5344444444444447 1.387777777777778 1.5255555555555558 1.5155555555555555 1.4766666666666666 1.4833333333333336 1.4855555555555555 1.4822222222222223 1.4533333333333331 1.5066666666666664 1.5033333333333332 1.6344444444444446 1.4288888888888884 1.5844444444444445 
1.4933333333333334 1.4688888888888885 1.4655555555555553 1.53 1.4377777777777776 1.4977777777777779 1.7299999999999998 1.5399999999999998 1.5433333333333334 1.657777777777778 1.571111111111111 1.5466666666666664 1.5322222222222224 1.5388888888888888 1.4633333333333334 1.6111111111111105 1.3955555555555554 1.4966666666666664 1.3122222222222224 1.3955555555555554 1.3966666666666667 1.4966666666666666 1.5655555555555558 1.5155555555555558 1.421111111111111 1.527777777777778 1.6011111111111107 1.5233333333333334 1.4988888888888887 1.5666666666666667 1.5611111111111107 
 
870.0
1305.0
1529.2666666666667
1682.9666666666667
1742.9
1778.6666666666667
1805.7333333333333
1860.8333333333333
1876.3
1901.4333333333334
1936.2333333333333
1936.2333333333333
1960.4
2000.0333333333333
2019.3666666666666
2020.3333333333333
2068.6666666666665
2098.633333333333
2111.2
2196.266666666667
2204.0
2197.233333333333
2198.2
2235.9
2250.4
2236.866666666667
2224.3
2250.4
2248.4666666666667
2196.266666666667
2195.3
2213.6666666666665
2254.266666666667
2208.8333333333335
2196.266666666667
2285.2
2311.3
2357.7
2349.9666666666667
2332.5666666666666
2407.0
2422.4666666666667
2422.4666666666667
2405.0666666666666
2464.0333333333333
2422.4666666666667
2432.133333333333
2415.7
2516.233333333333
2542.3333333333335
2566.5
2534.6
2552.0
2490.133333333333
2517.2
2474.6666666666665
2521.0666666666666
2586.8
2619.6666666666665
2647.7
2572.3
2549.1
2569.4
2637.0666666666666
2604.2
2535.5666666666666
2511.4
2565.5333333333333
2493.0333333333333
2564.5666666666666
2551.0333333333333
2618.7
2612.9
2627.4
2544.266666666667
2522.0333333333333
2544.266666666667
2535.5666666666666
2501.733333333333
2520.1
2509.4666666666667
2544.266666666667
2514.3
2529.766666666667
2584.866666666667
2536.5333333333333
2568.4333333333334
2566.5
2498.8333333333335
2525.9
2523.0
2554.9
2561.6666666666665
2596.4666666666667
2535.5666666666666
2547.1666666666665
2545.233333333333
2486.266666666667
2544.266666666667
2552.9666666666667
2614.8333333333335
2646.733333333333
2661.233333333333
2691.2
2683.4666666666667
2701.8333333333335
2708.6
2653.5
2665.1
2668.0
2633.2
2679.6
2608.0666666666666
2522.0333333333333
2508.5
2546.2
2556.8333333333335
2579.0666666666666
2581.9666666666667
2584.866666666667
2569.4
2582.9333333333334
2650.6
2614.8333333333335
2584.866666666667
2637.0666666666666
2553.9333333333334
2554.9
2565.5333333333333
2547.1666666666665
2579.0666666666666
2471.766666666667
2519.133333333333
2609.0333333333333
2585.8333333333335
2612.9
2638.0333333333333
2668.9666666666667
2623.5333333333333
2588.733333333333
2558.766666666667
2551.0333333333333
2515.266666666667
2526.866666666667
2505.6
2548.133333333333
2608.0666666666666
2622.5666666666666
2610.0
2648.6666666666665
2699.9
2604.2
2637.0666666666666
2641.9
2652.5333333333333
2665.1
2638.0333333333333
2584.866666666667
2576.1666666666665
2513.3333333333335
2524.9333333333334
2551.0333333333333
2494.0
2424.4
2520.1
2503.6666666666665
2542.3333333333335
2470.8
2467.9
2481.4333333333334
2520.1
2621.6
2570.366666666667
2565.5333333333333
2575.2
2604.2
2620.633333333333
2589.7
2676.7
2629.3333333333335
2630.3
2613.866666666667
2636.1
2618.7
2654.4666666666667
2558.766666666667
2574.233333333333
2635.133333333333
2678.633333333333
2689.266666666667
2743.4
2622.5666666666666
2610.9666666666667
2615.8
2626.4333333333334
2621.6
2621.6
2641.9
2656.4
2685.4
2709.5666666666666
2677.6666666666665
2653.5
2679.6
2762.733333333333
2718.266666666667
2738.5666666666666
2725.0333333333333
2720.2
2752.1
2701.8333333333335
2683.4666666666667
2726.9666666666667
2736.633333333333
2757.9
2681.5333333333333
2648.6666666666665
2726.0
2685.4
2639.9666666666667
2667.0333333333333
2661.233333333333
2690.233333333333
2786.9
2870.0333333333333
2858.4333333333334
2897.1
2974.4333333333334
2917.4
2851.6666666666665
2840.0666666666666
2896.133333333333
2839.1
2890.3333333333335
2933.8333333333335
2954.133333333333
2846.8333333333335
2816.866666666667
2778.2
2732.766666666667
2694.1
2714.4
2674.766666666667
2746.3
2762.733333333333
2737.6
2718.266666666667
2724.0666666666666
2722.133333333333
2706.6666666666665
2777.233333333333
2708.6
2705.7
2630.3
2716.3333333333335
2794.633333333333
2813.0
2853.6
2856.5
2814.9333333333334
2872.9333333333334
2874.866666666667
2883.5666666666666
2860.366666666667
2850.7
2821.7
2928.0333333333333
2938.6666666666665
2969.6
2957.0333333333333
2947.366666666667
2933.8333333333335
2952.2
3019.866666666667
2958.0
2962.8333333333335
2933.8333333333335
2960.9
2912.5666666666666
2908.7
2923.2
2938.6666666666665
2936.733333333333
2938.6666666666665
2969.6
3047.9
3064.3333333333335
2977.3333333333335
3022.766666666667
3036.3
2929.0
2869.0666666666666
2909.6666666666665
2931.9
2987.9666666666667
2898.0666666666666
2942.5333333333333
2942.5333333333333
3047.9
3007.3
2987.0
2939.633333333333
2865.2
2788.8333333333335
2752.1
2804.3
2861.3333333333335
2840.0666666666666
2807.2
2872.9333333333334
2816.866666666667
2870.0333333333333
2904.8333333333335
2896.133333333333
2945.4333333333334
2941.5666666666666
2831.366666666667
2894.2
2827.5
2882.6
2874.866666666667
2901.9333333333334
2971.5333333333333
2968.633333333333
3016.0
2995.7
2951.233333333333
2976.366666666667
3031.4666666666667
3106.866666666667
3045.9666666666667
3048.866666666667
3032.4333333333334
3130.0666666666666
3068.2
3105.9
3041.133333333333
3006.3333333333335
2913.5333333333333
2871.9666666666667
2841.0333333333333
2891.3
2836.2
2875.8333333333335
2864.233333333333
2841.0333333333333
2936.733333333333
2867.133333333333
2876.8
2910.633333333333
2953.1666666666665
2895.1666666666665
2925.133333333333
2896.133333333333
2896.133333333333
2910.633333333333
2910.633333333333
2983.133333333333
3062.4
3043.0666666666666
2972.5
2980.233333333333
2947.366666666667
2935.766666666667
3045.9666666666667
3048.866666666667
2969.6
2963.8
2993.766666666667
2998.6
3093.3333333333335
2967.6666666666665
3025.6666666666665
2956.0666666666666
2999.5666666666666
2900.0
2793.6666666666665
2843.9333333333334
2868.1
2912.5666666666666
2919.3333333333335
2967.6666666666665
2955.1
2803.3333333333335
2813.0
2765.633333333333
2813.0
2797.5333333333333
2815.9
2828.4666666666667
2880.6666666666665
2887.4333333333334
2824.6
2766.6
2773.366666666667
2824.6
2786.9
2833.3
2850.7
2880.6666666666665
2770.4666666666667
2799.4666666666667
2771.4333333333334
2802.366666666667
2870.0333333333333
2895.1666666666665
2882.6
2875.8333333333335
2865.2
2888.4
2848.766666666667
2868.1
2813.0
2878.733333333333
2916.4333333333334
2903.866666666667
2796.5666666666666
2845.866666666667
2816.866666666667
2811.0666666666666
2872.9333333333334
2756.9333333333334
2846.8333333333335
2908.7
2929.0
2774.3333333333335
2819.766666666667
2842.9666666666667
2854.5666666666666
2879.7
2917.4
2958.9666666666667
2909.6666666666665
2888.4
2876.8
2924.1666666666665
2931.9
2910.633333333333
2954.133333333333
2909.6666666666665
2928.0333333333333
2990.866666666667
2992.8
3010.2
3050.8
2903.866666666667
2848.766666666667
2867.133333333333
2856.5
2808.1666666666665
2870.0333333333333
2950.266666666667
3006.3333333333335
2932.866666666667
2842.0
2840.0666666666666
2849.733333333333
2794.633333333333
2781.1
2823.633333333333
2784.0
2717.3
2750.1666666666665
2723.1
2770.4666666666667
2823.633333333333
2735.6666666666665
2819.766666666667
2823.633333333333
2846.8333333333335
2879.7
2810.1
2902.9
2946.4
2880.6666666666665
2810.1
2894.2
2973.4666666666667
2963.8
3012.133333333333
2923.2
2879.7
2922.233333333333
2891.3
2906.766666666667
2906.766666666667
2912.5666666666666
2949.3
2988.9333333333334
3011.1666666666665
2968.633333333333
2895.1666666666665
2903.866666666667
2968.633333333333
2895.1666666666665
2981.2
2968.633333333333
2969.6
2903.866666666667
2935.766666666667
2887.4333333333334
2855.5333333333333
2860.366666666667
2818.8
2777.233333333333
2827.5
2769.5
2735.6666666666665
2706.6666666666665
2713.4333333333334
2786.9
2769.5
2854.5666666666666
2779.1666666666665
2799.4666666666667
2856.5
2789.8
2917.4
2934.8
2896.133333333333
2920.3
2864.233333333333
2871.0
2818.8
2892.266666666667
2908.7
3006.3333333333335
2997.633333333333
2961.866666666667
2889.366666666667
3030.5
3089.4666666666667
3010.2
2997.633333333333
2948.3333333333335
2856.5
2852.633333333333
2842.9666666666667
2802.366666666667
2763.7
2820.733333333333
2910.633333333333
2881.633333333333
2827.5
2812.0333333333333
2791.733333333333
2801.4
2832.3333333333335
2819.766666666667
2858.4333333333334
2895.1666666666665
2859.4
2834.266666666667
2767.5666666666666
2876.8
2973.4666666666667
2905.8
2875.8333333333335
2901.9333333333334
3008.266666666667
2985.0666666666666
2915.4666666666667
2825.5666666666666
2853.6
2888.4
2822.6666666666665
2843.9333333333334
2832.3333333333335
2819.766666666667
2790.766666666667
2838.133333333333
2855.5333333333333
2853.6
2859.4
2836.2
2880.6666666666665
2885.5
2871.9666666666667
2800.4333333333334
2720.2
2781.1
2784.0
2766.6
2766.6
2738.5666666666666
2706.6666666666665
2760.8
2774.3333333333335
2814.9333333333334
2913.5333333333333
2929.0
2868.1
2904.8333333333335
2918.366666666667
2934.8
2910.633333333333
2926.1
2920.3
2743.4
2766.6
