16411.5 32446.966666666667 16391.533333333333
12678.133333333333 31234.3 21337.566666666666
10783.366666666667 29152.033333333333 25314.6
10636.566666666668 27100.566666666666 27512.866666666665
11736.066666666668 25245.733333333334 28268.2
13560.1 23772.566666666666 27917.333333333332
15417.666666666666 24043.533333333333 25788.8
17503.033333333333 23164.7 24582.266666666666
19860.366666666665 23092.1 22297.533333333333
22029.1 23550.533333333333 19670.366666666665
24474.466666666667 22243.2 18532.333333333332
26447.8 21375.7 17426.5
28371.3 20796.1 16082.6
30984.133333333335 19415.933333333334 14849.933333333332
31795.9 19799.233333333334 13654.866666666667
32040.466666666667 19983.733333333334 13225.8
33184.833333333336 19760.066666666666 12305.1
34055.4 18978.566666666666 12216.033333333333
34978.066666666666 18156.933333333334 12115.0
35587.5 17518.7 12143.8
36483.666666666664 17108.866666666665 11657.466666666667
37043.4 16664.766666666666 11541.833333333334
37056.833333333336 16926.566666666666 11266.6
36835.9 16971.3 11442.8
36694.8 17492.833333333332 11062.366666666667
37586.53333333333 16986.833333333332 10676.633333333333
36074.833333333336 18286.766666666666 10888.4
37004.566666666666 17599.266666666666 10646.166666666666
36797.3 18231.1 10221.6
37574.26666666667 17684.766666666666 9990.966666666667
36615.7 17770.033333333333 10864.266666666666
36237.4 18274.4 10738.2
37682.2 18371.966666666667 9195.833333333334
37657.5 18603.666666666668 8988.833333333334
38898.2 18500.233333333334 7851.566666666667
39412.36666666667 18167.1 7670.533333333334
40218.2 17497.833333333332 7533.966666666666
40811.433333333334 17447.0 6991.566666666667
40595.433333333334 17435.133333333335 7219.433333333333
40073.8 17981.566666666666 7194.633333333333
40309.73333333333 17388.866666666665 7551.4
40026.53333333333 18005.433333333334 7218.033333333334
39567.1 18178.733333333334 7504.166666666667
40996.8 16947.466666666667 7305.733333333334
40898.03333333333 16810.733333333334 7541.233333333334
42172.53333333333 15895.166666666666 7182.3
41871.7 16252.366666666667 7125.933333333333
42268.96666666667 15778.833333333334 7202.2
42677.03333333333 15426.433333333332 7146.533333333334
42119.2 15611.166666666666 7519.633333333333
42155.1 15385.933333333332 7708.966666666666
42074.933333333334 16081.8 7093.266666666666
41539.6 16719.633333333335 6990.766666666666
41259.73333333333 16413.566666666666 7576.7
41595.4 16189.3 7465.3
41549.833333333336 16083.266666666666 7616.9
41640.03333333333 16036.2 7573.766666666666
41136.53333333333 16129.733333333334 7983.733333333334
40423.26666666667 16258.7 8568.033333333333
41645.566666666666 15724.1 7880.333333333333
42158.86666666667 15341.633333333333 7749.5
42701.7 14717.3 7831.0
42461.76666666667 14994.933333333332 7793.3
42642.666666666664 14640.766666666666 7966.566666666667
44185.86666666667 13540.766666666666 7523.366666666667
44554.8 13712.533333333333 6982.666666666667
44157.7 13864.533333333333 7227.766666666666
43635.833333333336 14357.9 7256.266666666666
43584.9 14079.366666666667 7585.733333333334
43409.53333333333 14454.1 7386.366666666667
43570.46666666667 14069.433333333332 7610.1
43082.03333333333 14407.233333333334 7760.733333333334
42600.53333333333 14370.0 8279.466666666667
43205.066666666666 14112.333333333334 7932.6
41912.566666666666 14550.866666666667 8786.566666666668
41663.86666666667 14908.366666666667 8677.766666666666
40494.76666666667 15655.533333333333 9099.7
40640.933333333334 15292.433333333332 9316.633333333333
41455.6 14949.866666666667 8844.533333333333
40926.03333333333 15311.033333333333 9012.933333333332
40015.76666666667 15742.666666666666 9491.566666666668
40498.63333333333 15974.8 8776.566666666668
41316.433333333334 15512.0 8421.566666666668
42331.6 14876.466666666667 8041.933333333333
42345.7 14942.366666666667 7961.933333333333
44227.63333333333 13566.833333333334 7455.533333333334
43938.166666666664 13379.633333333333 7932.2
45068.666666666664 12928.166666666666 7253.166666666667
45294.9 12747.5 7207.6
44640.23333333333 13199.7 7410.066666666667
45975.333333333336 12332.933333333332 6941.733333333334
45208.0 13006.133333333333 7035.866666666667
45356.76666666667 13224.7 6668.533333333334
45638.1 13034.6 6577.3
46517.36666666667 12594.666666666666 6137.966666666666
46698.13333333333 12538.5 6013.366666666667
45624.4 13275.633333333333 6349.966666666666
45409.833333333336 13166.866666666667 6673.3
45673.96666666667 13159.066666666668 6416.966666666666
45286.03333333333 13523.8 6440.166666666667
45484.7 13424.0 6341.3
44559.8 14190.233333333334 6499.966666666666
43906.2 14594.466666666667 6749.333333333333
43611.6 14639.1 6999.3
43181.8 14845.333333333334 7222.866666666667
42690.13333333333 15215.9 7343.966666666666
42876.4 14986.033333333333 7387.566666666667
42923.13333333333 14735.1 7591.766666666666
41457.36666666667 15509.333333333334 8283.3
42665.96666666667 14306.0 8278.033333333333
42200.166666666664 14555.733333333334 8494.1
42727.666666666664 14289.9 8232.433333333332
43355.3 13741.9 8152.8
42844.666666666664 14108.033333333333 8297.3
44061.86666666667 13166.733333333334 8021.4
44036.6 13078.866666666667 8134.533333333334
45551.0 12149.033333333333 7549.966666666666
43928.933333333334 13211.266666666666 8109.8
43640.26666666667 13395.0 8214.733333333334
42129.833333333336 14527.233333333334 8592.933333333332
41805.8 14556.566666666668 8887.633333333333
42385.5 13991.0 8873.5
41542.03333333333 14473.5 9234.466666666667
42426.23333333333 13766.833333333334 9056.933333333332
42654.63333333333 13591.7 9003.666666666666
42328.86666666667 14067.633333333333 8853.5
42766.5 14303.166666666666 8180.333333333333
43298.566666666666 14031.666666666666 7919.766666666666
42471.53333333333 14996.666666666666 7781.8
43050.46666666667 14770.8 7428.733333333334
42258.9 14945.366666666667 8045.733333333334
42586.2 14776.6 7887.2
42407.833333333336 14951.466666666667 7890.7
43175.03333333333 14364.366666666667 7710.6
44797.6 12771.1 7681.3
45640.1 12611.566666666668 6998.333333333333
44392.9 13245.8 7611.3
45677.63333333333 12681.066666666668 6891.3
45576.3 12809.4 6864.3
43924.4 13782.766666666666 7542.833333333333
44184.73333333333 13665.9 7399.366666666667
43003.9 14766.266666666666 7479.833333333333
42547.3 14906.0 7796.7
43492.333333333336 14285.533333333333 7472.133333333333
43771.833333333336 13907.933333333332 7570.233333333334
43095.26666666667 14324.166666666666 7830.566666666667
43128.23333333333 14219.966666666667 7901.8
43907.76666666667 13496.033333333333 7846.2
42713.933333333334 14789.466666666667 7746.6
41596.76666666667 14849.333333333334 8803.9
42989.666666666664 13687.8 8572.533333333333
43231.3 13633.366666666667 8385.333333333334
43551.96666666667 13730.633333333333 7967.4
43049.76666666667 14108.0 8092.233333333334
43849.7 13551.133333333333 7849.166666666667
43588.8 13876.766666666666 7784.433333333333
43999.26666666667 13571.266666666666 7679.466666666666
43243.8 13675.2 8331.0
42179.23333333333 14494.1 8576.666666666666
42395.433333333334 14508.6 8345.966666666667
41824.166666666664 14964.033333333333 8461.8
42689.333333333336 14174.166666666666 8386.5
43960.63333333333 13494.7 7794.666666666667
43592.333333333336 13802.766666666666 7854.9
43348.9 13815.166666666666 8085.933333333333
42436.4 14059.066666666668 8754.533333333333
43683.7 13574.6 7991.7
43394.36666666667 13434.833333333334 8420.8
43277.4 13666.566666666668 8306.033333333333
42221.4 14302.033333333333 8726.566666666668
42038.1 14279.433333333332 8932.466666666667
42222.566666666666 14049.1 8978.333333333334
40944.433333333334 14757.133333333333 9548.433333333332
40908.566666666666 14422.733333333334 9918.7
42498.1 13693.2 9058.7
42208.23333333333 14383.8 8657.966666666667
42024.23333333333 14409.866666666667 8815.9
41784.933333333334 14753.633333333333 8711.433333333332
40994.36666666667 15566.966666666667 8688.666666666666
40901.2 15465.266666666666 8883.533333333333
41031.86666666667 14988.866666666667 9229.266666666666
41427.066666666666 14831.733333333334 8991.2
41861.23333333333 14300.566666666668 9088.2
42719.2 13759.266666666666 8771.533333333333
42337.333333333336 14121.2 8791.466666666667
42151.63333333333 14132.333333333334 8966.033333333333
41980.7 14126.0 9143.3
42554.6 14034.6 8660.8
42895.26666666667 13668.233333333334 8686.5
42497.833333333336 14048.266666666666 8703.9
42922.3 13474.133333333333 8853.566666666668
42454.1 13624.6 9171.3
43308.7 13624.2 8317.1
42478.73333333333 13870.066666666668 8901.2
42937.46666666667 13818.6 8493.933333333332
42794.73333333333 13793.433333333332 8661.833333333334
43857.76666666667 13159.4 8232.833333333334
43146.86666666667 13635.5 8467.633333333333
42868.4 13612.233333333334 8769.366666666667
43509.8 13458.066666666668 8282.133333333333
42980.7 13563.133333333333 8706.166666666666
41345.066666666666 14962.6 8942.333333333334
42008.1 14589.466666666667 8652.433333333332
43082.566666666666 13615.9 8551.533333333333
43861.9 13212.533333333333 8175.566666666667
43649.4 13436.0 8164.6
43096.933333333334 13456.4 8696.666666666666
44570.23333333333 12696.4 7983.366666666667
43637.23333333333 12844.566666666668 8768.2
44187.4 12798.033333333333 8264.566666666668
44968.7 12437.1 7844.2
44396.5 12940.433333333332 7913.066666666667
43814.63333333333 13287.566666666668 8147.8
43521.53333333333 13598.066666666668 8130.4
44358.23333333333 13038.066666666668 7853.7
44371.1 13150.466666666667 7728.433333333333
44723.5 12933.0 7593.5
44047.4 13227.466666666667 7975.133333333333
43750.333333333336 13702.566666666668 7797.1
44138.36666666667 13383.133333333333 7728.5
43241.1 13808.9 8200.0
43712.46666666667 13233.566666666668 8303.966666666667
42295.066666666666 14126.4 8828.533333333333
43839.63333333333 13150.733333333334 8259.633333333333
43104.53333333333 13796.433333333332 8349.033333333333
43476.833333333336 13564.433333333332 8208.733333333334
43353.53333333333 13623.066666666668 8273.4
41440.36666666667 14821.333333333334 8988.3
40629.53333333333 15098.966666666667 9521.5
40853.73333333333 15011.1 9385.166666666666
40247.166666666664 15068.2 9934.633333333333
41195.86666666667 14680.033333333333 9374.1
41360.2 14123.666666666666 9766.133333333333
40646.26666666667 14395.266666666666 10208.466666666667
41645.63333333333 13504.666666666666 10099.7
41585.6 13685.733333333334 9978.666666666666
40846.73333333333 13961.933333333332 10441.333333333334
41367.6 13850.833333333334 10031.566666666668
40007.2 14498.566666666668 10744.233333333334
40298.13333333333 14370.4 10581.466666666667
41023.53333333333 13767.033333333333 10459.433333333332
40454.433333333334 14432.166666666666 10363.4
40051.066666666666 14958.266666666666 10240.666666666666
40088.03333333333 14717.966666666667 10444.0
40168.86666666667 14723.066666666668 10358.066666666668
41736.23333333333 13740.866666666667 9772.9
40691.26666666667 14293.833333333334 10264.9
40997.166666666664 14198.7 10054.133333333333
41461.36666666667 13879.7 9908.933333333332
42327.03333333333 13349.466666666667 9573.5
41732.933333333334 13935.733333333334 9581.333333333334
41886.13333333333 13566.0 9797.866666666667
42536.7 13195.9 9517.4
42413.333333333336 13578.833333333334 9257.833333333334
42644.566666666666 13133.9 9471.533333333333
43077.53333333333 12976.3 9196.166666666666
42379.6 13104.4 9766.0
43806.36666666667 12291.166666666666 9152.466666666667
42592.4 13034.966666666667 9622.633333333333
41715.0 13626.8 9908.2
43243.433333333334 12507.566666666668 9499.0
42541.63333333333 12875.566666666668 9832.8
43097.76666666667 12855.6 9296.633333333333
41596.8 13930.533333333333 9722.666666666666
43124.566666666666 12999.6 9125.833333333334
42495.26666666667 13452.633333333333 9302.1
42291.13333333333 13576.033333333333 9382.833333333334
42653.9 13156.733333333334 9439.366666666667
42360.833333333336 13521.1 9368.066666666668
41586.0 13859.866666666667 9804.133333333333
41873.7 13931.133333333333 9445.166666666666
41630.8 13848.1 9771.1
42499.5 13277.233333333334 9473.266666666666
43017.53333333333 12926.6 9305.866666666667
42796.73333333333 13097.6 9355.666666666666
43223.333333333336 12759.2 9267.466666666667
42952.933333333334 13246.3 9050.766666666666
42195.46666666667 13561.833333333334 9492.7
42293.166666666664 13635.966666666667 9320.866666666667
43264.03333333333 12917.4 9068.566666666668
42402.36666666667 13531.6 9316.033333333333
43542.066666666666 12684.433333333332 9023.5
43524.26666666667 12678.166666666666 9047.566666666668
42352.333333333336 13580.233333333334 9317.433333333332
43593.86666666667 12717.7 8938.433333333332
42597.333333333336 13513.8 9138.866666666667
42833.46666666667 13618.833333333334 8797.7
42730.6 13909.766666666666 8609.633333333333
42818.46666666667 13368.4 9063.133333333333
43882.166666666664 13032.5 8335.333333333334
44187.96666666667 12635.3 8426.733333333334
43621.933333333334 13193.833333333334 8434.233333333334
42833.433333333334 13584.0 8832.566666666668
43127.166666666664 13396.366666666667 8726.466666666667
42599.2 13802.833333333334 8847.966666666667
42314.63333333333 14019.133333333333 8916.233333333334
41163.166666666664 14775.6 9311.233333333334
41698.8 14658.466666666667 8892.733333333334
41993.5 14401.533333333333 8854.966666666667
42640.76666666667 13710.133333333333 8899.1
42643.933333333334 13656.666666666666 8949.4
43971.96666666667 12710.833333333334 8567.2
43206.3 13380.633333333333 8663.066666666668
43125.4 13334.466666666667 8790.133333333333
43657.96666666667 12982.5 8609.533333333333
43354.26666666667 13107.366666666667 8788.366666666667
42615.066666666666 13410.133333333333 9224.8
43145.166666666664 13278.633333333333 8826.2
42582.0 13477.166666666666 9190.833333333334
43070.0 13066.366666666667 9113.633333333333
41092.76666666667 14477.866666666667 9679.366666666667
42108.73333333333 13863.533333333333 9277.733333333334
39960.333333333336 14986.833333333334 10302.833333333334
39675.73333333333 15208.166666666666 10366.1
40444.833333333336 14719.966666666667 10085.2
40960.53333333333 14148.766666666666 10140.7
41093.5 14558.5 9598.0
40208.1 14473.333333333334 10568.566666666668
40451.0 14447.966666666667 10351.033333333333
41159.96666666667 13991.133333333333 10098.9
41772.73333333333 13899.833333333334 9577.433333333332
41537.2 13761.533333333333 9951.266666666666
41390.066666666666 13790.4 10069.533333333333
41820.23333333333 13527.3 9902.466666666667
42012.8 13472.0 9765.2
41827.46666666667 13988.166666666666 9434.366666666667
42745.1 13388.266666666666 9116.633333333333
43042.933333333334 13031.533333333333 9175.533333333333
43286.166666666664 13066.033333333333 8897.8
43778.96666666667 12653.7 8817.333333333334
42783.76666666667 13379.166666666666 9087.066666666668
42751.066666666666 13565.833333333334 8933.1
42017.96666666667 14329.8 8902.233333333334
41612.53333333333 14450.733333333334 9186.733333333334
41734.6 14361.466666666667 9153.933333333332
40882.2 15048.933333333332 9318.866666666667
42032.23333333333 14048.366666666667 9169.4
41699.5 14144.466666666667 9406.033333333333
42603.7 13567.9 9078.4
41920.066666666666 13751.166666666666 9578.766666666666
41905.53333333333 13998.8 9345.666666666666
42854.8 13187.066666666668 9208.133333333333
41536.8 13949.9 9763.3
41929.76666666667 13742.133333333333 9578.1
41797.26666666667 13319.0 10133.733333333334
41527.03333333333 13856.833333333334 9866.133333333333
42057.0 13334.933333333332 9858.066666666668
42807.03333333333 13126.433333333332 9316.533333333333
43055.86666666667 12989.8 9204.333333333334
43069.166666666664 13335.766666666666 8845.066666666668
42002.433333333334 13817.133333333333 9430.433333333332
43042.9 13323.966666666667 8883.133333333333
41732.53333333333 14301.5 9215.966666666667
41813.3 14052.9 9383.8
42208.7 13848.8 9192.5
42231.2 14143.766666666666 8875.033333333333
42275.46666666667 14224.266666666666 8750.266666666666
41532.433333333334 14502.833333333334 9214.733333333334
42526.7 14237.033333333333 8486.266666666666
42726.26666666667 13927.9 8595.833333333334
41471.76666666667 14698.333333333334 9079.9
41955.46666666667 14221.7 9072.833333333334
42171.5 13951.766666666666 9126.733333333334
42472.36666666667 13899.0 8878.633333333333
42652.333333333336 13633.7 8963.966666666667
43427.46666666667 13178.666666666666 8643.866666666667
43134.2 13402.9 8712.9
43945.833333333336 12920.8 8383.366666666667
42971.666666666664 13741.533333333333 8536.8
43067.0 13359.133333333333 8823.866666666667
43743.36666666667 13123.433333333332 8383.2
43478.066666666666 13037.8 8734.133333333333
43700.5 13011.633333333333 8537.866666666667
43358.1 13280.4 8611.5
42421.3 13820.3 9008.4
41290.96666666667 14601.833333333334 9357.2
41986.1 14223.833333333334 9040.066666666668
41951.833333333336 13935.733333333334 9362.433333333332
41846.8 13870.466666666667 9532.733333333334
41597.63333333333 13896.3 9756.066666666668
42086.7 13533.633333333333 9629.666666666666
42119.26666666667 13677.066666666668 9453.666666666666
42913.0 13105.666666666666 9231.333333333334
43212.46666666667 12971.7 9065.833333333334
43062.3 12789.6 9398.1
44390.066666666666 12013.8 8846.133333333333
42307.8 13168.933333333332 9773.266666666666
41575.6 13738.1 9936.3
43192.566666666666 12851.1 9206.333333333334
43564.333333333336 12764.366666666667 8921.3
42940.3 13012.933333333332 9296.766666666666
42702.26666666667 13202.966666666667 9344.766666666666
42820.433333333334 13109.733333333334 9319.833333333334
42669.6 13209.133333333333 9371.266666666666
42735.76666666667 12953.166666666666 9561.066666666668
42709.23333333333 13228.966666666667 9311.8
42987.03333333333 13179.3 9083.666666666666
43539.23333333333 12609.4 9101.366666666667
43899.166666666664 12836.133333333333 8514.7
43663.46666666667 13042.466666666667 8544.066666666668
44129.933333333334 13068.066666666668 8052.0
43431.4 13180.6 8638.0
43501.6 12802.3 8946.1
43996.13333333333 12878.8 8375.066666666668
43347.73333333333 13162.166666666666 8740.1
43575.2 13206.1 8468.7
43058.5 13583.4 8608.1
44424.96666666667 12722.466666666667 8102.566666666667
44136.63333333333 13053.0 8060.366666666667
44531.36666666667 12913.0 7805.633333333333
44993.933333333334 12463.6 7792.466666666666
44506.96666666667 12975.5 7767.533333333334
44854.86666666667 12706.833333333334 7688.3
44821.13333333333 12963.0 7465.866666666667
45947.13333333333 12141.733333333334 7161.133333333333
44935.36666666667 12894.166666666666 7420.466666666666
45147.36666666667 12811.966666666667 7290.666666666667
46879.46666666667 11479.533333333333 6891.0
47336.23333333333 11284.366666666667 6629.4
48220.5 10900.066666666668 6129.433333333333
47025.0 11515.666666666666 6709.333333333333
47236.03333333333 11688.6 6325.366666666667
47047.566666666666 12007.2 6195.233333333334
47057.7 11938.033333333333 6254.266666666666
46815.23333333333 12044.9 6389.866666666667
46403.566666666666 12323.866666666667 6522.566666666667
46114.03333333333 12684.233333333334 6451.733333333334
47013.1 12049.966666666667 6186.933333333333
47691.933333333334 11625.033333333333 5933.033333333334
47331.333333333336 11866.333333333334 6052.333333333333
46365.333333333336 12592.3 6292.366666666667
46211.46666666667 12958.633333333333 6079.9
44886.7 13643.4 6719.9
44310.066666666666 13884.9 7055.033333333334
43126.4 14841.6 7282.0
43180.7 15002.266666666666 7067.033333333334
42253.36666666667 15485.666666666666 7510.966666666666
43446.76666666667 14529.033333333333 7274.2
43173.6 14399.366666666667 7677.033333333334
43860.23333333333 14065.9 7323.866666666667
43878.2 14136.466666666667 7235.333333333333
43488.86666666667 14238.666666666666 7522.466666666666
43087.03333333333 14713.0 7449.966666666666
43860.2 14310.8 7079.0
42624.933333333334 15089.0 7536.066666666667
44164.46666666667 14007.766666666666 7077.766666666666
44040.433333333334 13998.566666666668 7211.0
43597.36666666667 14274.8 7377.833333333333
43910.566666666666 14086.133333333333 7253.3
44108.86666666667 13915.933333333332 7225.2
44323.666666666664 13724.733333333334 7201.6
44203.333333333336 13796.6 7250.066666666667
44226.833333333336 13768.466666666667 7254.7
43371.9 14389.833333333334 7488.266666666666
43664.1 14517.333333333334 7068.566666666667
43429.26666666667 14397.366666666667 7423.366666666667
44325.03333333333 13737.533333333333 7187.433333333333
44043.26666666667 13805.0 7401.733333333334
44271.8 13446.066666666668 7532.133333333333
44539.933333333334 12901.566666666668 7808.5
44638.53333333333 13061.266666666666 7550.2
44721.833333333336 13078.9 7449.266666666666
44507.333333333336 13305.233333333334 7437.433333333333
44761.4 12861.266666666666 7627.333333333333
44009.6 13216.8 8023.6
44545.9 13080.5 7623.6
45134.26666666667 12469.033333333333 7646.7
44320.23333333333 12889.1 8040.666666666667
43926.7 13389.033333333333 7934.266666666666
43292.23333333333 13762.366666666667 8195.4
43431.96666666667 13590.466666666667 8227.566666666668
42917.7 13837.3 8495.0
42518.26666666667 13889.133333333333 8842.6
42074.4 14643.233333333334 8532.366666666667
43127.166666666664 14080.166666666666 8042.666666666667
42731.5 14400.366666666667 8118.133333333333
42649.8 14359.166666666666 8241.033333333333
43373.46666666667 13679.666666666666 8196.866666666667
44451.833333333336 12882.5 7915.666666666667
43717.1 13715.833333333334 7817.066666666667
42894.333333333336 13877.933333333332 8477.733333333334
44437.13333333333 13285.266666666666 7527.6
44019.63333333333 13566.366666666667 7664.0
44172.86666666667 13279.966666666667 7797.166666666667
44248.4 13440.166666666666 7561.433333333333
43374.36666666667 13857.533333333333 8018.1
44952.7 12814.6 7482.7
44805.5 12934.933333333332 7509.566666666667
43881.4 13491.2 7877.4
43431.46666666667 13989.2 7829.333333333333
43755.36666666667 13831.2 7663.433333333333
44274.26666666667 13514.766666666666 7460.966666666666
43826.6 13584.633333333333 7838.766666666666
43746.333333333336 13622.566666666668 7881.1
43425.4 13805.066666666668 8019.533333333334
41416.4 15039.966666666667 8793.633333333333
41878.0 14688.966666666667 8683.033333333333
41152.36666666667 14986.266666666666 9111.366666666667
42309.13333333333 14242.166666666666 8698.7
43361.7 13652.6 8235.7
43755.23333333333 13095.4 8399.366666666667
44251.46666666667 12761.4 8237.133333333333
44000.4 13046.6 8203.0
44258.166666666664 13157.766666666666 7834.066666666667
42328.9 14474.4 8446.7
43666.1 13684.033333333333 7899.866666666667
42893.63333333333 14031.733333333334 8324.633333333333
43878.433333333334 13306.8 8064.766666666666
43209.2 13774.4 8266.4
43338.63333333333 13371.7 8539.666666666666
44024.333333333336 13087.733333333334 8137.933333333333
43511.36666666667 13488.8 8249.833333333334
42783.8 14107.333333333334 8358.866666666667
42856.333333333336 13916.266666666666 8477.4
43324.7 13542.833333333334 8382.466666666667
41961.3 14527.1 8761.6
42291.1 14131.733333333334 8827.166666666666
42883.1 13976.433333333332 8390.466666666667
42904.433333333334 14149.466666666667 8196.1
42890.73333333333 14241.133333333333 8118.133333333333
43478.833333333336 13536.0 8235.166666666666
43764.433333333334 13368.933333333332 8116.633333333333
43237.066666666666 13556.366666666667 8456.566666666668
43708.73333333333 13344.233333333334 8197.033333333333
43236.23333333333 13495.5 8518.266666666666
42769.03333333333 13981.4 8499.566666666668
43622.833333333336 13593.0 8034.166666666667
43598.6 13443.566666666668 8207.833333333334
43758.73333333333 13378.566666666668 8112.7
43842.0 13358.833333333334 8049.166666666667
42650.0 13828.733333333334 8771.266666666666
42251.23333333333 14052.433333333332 8946.333333333334
43907.666666666664 13220.433333333332 8121.9
43547.6 13505.233333333334 8197.166666666666
43511.9 13465.733333333334 8272.366666666667
42372.933333333334 13862.533333333333 9014.533333333333
42345.933333333334 14173.233333333334 8730.833333333334
43882.166666666664 13053.2 8314.633333333333
42451.566666666666 13874.933333333332 8923.5
43267.2 13658.233333333334 8324.566666666668
43834.36666666667 13138.266666666666 8277.366666666667
42912.566666666666 13493.166666666666 8844.266666666666
43027.23333333333 13151.6 9071.166666666666
42746.933333333334 13635.566666666668 8867.5
42838.166666666664 13327.1 9084.733333333334
43363.5 13011.866666666667 8874.633333333333
43877.5 12675.366666666667 8697.133333333333
43525.23333333333 12799.566666666668 8925.2
43119.13333333333 13131.133333333333 8999.733333333334
42421.066666666666 13725.3 9103.633333333333
43003.066666666666 13652.966666666667 8593.966666666667
42204.5 13883.066666666668 9162.433333333332
43465.03333333333 13161.666666666666 8623.3
42575.86666666667 13622.2 9051.933333333332
42935.73333333333 13562.666666666666 8751.6
42901.53333333333 13365.966666666667 8982.5
43058.53333333333 13208.933333333332 8982.533333333333
43089.433333333334 13470.033333333333 8690.533333333333
43645.433333333334 12923.933333333332 8680.633333333333
42664.666666666664 13675.233333333334 8910.1
43397.6 13017.133333333333 8835.266666666666
42828.36666666667 13937.833333333334 8483.8
41237.73333333333 14923.766666666666 9088.5
42525.066666666666 14052.133333333333 8672.8
41563.2 14734.066666666668 8952.733333333334
41355.5 14379.033333333333 9515.466666666667
42549.333333333336 13821.133333333333 8879.533333333333
42575.46666666667 13751.9 8922.633333333333
42433.5 13792.3 9024.2
42960.9 13289.933333333332 8999.166666666666
41260.5 14524.1 9465.4
41335.433333333334 14349.9 9564.666666666666
40629.4 14814.9 9805.7
42036.7 14081.833333333334 9131.466666666667
42437.8 13712.4 9099.8
41559.666666666664 14448.8 9241.533333333333
40629.833333333336 15178.7 9441.466666666667
41563.6 14168.733333333334 9517.666666666666
41580.03333333333 14163.833333333334 9506.133333333333
40657.76666666667 14633.3 9958.933333333332
41567.1 13994.5 9688.4
42551.63333333333 13512.266666666666 9186.1
43268.36666666667 12933.033333333333 9048.6
43833.23333333333 12476.4 8940.366666666667
43355.46666666667 12801.666666666666 9092.866666666667
42894.46666666667 12975.633333333333 9379.9
42932.5 13031.266666666666 9286.233333333334
42191.9 13531.2 9526.9
42421.3 13425.833333333334 9402.866666666667
43372.76666666667 12725.0 9152.233333333334
42276.333333333336 13487.133333333333 9486.533333333333
42636.86666666667 13225.066666666668 9388.066666666668
42975.6 13009.233333333334 9265.166666666666
43176.8 12820.0 9253.2
43580.03333333333 12620.033333333333 9049.933333333332
42977.46666666667 13094.9 9177.633333333333
42548.8 13507.9 9193.3
42381.76666666667 13802.3 9065.933333333332
41654.566666666666 14077.166666666666 9518.266666666666
41629.0 14475.0 9146.0
 
320.96666666666664
3.6333333333333333
2.6
51.1
184.47096777481863
0.0
0.0
 
8809.766666666666 12963.133333333333 10876.533333333333 410.2310670016759 
8257.466666666667 11632.633333333333 10008.633333333333 493.0841959882039 
7691.7 10738.033333333333 9421.466666666667 646.1782792353482 
7678.666666666667 10222.733333333334 9186.9 1250.7081805920998 
7533.0 10235.233333333334 9221.266666666666 1737.2920158172092 
7883.433333333333 10448.566666666668 9438.866666666667 2314.1679640615735 
8345.6 10822.333333333334 9837.433333333332 2595.7814217174246 
8775.7 11109.666666666666 10166.6 2820.4184761012566 
9232.233333333334 11551.333333333334 10630.833333333334 2831.7013595873577 
9684.166666666666 11953.9 11110.3 2820.012177042267 
9908.233333333334 12394.366666666667 11468.8 2789.2850297761493 
10311.466666666667 12649.166666666666 11776.733333333334 2813.6556971511477 
10309.566666666668 12958.433333333332 12103.466666666667 2805.486761944252 
10996.466666666667 13263.766666666666 12487.966666666667 2938.8390100703223 
10984.733333333334 13499.5 12688.666666666666 2901.4548096314256 
10977.333333333334 13565.666666666666 12755.966666666667 2692.3121389533485 
11128.733333333334 13704.7 12962.5 2644.9016398850576 
11188.033333333333 13735.966666666667 13058.5 2775.1210485910938 
11309.033333333333 13796.1 13160.733333333334 2841.7710783945986 
11476.2 13855.833333333334 13218.9 2951.6503555920485 
11537.033333333333 13996.233333333334 13357.2 2976.379190336249 
11728.333333333334 14080.7 13424.633333333333 2920.8825475074027 
11641.466666666667 14049.6 13453.566666666668 2933.3879275790764 
11398.133333333333 14074.733333333334 13413.833333333334 2945.8209217088834 
11791.033333333333 14036.033333333333 13437.733333333334 2898.9296920108673 
12042.866666666667 14151.8 13565.533333333333 2893.962222993091 
11380.033333333333 14032.166666666666 13393.3 2852.8067716432065 
11581.566666666668 14116.766666666666 13510.366666666667 2883.1680479022452 
11472.966666666667 14337.0 13532.066666666668 2711.278113383264 
11786.366666666667 14372.266666666666 13632.8 2755.381407173969 
11428.333333333334 14156.833333333334 13449.8 2947.824289709277 
11634.933333333332 14116.733333333334 13424.433333333332 2763.54006613096 
11734.5 14384.166666666666 13723.166666666666 2521.8457096385227 
11895.033333333333 14378.6 13741.466666666667 2310.4934076705104 
11844.433333333332 14612.8 13979.166666666666 2154.417893770844 
12155.2 14686.266666666666 14048.766666666666 2111.5327637366495 
12171.166666666666 14763.966666666667 14143.066666666668 2135.436985958612 
12376.233333333334 14889.466666666667 14256.5 2163.1859074060185 
12127.6 14823.766666666666 14212.1 2153.086499268744 
11991.7 14808.5 14162.366666666667 2028.6947862822758 
12274.233333333334 14749.933333333332 14150.433333333332 2072.3962887332996 
12391.3 14788.133333333333 14155.433333333332 1894.4596102260343 
11848.333333333334 14701.7 14080.866666666667 1809.9108202708037 
12207.066666666668 14874.6 14243.666666666666 1826.76569111154 
12142.0 14840.166666666666 14210.166666666666 1933.769599627744 
12042.3 14978.2 14373.6 1906.8022121691938 
12471.4 14909.1 14349.133333333333 1813.8972906424442 
12253.333333333334 14918.033333333333 14381.233333333334 1909.350952112611 
12245.2 14986.1 14427.566666666668 1883.2287685721506 
12245.9 14956.433333333332 14334.566666666668 1902.5340923503986 
12130.066666666668 14990.833333333334 14319.233333333334 1992.9035928067922 
12146.366666666667 14970.5 14372.633333333333 1759.4307107698216 
12068.633333333333 14940.433333333332 14329.433333333332 1728.3887241847217 
12234.166666666666 14889.6 14242.866666666667 1745.1327226508206 
12183.733333333334 14896.666666666666 14287.5 1757.1550588949174 
11883.166666666666 14940.933333333332 14267.766666666666 1708.6175078115054 
12185.433333333332 14888.466666666667 14281.166666666666 1700.5621512377083 
12293.2 14904.766666666666 14189.866666666667 1740.5884464105172 
11675.7 14771.833333333334 14060.033333333333 1718.650114253108 
12089.333333333334 14954.9 14251.033333333333 1745.525590728732 
12183.366666666667 15016.333333333334 14315.466666666667 1602.9693221920656 
12033.033333333333 15063.0 14361.733333333334 1643.506343191626 
12102.833333333334 15038.9 14341.366666666667 1501.750397887597 
11956.633333333333 15020.366666666667 14342.2 1511.0556004550815 
12396.833333333334 15160.8 14540.8 1522.878691710757 
12369.766666666666 15273.2 14631.8 1407.7861229604446 
12565.766666666666 15193.3 14567.666666666666 1447.8383781808427 
12537.2 15127.766666666666 14512.566666666668 1423.9459371369717 
12439.666666666666 15086.366666666667 14474.466666666667 1396.0901668190668 
12479.633333333333 15143.8 14476.9 1395.126157616818 
12382.2 15136.666666666666 14470.633333333333 1313.5696168583274 
12305.033333333333 15064.166666666666 14406.733333333334 1166.45063852317 
12168.433333333332 15006.766666666666 14306.666666666666 1276.8654273475947 
12214.966666666667 15067.766666666666 14401.866666666667 1160.719466633614 
12076.233333333334 14896.4 14187.2 1250.0449845238904 
11833.966666666667 14939.533333333333 14173.1 1370.5839099935959 
11815.766666666666 14730.633333333333 14014.0 1334.0320658315025 
11910.166666666666 14731.066666666668 14007.033333333333 1523.4457242638405 
12183.233333333334 14751.9 14135.566666666668 1708.6822115953046 
11959.3 14734.133333333333 14065.966666666667 1744.810796651348 
11803.1 14613.033333333333 13926.966666666667 1826.9003942318377 
11734.466666666667 14780.366666666667 14046.866666666667 1625.9552253641205 
11724.866666666667 14922.366666666667 14164.033333333333 1479.043442003423 
12080.333333333334 14998.933333333332 14303.433333333332 1314.0526397370845 
12147.666666666666 15081.266666666666 14312.933333333332 1270.6073979269388 
12190.933333333332 15256.666666666666 14551.7 1338.799930908274 
12137.4 15150.6 14475.1 1511.7777081965457 
12076.266666666666 15379.8 14656.133333333333 1366.2629425228188 
12568.766666666666 15382.166666666666 14683.266666666666 1404.9151626027501 
12159.033333333333 15335.633333333333 14597.566666666668 1437.8621426347597 
12507.0 15418.666666666666 14777.966666666667 1486.157426534768 
12310.5 15367.966666666667 14691.766666666666 1414.3724813499448 
12273.733333333334 15352.666666666666 14743.433333333332 1082.5053212596952 
12511.433333333332 15371.633333333333 14780.566666666668 1083.7235950390875 
12747.366666666667 15556.5 14912.4 1062.633327791545 
12689.1 15531.9 14943.066666666668 1069.3080266643888 
12709.833333333334 15418.8 14802.0 1238.3468734567064 
12106.4 15399.6 14748.3 1382.17211108699 
12634.566666666668 15428.833333333334 14800.066666666668 1182.5416569594681 
12377.133333333333 15434.633333333333 14759.166666666666 1121.3616405463893 
12597.033333333333 15457.4 14788.9 1074.5549376369736 
12112.833333333334 15420.433333333332 14680.533333333333 1053.8156160142796 
12365.833333333334 15258.2 14590.133333333333 1205.705794959948 
12281.366666666667 15264.9 14535.8 1127.620690805793 
12108.9 15178.1 14470.333333333334 1179.305080780862 
11967.1 15133.533333333333 14409.1 1233.0760194191867 
12257.833333333334 15142.7 14423.433333333332 1248.1662089730767 
12061.466666666667 15092.066666666668 14407.633333333333 1368.3090161460848 
11748.333333333334 14902.566666666668 14191.9 1529.394388420898 
11849.133333333333 14982.233333333334 14313.333333333334 1569.1036089294919 
11901.6 14997.166666666666 14245.266666666666 1587.4195037509428 
12135.633333333333 15041.0 14324.033333333333 1646.8795177209806 
11971.333333333334 15092.866666666667 14394.766666666666 1722.3838002734599 
11992.1 15041.333333333334 14329.266666666666 1746.5731706846855 
12014.6 15167.1 14478.633333333333 1882.6236874815602 
12048.6 15172.1 14464.733333333334 1940.4495900005584 
12545.666666666666 15285.533333333333 14674.733333333334 1975.0157823560694 
12122.933333333332 15133.633333333333 14456.533333333333 1952.8990889330548 
12440.1 15108.133333333333 14417.133333333333 1971.8860084249854 
11844.2 14920.666666666666 14228.1 2028.2901272582615 
11930.166666666666 14933.333333333334 14166.433333333332 2027.51611691087 
12142.133333333333 14890.633333333333 14225.866666666667 2088.6924135555346 
11634.2 14787.1 14105.266666666666 2234.6041483647364 
11876.066666666668 14868.7 14211.4 2151.705473572069 
12161.966666666667 14899.3 14239.7 2276.1842393942247 
12114.866666666667 14821.466666666667 14222.166666666666 2065.4148422424864 
12081.166666666666 15008.5 14333.233333333334 1922.3380315820282 
12258.566666666668 15098.666666666666 14412.433333333332 1643.416490255725 
11793.633333333333 15057.733333333334 14343.566666666668 1411.9818683916114 
12016.0 15103.5 14436.8 1386.6164475682042 
12169.033333333333 14963.4 14295.766666666666 1340.2989641204017 
12029.0 15036.866666666667 14344.466666666667 1454.3999371256557 
12032.833333333334 15013.5 14326.166666666666 1196.3983391830666 
11906.0 15203.0 14420.966666666667 1280.4722255220272 
12429.366666666667 15220.833333333334 14586.1 1357.7710853944907 
12560.8 15337.233333333334 14738.766666666666 1266.727633664352 
12227.866666666667 15181.133333333333 14552.6 1307.3149719941252 
12293.933333333332 15336.6 14753.2 1267.0448439840895 
12117.1 15381.166666666666 14745.8 1304.082926044199 
12083.833333333334 15174.433333333332 14512.8 1317.9753360110094 
12215.4 15256.866666666667 14553.166666666666 1206.612502789893 
11985.033333333333 15139.6 14427.033333333333 1207.822801297166 
11986.233333333334 15110.166666666666 14349.566666666668 1258.459796382511 
12171.366666666667 15143.866666666667 14476.6 1148.3224552943886 
11868.933333333332 15197.733333333334 14494.7 1220.7841168691539 
12177.966666666667 15092.566666666668 14400.966666666667 1183.5108790280626 
11727.333333333334 15096.566666666668 14397.166666666666 1104.4964117943825 
11944.666666666666 15183.9 14480.6 1235.4966783983411 
11495.266666666666 15110.766666666666 14371.366666666667 1227.4458850257581 
11198.6 14909.266666666666 14153.833333333334 1201.9445167449842 
11952.6 14967.333333333334 14316.333333333334 1368.6384904552247 
11787.8 15035.8 14359.066666666668 1401.3623071457603 
12070.066666666668 15130.633333333333 14432.966666666667 1205.6898412204616 
12056.9 15064.833333333334 14370.3 1200.7466532675962 
12192.9 15104.766666666666 14474.633333333333 1263.1192488790946 
11919.6 15136.933333333332 14454.966666666667 1214.3317797135269 
11976.433333333332 15179.1 14506.6 1229.2381553900232 
12159.333333333334 15067.766666666666 14365.866666666667 1365.5892373298461 
12100.566666666668 14919.233333333334 14234.866666666667 1262.024000520152 
11396.566666666668 15003.366666666667 14279.466666666667 1254.7485321325898 
11784.766666666666 14933.566666666668 14210.8 1158.2428396785654 
11902.6 14975.666666666666 14304.733333333334 1203.0195722523479 
11977.6 15158.6 14491.2 1124.4029119196255 
11775.8 15144.0 14448.266666666666 1176.0255999197748 
11917.933333333332 15039.466666666667 14400.8 1177.9460065441594 
11991.733333333334 14942.8 14242.7 1252.011232111491 
11945.3 15150.366666666667 14443.766666666666 1219.0724642576054 
12127.733333333334 15044.266666666666 14371.9 1287.7647949062746 
11856.133333333333 15050.666666666666 14371.7 1477.6512965965055 
11660.766666666666 14910.666666666666 14223.966666666667 1586.373435544103 
11820.0 14915.133333333333 14185.033333333333 1689.812290331549 
11839.366666666667 14873.266666666666 14198.9 1806.0605764111754 
11364.366666666667 14731.8 14014.2 1763.5782592974617 
11137.5 14709.433333333332 13973.466666666667 1792.3416066388932 
11888.0 14920.666666666666 14218.533333333333 1638.7284561851945 
11610.8 14943.566666666668 14229.6 1404.856391237197 
11707.466666666667 14876.466666666667 14195.466666666667 1417.689027725521 
11819.3 14947.166666666666 14181.9 1407.6573144767867 
11624.6 14809.166666666666 14105.166666666666 1347.5350986564733 
11703.466666666667 14781.566666666668 14076.333333333334 1444.8318621901997 
11458.033333333333 14788.566666666668 14054.833333333334 1392.629173342439 
11518.133333333333 14839.933333333332 14118.1 1346.0914141815679 
11450.266666666666 14819.933333333332 14151.8 1456.8474705106687 
11773.433333333332 14938.366666666667 14269.3 1459.267575646541 
11690.3 14879.966666666667 14229.233333333334 1491.3078866104968 
11767.7 14852.533333333333 14193.066666666668 1424.8709989952697 
11648.333333333334 14869.933333333332 14158.366666666667 1393.4339615177719 
11692.7 14927.0 14263.866666666667 1431.048518550103 
11432.533333333333 14968.633333333333 14295.366666666667 1383.1757207801024 
11137.533333333333 14976.9 14253.833333333334 1257.6032281906548 
11575.3 15010.1 14281.466666666667 1361.796530078313 
11592.433333333332 14943.233333333334 14202.8 1300.0909557924529 
11407.133333333333 15127.366666666667 14373.666666666666 1144.615195212396 
11467.633333333333 14962.3 14232.3 1198.5000511750789 
11644.533333333333 15038.666666666666 14318.9 1083.089796831269 
11551.3 15021.233333333334 14287.866666666667 1060.7996173222873 
11305.2 15205.666666666666 14437.033333333333 1103.345418362818 
11354.033333333333 15056.933333333332 14342.5 1032.4219032611297 
11823.866666666667 14982.333333333334 14284.333333333334 1056.2898080335506 
11334.533333333333 15131.1 14397.333333333334 1089.0984197950156 
11421.866666666667 15034.8 14302.066666666668 1178.6711755192798 
11337.433333333332 14914.233333333334 14114.8 1192.0254963716172 
11211.133333333333 14953.4 14210.066666666668 1139.7154751174621 
11882.133333333333 15004.366666666667 14327.7 1258.3801008969167 
11802.466666666667 15155.9 14443.066666666668 1179.2453993974282 
11839.0 15140.366666666667 14423.033333333333 1110.6521779767259 
11816.5 15037.1 14314.566666666668 1225.3805932126652 
11712.633333333333 15260.866666666667 14533.3 1162.0167950593486 
11789.766666666666 15083.166666666666 14361.533333333333 1355.5903043405933 
11576.6 15241.5 14466.866666666667 989.9209657004609 
11913.4 15284.5 14587.1 1081.3699707623969 
11542.733333333334 15260.933333333332 14522.866666666667 1034.1696500091266 
11426.133333333333 15214.2 14441.233333333334 1098.2547281431976 
11631.733333333334 15141.933333333332 14413.6 1061.5086179584225 
11652.9 15251.9 14525.066666666668 1083.069444680257 
12251.8 15218.233333333334 14538.8 1212.4137434610898 
11949.7 15263.033333333333 14587.5 1235.6357588976884 
11935.933333333332 15141.866666666667 14481.666666666666 1287.102311222987 
11820.633333333333 15200.1 14469.866666666667 1307.1662955926204 
11796.233333333334 15226.566666666668 14515.566666666668 1307.3582284728068 
11463.866666666667 15123.266666666666 14378.633333333333 1276.7310641286642 
11741.9 15159.366666666667 14415.366666666667 1319.3091558758235 
11813.533333333333 14979.933333333332 14221.166666666666 1292.5254336633639 
11834.7 15122.233333333334 14432.5 1337.068142865825 
11576.4 15128.4 14350.066666666668 1351.7559008358146 
11745.533333333333 15130.966666666667 14401.433333333332 1207.8387067172687 
11617.433333333332 15102.766666666666 14382.466666666667 1250.2259110523453 
11341.833333333334 14875.333333333334 14119.766666666666 1299.945612793944 
11273.733333333334 14741.866666666667 13985.433333333332 1363.4441034462038 
11292.1 14836.766666666666 14021.466666666667 1367.1088863811187 
11435.8 14682.433333333332 13905.766666666666 1446.7782490762017 
11060.933333333332 14822.466666666667 14056.733333333334 1516.5630026477631 
11154.833333333334 14813.0 14033.933333333332 1629.155806340613 
10954.966666666667 14706.033333333333 13918.333333333334 1639.6702584496813 
11451.266666666666 14728.366666666667 14029.133333333333 1590.297897530173 
11159.066666666668 14781.533333333333 14035.266666666666 1586.6859813250176 
10732.7 14703.2 13915.066666666668 1606.6204079094448 
10904.5 14793.066666666668 14008.2 1335.6447565377055 
10711.066666666668 14614.033333333333 13800.8 1291.321610469935 
10792.533333333333 14650.633333333333 13846.233333333334 1251.5953371597386 
11083.1 14706.666666666666 13931.033333333333 1191.121176361909 
10442.4 14764.166666666666 13883.6 1215.9053599410329 
10456.766666666666 14690.3 13855.533333333333 1083.6695906860991 
10916.9 14645.733333333334 13839.0 1156.986303721872 
10670.033333333333 14709.266666666666 13855.633333333333 1208.3268560745933 
10899.2 14881.0 14070.933333333332 1112.3113824624634 
10957.1 14796.133333333333 13917.166666666666 1228.5102188784956 
10697.066666666668 14815.2 13968.866666666667 1055.950574443078 
10878.533333333333 14841.366666666667 14029.833333333334 1231.0035937757814 
11268.8 14908.0 14150.0 1130.1410849977979 
10915.766666666666 14925.4 14089.7 1009.0418349437582 
11046.433333333332 14876.6 14083.366666666667 1240.4799829994122 
11292.433333333332 14942.8 14176.566666666668 1139.2131805670867 
11191.8 15008.0 14190.133333333333 1053.812208180903 
11079.633333333333 14937.433333333332 14191.766666666666 1225.670910290904 
11139.0 15014.966666666667 14262.7 1156.480571244786 
10988.133333333333 14924.1 14135.966666666667 1160.9273028249634 
11571.3 15025.433333333332 14339.866666666667 1303.2967114633227 
10753.966666666667 14958.966666666667 14171.533333333333 1266.0321258430477 
10615.133333333333 14899.133333333333 14055.233333333334 1265.0793294405605 
11396.433333333332 14966.833333333334 14248.966666666667 1219.2122627609465 
11214.966666666667 14842.033333333333 14145.466666666667 1297.04169413837 
11456.1 14979.3 14254.7 1187.5697158482951 
11032.333333333334 14868.4 14062.0 1219.6783619736257 
11216.7 15006.433333333332 14274.4 1166.9803722999516 
10969.766666666666 14957.666666666666 14193.9 1211.306200897747 
11100.833333333334 14917.066666666668 14165.433333333332 1085.2976338825729 
11300.066666666668 14924.133333333333 14195.933333333332 1236.903528529565 
11129.0 14955.866666666667 14173.9 1245.228964621902 
11324.7 14792.1 14052.766666666666 1187.3174344808647 
11040.066666666668 14935.0 14117.333333333334 1165.3468034118523 
10571.333333333334 14819.966666666667 14060.5 1339.4835535882228 
11324.466666666667 14936.866666666667 14177.2 1262.8794514917088 
11360.133333333333 14965.633333333333 14245.7 1213.769220513796 
11390.833333333334 14954.6 14218.6 1216.674228652299 
11145.733333333334 15034.066666666668 14270.233333333334 1190.0833659874422 
11354.933333333332 15027.133333333333 14264.8 1097.6647504285331 
11359.033333333333 14915.666666666666 14144.8 1116.6168631182318 
10986.333333333334 14976.4 14171.766666666666 999.7836143108391 
11353.6 15034.966666666667 14293.966666666667 1014.8729704855788 
11077.166666666666 14919.366666666667 14183.233333333334 1126.181025511539 
11441.6 15022.433333333332 14326.433333333332 1092.989311475643 
12002.033333333333 15021.466666666667 14322.3 1132.3943790335004 
11419.8 14931.833333333334 14178.033333333333 1116.8955615653797 
11771.0 15081.566666666668 14340.2 1070.6183588624533 
11446.433333333332 14944.633333333333 14220.333333333334 1208.4812333393238 
11298.966666666667 15007.5 14278.2 1140.269299332399 
11405.866666666667 15028.866666666667 14286.7 1236.0509718454173 
11428.9 15050.1 14250.1 1185.1908850476366 
11434.5 15197.2 14429.166666666666 1027.7120671666748 
11498.366666666667 15191.566666666668 14450.7 1176.3417849417744 
11109.966666666667 15217.666666666666 14393.3 1221.9793703932428 
11347.133333333333 15099.266666666666 14274.666666666666 1175.2602132672102 
10985.1 15062.3 14314.733333333334 1172.6091025761505 
11335.933333333332 15020.233333333334 14249.733333333334 1252.456539720596 
11536.233333333334 14945.433333333332 14214.433333333332 1028.1047263992343 
11478.933333333332 14872.6 14059.733333333334 1085.0918797758814 
11245.0 14882.0 14155.133333333333 1008.7869388527987 
11307.166666666666 14984.6 14188.366666666667 1013.897491531236 
11579.266666666666 14991.666666666666 14248.733333333334 955.5414067427952 
11456.933333333332 14943.833333333334 14244.066666666668 1095.687827804982 
11673.8 15146.133333333333 14415.033333333333 1116.340272945485 
11619.7 15072.5 14328.866666666667 1109.9674966712614 
11283.466666666667 15040.833333333334 14308.1 1182.0146146868628 
11951.8 15138.9 14379.4 1217.3182825374797 
11342.4 15104.966666666667 14331.133333333333 1214.2363452438371 
11700.166666666666 14995.9 14213.5 1301.0007015114684 
11531.166666666666 15035.933333333332 14306.4 1000.5229820782066 
11335.033333333333 14964.933333333332 14213.633333333333 1281.2434724386567 
11467.966666666667 15013.866666666667 14270.233333333334 1187.115011417737 
10916.633333333333 14834.833333333334 14015.866666666667 1031.3500032050763 
11417.966666666667 14892.4 14157.733333333334 1138.5263093627268 
11080.433333333332 14655.7 13840.233333333334 1339.199570680603 
10496.9 14648.5 13805.5 1224.7934545601283 
10448.666666666666 14709.8 13910.533333333333 1076.3256641101812 
11315.733333333334 14723.933333333332 13956.5 1107.339664390892 
11039.6 14812.866666666667 14024.1 1064.3456520322711 
11001.8 14673.1 13838.5 1296.361787465212 
10988.033333333333 14702.466666666667 13884.5 1172.0284261342244 
11186.5 14785.233333333334 13980.666666666666 1146.1009406776623 
11140.366666666667 14815.566666666668 14094.166666666666 1166.4373599888584 
11187.033333333333 14788.466666666667 14033.2 1226.1269360605913 
11081.033333333333 14772.466666666667 14006.533333333333 1219.4197235661811 
11177.366666666667 14874.9 14066.333333333334 1403.7195483191554 
11277.333333333334 14872.3 14099.233333333334 1350.9411264415305 
11065.3 14911.0 14113.9 1380.1222082361644 
11353.9 15016.0 14237.4 1376.9194837268685 
11675.066666666668 15000.433333333332 14261.233333333334 1451.4635068708335 
11376.5 15043.566666666668 14313.4 1245.089115016806 
11691.033333333333 15121.866666666667 14370.733333333334 1519.13033999354 
11707.8 14983.266666666666 14244.2 1376.1252715505227 
11416.7 15034.133333333333 14256.466666666667 1318.9811997228096 
11358.166666666666 14976.4 14186.2 1239.63352433962 
11327.966666666667 14882.866666666667 14117.033333333333 1354.4697384749668 
11479.833333333334 14861.766666666666 14132.6 1223.1732382073549 
11081.866666666667 14795.133333333333 14030.8 1183.3348238488265 
11639.9 14861.5 14160.833333333334 1272.5858920149772 
11476.066666666668 14837.233333333334 14103.833333333334 1306.6632113899893 
11622.6 14930.866666666667 14227.0 1379.7050123124147 
11583.933333333332 14841.633333333333 14108.7 1467.5596007204158 
11500.4 14931.7 14130.533333333333 1320.6292558221376 
11655.666666666666 14946.4 14239.266666666666 1322.3230826423958 
10988.166666666666 14798.333333333334 14051.966666666667 1385.3125770421314 
11518.633333333333 14837.433333333332 14109.7 1376.3400219422524 
11394.7 14754.6 14040.833333333334 1533.2458662009242 
11201.733333333334 14785.6 14040.666666666666 1507.1543639514093 
11505.533333333333 14878.166666666666 14094.466666666667 1592.1001383916362 
11639.266666666666 14925.666666666666 14223.666666666666 1540.8028598032192 
11453.6 14991.266666666666 14259.766666666666 1492.990143749561 
11422.1 15043.6 14296.933333333332 1341.1880532241225 
11565.066666666668 14860.833333333334 14131.766666666666 1467.1933325608836 
12042.8 14975.266666666666 14290.5 1480.0252140870211 
11387.933333333332 14865.366666666667 14126.1 1398.402858144486 
11088.366666666667 14906.966666666667 14117.566666666668 1486.9416518852079 
11226.2 14903.166666666666 14176.166666666666 1416.4863542504665 
11351.1 14942.8 14210.166666666666 1257.5275272887227 
11325.766666666666 14945.566666666668 14227.0 1219.1325109820236 
11514.666666666666 14866.366666666667 14106.3 1225.1978704138637 
11419.566666666668 15047.6 14278.566666666668 1205.43955122879 
11209.933333333332 15051.266666666666 14287.633333333333 1086.9189420354928 
10976.7 14917.666666666666 14113.733333333334 1197.3382020131153 
11381.033333333333 14931.566666666668 14162.866666666667 1052.0302519414547 
11214.2 14963.866666666667 14179.066666666668 1275.2048418021143 
10798.0 15036.633333333333 14234.0 1209.6609020713202 
11125.2 15052.733333333334 14243.233333333334 1233.9289959312894 
11254.466666666667 15147.7 14352.966666666667 1217.9713246943777 
11287.266666666666 15084.8 14316.7 1117.0920999034354 
11651.5 15128.1 14430.766666666666 1246.8382627893463 
11456.833333333334 15072.233333333334 14318.166666666666 1184.8699904302675 
11202.266666666666 15074.066666666668 14298.766666666666 1257.372776069213 
11600.7 15118.433333333332 14410.566666666668 1176.2001708420592 
11667.933333333332 15022.533333333333 14348.933333333332 1293.278539818687 
11456.166666666666 15105.633333333333 14390.833333333334 1351.466820121341 
11395.6 15129.066666666668 14349.266666666666 1204.4537684960947 
11355.933333333332 14943.8 14215.833333333334 1134.3290725260363 
11174.0 14815.533333333333 14067.933333333332 1084.3548359892775 
11515.366666666667 14950.233333333334 14169.1 1162.78116528147 
11439.5 14858.833333333334 14133.466666666667 1104.5377104371664 
11219.533333333333 14849.866666666667 14105.866666666667 1181.605609423983 
11340.633333333333 14794.633333333333 14058.766666666666 1171.2247700116702 
11431.2 14827.4 14120.3 1282.9363355209796 
11135.366666666667 14893.8 14141.1 1135.8782833854457 
11423.133333333333 14957.6 14242.733333333334 1094.6803027977317 
11097.066666666668 15021.5 14289.266666666666 1180.1118397564414 
11206.266666666666 14975.933333333332 14240.966666666667 1294.570477717524 
11859.233333333334 15069.6 14428.966666666667 1283.6155683588966 
11530.566666666668 14839.5 14127.9 1343.6337611120077 
11142.8 14807.9 14038.466666666667 1327.185715757637 
11304.6 14982.6 14273.133333333333 1236.7553621831964 
11516.7 15014.9 14338.833333333334 1326.9300264980905 
11479.566666666668 14947.133333333333 14238.8 1226.386327658078 
11325.866666666667 14929.5 14210.266666666666 1224.5576072379952 
11602.166666666666 14924.233333333334 14224.633333333333 1257.3711959657912 
11524.766666666666 14951.833333333334 14204.366666666667 1334.322760554332 
11706.1 14906.7 14192.066666666668 1344.6451594297203 
11165.466666666667 14925.733333333334 14214.4 1269.3535077615954 
11654.666666666666 15025.366666666667 14264.9 1241.7911669573646 
11582.633333333333 15035.9 14318.233333333334 1282.2564748650457 
11870.166666666666 15122.733333333334 14412.966666666667 1194.380403482166 
11582.2 15116.0 14386.433333333332 1235.1658837761204 
11777.166666666666 15164.1 14482.3 1236.9413653578465 
11931.933333333332 15038.3 14353.9 1424.9664917697776 
11974.266666666666 15005.7 14330.133333333333 1662.1170235910317 
12043.733333333334 15067.666666666666 14436.6 1372.8437046267622 
11869.266666666666 15020.6 14335.233333333334 1276.1718945955345 
11651.4 15119.333333333334 14385.266666666666 1346.9810904801561 
11750.766666666666 15029.766666666666 14319.533333333333 1153.193095616592 
11957.833333333334 15203.7 14506.8 1118.3622078736387 
11990.233333333334 15186.133333333333 14482.166666666666 1023.8806240095679 
11836.1 15228.5 14547.166666666666 962.0521101617452 
12006.933333333332 15272.733333333334 14594.7 963.6105465037904 
12243.2 15260.5 14548.466666666667 1024.1903854590057 
12105.8 15253.3 14591.233333333334 1117.7561026449378 
11889.833333333334 15302.7 14610.1 1000.1778631823445 
12341.433333333332 15386.7 14753.2 1012.7810964533912 
11973.5 15306.033333333333 14625.966666666667 1022.5128055161189 
12212.966666666667 15328.1 14660.3 1020.4336194317914 
12521.3 15493.633333333333 14873.333333333334 1220.4017977698986 
12291.866666666667 15581.866666666667 14945.366666666667 1088.8502518712112 
12881.133333333333 15671.0 15083.766666666666 1055.410652252899 
12376.266666666666 15553.0 14906.2 1154.1138704651287 
12440.166666666666 15588.833333333334 14965.733333333334 1071.1556117888133 
12676.633333333333 15595.766666666666 14959.8 1070.9251642077209 
12600.933333333332 15584.133333333333 14954.966666666667 1149.736893815276 
12408.2 15530.833333333334 14917.2 1019.3469940767633 
12703.6 15501.1 14862.533333333333 1150.8605338808193 
12691.966666666667 15438.166666666666 14840.8 1026.798958738597 
12815.3 15542.933333333332 14957.166666666666 1031.4142038429027 
12844.3 15610.533333333333 15050.433333333332 948.0678865168068 
12923.8 15612.266666666666 15002.466666666667 1045.8069664670968 
12814.2 15465.466666666667 14881.866666666667 978.0383362743111 
12786.033333333333 15465.333333333334 14887.666666666666 1102.0499241060827 
12134.866666666667 15374.633333333333 14691.2 1059.3171061270243 
12247.666666666666 15275.233333333334 14600.066666666668 1088.2160601951557 
12250.8 15157.133333333333 14459.033333333333 1169.186151607652 
12207.866666666667 15154.9 14485.866666666667 1179.4708890948611 
11820.1 15005.433333333332 14348.733333333334 1277.209408480501 
12266.933333333332 15119.233333333334 14491.866666666667 1183.7525762966218 
12103.066666666668 15075.866666666667 14424.166666666666 1276.6934358812305 
12233.333333333334 15114.966666666667 14528.233333333334 1313.8518570726812 
12427.3 15109.933333333332 14538.866666666667 1313.1128045813716 
12028.6 15130.5 14471.233333333334 1185.4082404152775 
12457.533333333333 15071.333333333334 14438.266666666666 1283.859279498947 
11967.766666666666 15257.466666666667 14552.8 1340.6704720648795 
12075.733333333334 15039.2 14383.333333333334 1305.319695196034 
12282.8 15156.2 14583.2 1289.9180055336851 
12307.166666666666 15174.766666666666 14557.5 1365.0580684840238 
12111.233333333334 15101.4 14496.466666666667 1328.4694062466522 
12163.733333333334 15183.966666666667 14540.166666666666 1344.0226330766245 
12321.1 15170.466666666667 14562.933333333332 1336.720384623002 
12598.666666666666 15161.4 14586.833333333334 1351.7607584184418 
12417.7 15156.466666666667 14569.866666666667 1390.8323110841063 
12384.266666666666 15159.8 14571.7 1305.731192091236 
12199.6 15104.7 14462.9 1247.075187923059 
12237.2 15184.433333333332 14534.166666666666 1230.9683253439136 
12092.166666666666 15126.533333333333 14475.133333333333 1135.7765901698176 
12026.733333333334 15247.333333333334 14588.333333333334 1054.819642614056 
12595.266666666666 15150.5 14538.7 1253.3170099114325 
12279.1 15143.233333333334 14548.566666666668 1226.543461747506 
12417.066666666668 15171.3 14547.666666666666 1244.3161159180304 
12382.366666666667 15191.833333333334 14583.433333333332 1283.6389438709866 
12044.333333333334 15261.5 14601.8 1164.5076388757611 
12154.466666666667 15252.533333333333 14581.466666666667 1274.2545769106648 
12464.7 15259.0 14588.066666666668 1240.9389865026492 
12089.366666666667 15131.3 14473.133333333333 1364.173822420654 
12207.433333333332 15225.166666666666 14566.833333333334 1272.902653299842 
12614.266666666666 15189.033333333333 14623.3 1239.71723536727 
12283.433333333332 15131.433333333332 14502.533333333333 1340.1582947547654 
11762.5 15178.033333333333 14473.766666666666 1128.4607535636023 
11616.566666666668 15077.4 14384.266666666666 1167.990280638785 
12103.866666666667 14972.633333333333 14394.966666666667 1312.3119219318419 
12325.566666666668 14912.266666666666 14316.933333333332 1505.8625411297598 
12066.833333333334 14891.7 14242.066666666668 1431.5284471112996 
11646.366666666667 14921.033333333333 14228.666666666666 1336.7933601221494 
12028.533333333333 15021.533333333333 14383.033333333333 1332.4267880241841 
11714.066666666668 14968.4 14335.933333333332 1276.329693953199 
11575.7 15027.733333333334 14315.5 1287.938564916821 
12193.566666666668 15053.266666666666 14392.166666666666 1400.5790803965494 
12353.966666666667 15166.266666666666 14528.166666666666 1527.9707536104509 
11675.933333333332 15180.7 14464.633333333333 1248.3916166634394 
11694.166666666666 15021.7 14316.233333333334 1236.4990148713334 
11595.966666666667 15221.3 14565.5 1123.1782675366662 
11892.933333333332 15199.766666666666 14510.1 1045.3779366015592 
12124.7 15168.0 14512.033333333333 1181.8283051178703 
12323.1 15165.0 14543.266666666666 1104.193269566318 
11511.766666666666 15116.733333333334 14410.1 1215.2010374145232 
12096.566666666668 15232.266666666666 14621.633333333333 1121.2054892441042 
12329.8 15264.5 14604.033333333333 1171.7493379084492 
11856.566666666668 15155.866666666667 14474.933333333332 1125.75782228881 
11788.666666666666 15076.6 14434.8 903.6138496799024 
11921.133333333333 15149.233333333334 14483.8 1046.0256513744457 
12096.4 15220.366666666667 14555.866666666667 1190.6891755524518 
11855.233333333334 15168.7 14473.3 1155.2716798802494 
11518.633333333333 15176.866666666667 14461.033333333333 1239.7364896980682 
11700.666666666666 15101.9 14415.166666666666 1222.4705655170417 
11319.933333333332 14868.9 14136.8 1220.6667534589446 
11627.666666666666 14913.3 14194.066666666668 1297.1636426792454 
11306.533333333333 14829.9 14078.7 1206.1295704304189 
11641.333333333334 14911.066666666668 14235.533333333333 1277.3227751390364 
11569.5 15096.566666666668 14387.2 1149.8181537385233 
11701.6 15082.133333333333 14410.1 1251.8782747003265 
11904.133333333333 15161.466666666667 14475.966666666667 1246.829839499627 
11878.333333333334 15151.033333333333 14454.333333333334 1243.77882081627 
12069.5 15198.166666666666 14517.033333333333 1150.922595186623 
11761.733333333334 14985.7 14262.733333333334 1229.4484814112566 
11356.733333333334 15149.4 14451.133333333333 1113.5859050333247 
11565.166666666666 15024.9 14331.5 1196.4359319802015 
11654.6 15133.8 14456.0 1139.0281134955947 
11821.266666666666 15044.566666666668 14368.833333333334 1208.6212959860961 
11725.733333333334 15050.8 14354.4 1302.3249552243094 
11807.766666666666 15123.033333333333 14463.233333333334 1257.6321143765022 
11653.0 15090.6 14400.666666666666 1170.2159643985947 
11583.433333333332 15033.233333333334 14317.0 1218.5883179592142 
11754.033333333333 14963.1 14312.4 1197.5639392811836 
11934.7 15072.1 14368.8 1195.6692364529583 
11363.166666666666 14987.1 14194.5 1347.457379783618 
11724.933333333332 14943.0 14221.033333333333 1429.2297212912354 
11383.133333333333 15068.5 14323.8 1277.7859081238923 
11660.066666666668 15064.233333333334 14345.4 1065.455247926131 
11655.933333333332 15110.1 14351.8 1082.065865832575 
11585.4 15091.1 14398.866666666667 1122.7120329313698 
11958.266666666666 15151.033333333333 14439.3 1176.9731599885079 
11773.333333333334 15050.066666666668 14352.633333333333 1108.302376660409 
11765.933333333332 15130.1 14425.833333333334 1012.5722885031191 
11690.7 15018.566666666668 14346.366666666667 1089.1284799732716 
11448.4 15015.866666666667 14301.533333333333 1057.1115179267197 
11570.166666666666 15150.1 14433.466666666667 966.2316286596201 
11350.533333333333 15161.666666666666 14413.6 1056.0612117675755 
11860.266666666666 15120.633333333333 14439.166666666666 978.0860849979756 
11449.766666666666 15195.333333333334 14453.866666666667 964.7926131212515 
11491.3 14988.7 14262.466666666667 1075.1450035537841 
10965.333333333334 14980.066666666668 14205.1 1072.3842960120842 
11904.2 15126.566666666668 14453.166666666666 955.2877098317318 
11778.566666666668 15110.2 14409.7 1146.3975550974162 
11836.366666666667 15073.9 14398.466666666667 1114.6444141518853 
11424.6 14946.166666666666 14210.3 1160.1250696943555 
11405.766666666666 14979.966666666667 14236.066666666668 1082.9264804736797 
11966.0 15081.7 14431.266666666666 1088.7577437918255 
11389.1 14968.233333333334 14227.3 1149.189694813988 
11401.566666666668 15085.666666666666 14368.8 1012.0006701249429 
11759.366666666667 15090.833333333334 14430.1 1152.4006230473847 
11294.5 15029.8 14281.333333333334 1070.2788048499842 
11568.866666666667 14989.066666666668 14270.133333333333 1204.970149561114 
11587.533333333333 14986.533333333333 14262.466666666667 1049.385790037836 
11547.033333333333 14967.033333333333 14249.933333333332 1218.8828581487596 
11576.4 15051.833333333334 14323.433333333332 1121.418502017274 
11631.033333333333 15099.066666666668 14392.633333333333 1187.9505353057984 
11751.0 15004.866666666667 14334.6 1265.1246970160687 
11516.533333333333 14974.6 14286.5 1201.1855199482438 
11245.266666666666 14901.733333333334 14206.3 1238.6164909553993 
11941.733333333334 14998.833333333334 14315.533333333333 1107.4105123113911 
11619.766666666666 14884.533333333333 14178.833333333334 1013.3869274204529 
11818.1 14999.7 14358.7 971.3474908599907 
11615.3 14937.666666666666 14226.9 1162.0319384595246 
11441.933333333332 15014.1 14293.033333333333 1039.0895082822376 
11594.133333333333 14973.8 14266.433333333332 1191.2375332214626 
11468.966666666667 14998.8 14282.1 1133.6501182757695 
11722.933333333332 15018.166666666666 14314.466666666667 1148.2319673209668 
11527.0 15059.666666666666 14370.966666666667 1151.3349398753508 
11156.533333333333 14971.433333333332 14250.066666666668 1288.8412247269077 
12092.0 14962.833333333334 14330.733333333334 1209.713495373549 
11369.466666666667 15034.033333333333 14309.033333333333 1111.4072129512208 
11397.366666666667 14796.9 14089.4 1153.7046090746103 
11434.1 14939.833333333334 14259.8 1168.2619201189432 
10825.933333333332 14870.366666666667 14135.6 1279.2334665728536 
11258.1 14807.433333333332 14058.566666666668 1427.022422972627 
11517.466666666667 14928.8 14241.466666666667 1439.5954975077007 
11642.466666666667 14908.4 14239.766666666666 1340.239863730867 
11396.666666666666 14897.233333333334 14215.466666666667 1455.391253962697 
11733.033333333333 14977.066666666668 14270.733333333334 1414.2678780517106 
11481.866666666667 14735.566666666668 14054.133333333333 1329.880473618254 
11503.5 14785.266666666666 14051.633333333333 1415.4540257458027 
11189.4 14742.533333333333 13956.9 1461.3209265364449 
11424.333333333334 14842.466666666667 14165.033333333333 1426.8540429521474 
11783.1 14888.833333333334 14208.3 1331.5729783480388 
11174.733333333334 14805.666666666666 14106.3 1284.3244244867933 
11441.3 14718.3 13993.366666666667 1306.844175315311 
11329.8 14731.066666666668 14079.166666666666 1346.9770544940006 
11491.133333333333 14794.833333333334 14081.866666666667 1347.0135211315107 
11045.7 14679.0 13944.466666666667 1331.1483562448375 
11385.766666666666 14760.966666666667 14062.4 1332.815644791132 
11383.1 14937.8 14211.1 1249.054971301637 
11648.433333333332 15015.1 14296.533333333333 1303.258832951715 
11738.233333333334 15034.9 14363.9 1190.4396915985847 
11454.633333333333 15021.4 14300.866666666667 1237.2995365355596 
11522.133333333333 14940.933333333332 14226.0 1293.730088671255 
11419.666666666666 14937.9 14239.166666666666 1259.2595769825307 
11658.466666666667 14847.233333333334 14141.066666666668 1229.560142941821 
11267.266666666666 14930.333333333334 14176.366666666667 1155.3419059597322 
11481.166666666666 15020.333333333334 14296.533333333333 1212.603868082602 
11257.433333333332 14913.433333333332 14153.566666666668 1187.2393071510244 
10910.366666666667 14979.166666666666 14199.466666666667 1289.613085041832 
11409.733333333334 14951.7 14245.533333333333 1210.1888237883468 
11103.3 15008.7 14266.866666666667 1146.5539663608415 
11506.433333333332 15068.966666666667 14327.566666666668 1241.924366501886 
11374.266666666666 14973.733333333334 14254.5 1194.8832811897012 
11568.166666666666 14962.7 14210.066666666668 1177.350867602536 
11494.366666666667 14907.966666666667 14206.166666666666 1242.8927627380679 
11370.2 14791.7 14088.2 1348.4806379774238 
11280.533333333333 14815.833333333334 14122.933333333332 1259.973511802706 
 
1.604444444444445 1.4533333333333336 1.465555555555555 1.3988888888888886 1.5322222222222222 1.5088888888888887 1.4922222222222221 1.4833333333333334 1.5111111111111113 1.423333333333333 1.5255555555555549 1.4333333333333333 1.5000000000000002 1.4955555555555557 1.5122222222222221 1.5622222222222222 1.5077777777777779 1.5666666666666667 1.5488888888888892 1.5199999999999998 1.476666666666667 1.5233333333333334 1.4511111111111112 1.4133333333333336 1.438888888888889 1.4577777777777776 1.4466666666666665 1.4377777777777778 1.4744444444444442 1.3911111111111114 1.5055555555555553 
1.5066666666666668 1.4477777777777776 1.5022222222222223 1.5044444444444447 1.5511111111111109 1.5111111111111115 1.4944444444444445 1.458888888888889 1.4844444444444445 1.5388888888888888 1.53 1.5122222222222226 1.5322222222222224 1.5466666666666669 1.4744444444444442 1.5200000000000002 1.4944444444444445 1.472222222222222 1.4499999999999997 1.5377777777777775 1.464444444444444 1.4933333333333332 1.4899999999999998 1.4588888888888891 1.5388888888888883 1.4966666666666664 1.365555555555556 1.4722222222222223 1.5588888888888894 1.5177777777777774 1.4388888888888889 
1.5655555555555554 1.4744444444444442 1.4600000000000004 1.3999999999999997 1.6111111111111107 1.491111111111111 1.5022222222222223 1.4655555555555557 1.4977777777777779 1.5133333333333332 1.4711111111111106 1.52 1.4222222222222223 1.55 1.5155555555555555 1.4488888888888884 1.4133333333333336 1.452222222222222 1.4677777777777778 1.3566666666666662 1.4899999999999998 1.4511111111111108 1.6377777777777778 1.5611111111111111 1.5733333333333333 1.4844444444444442 1.4688888888888891 1.4788888888888887 1.486666666666667 1.4766666666666668 1.5500000000000003 
1.4300000000000002 1.4733333333333332 1.4899999999999998 1.4888888888888887 1.504444444444444 1.5533333333333337 1.0677777777777782 1.5544444444444447 1.4133333333333338 1.4466666666666665 1.096666666666667 1.5111111111111108 1.545555555555556 1.527777777777778 1.5499999999999998 1.5066666666666666 1.6466666666666667 1.5088888888888887 1.7966666666666666 1.4811111111111108 1.7011111111111108 1.5066666666666668 1.4799999999999998 1.4944444444444445 1.4444444444444442 1.5022222222222223 1.0911111111111114 1.5577777777777777 1.517777777777778 1.4400000000000004 1.2966666666666666 
1.4566666666666663 1.5177777777777777 1.5188888888888885 1.484444444444445 1.4344444444444442 1.5144444444444443 1.4777777777777774 1.5444444444444445 1.096666666666667 1.452222222222222 1.4699999999999998 1.51 1.5177777777777774 1.471111111111111 1.5422222222222222 1.4688888888888887 1.564444444444444 1.5544444444444443 1.7922222222222224 1.4277777777777776 1.5711111111111113 1.5133333333333332 1.4233333333333336 1.4722222222222223 1.4822222222222226 1.4544444444444449 1.551111111111111 1.4566666666666668 1.4066666666666667 1.5088888888888892 1.531111111111111 
1.4999999999999998 1.523333333333333 1.4433333333333336 1.4999999999999993 1.537777777777778 1.4522222222222225 1.4788888888888891 1.4444444444444444 1.6411111111111112 1.5322222222222224 1.5111111111111113 1.4188888888888889 1.4633333333333338 1.565555555555555 1.5044444444444447 1.4600000000000004 1.4388888888888889 1.5833333333333328 1.5977777777777777 1.4533333333333336 1.5100000000000002 1.4777777777777779 1.5011111111111115 1.4155555555555555 1.4855555555555557 1.586666666666667 1.491111111111111 1.5100000000000002 1.6077777777777778 1.501111111111111 1.4566666666666666 
1.5022222222222223 1.5333333333333334 1.4444444444444444 1.5666666666666667 1.5622222222222224 1.4266666666666665 1.7755555555555553 1.562222222222222 1.6188888888888888 1.4677777777777778 1.6733333333333333 1.6299999999999997 1.562222222222222 1.4800000000000002 1.5299999999999998 1.4899999999999998 1.5422222222222222 1.436666666666667 1.1611111111111112 1.5233333333333334 1.4466666666666663 1.4244444444444444 1.547777777777778 1.5233333333333332 1.5122222222222221 1.421111111111111 1.6244444444444446 1.5133333333333332 1.5188888888888887 1.4955555555555555 1.513333333333333 
 
870.0
1305.0
1527.3333333333333
1676.2
1755.4666666666667
1804.7666666666667
1838.6
1861.8
1911.1
1895.6333333333334
1941.0666666666666
1963.3
1972.9666666666667
2007.7666666666667
2022.2666666666667
2012.6
2062.866666666667
2073.5
2111.2
2090.9
2048.366666666667
2040.6333333333334
2096.7
2140.2
2191.4333333333334
2150.8333333333335
2139.233333333333
2117.9666666666667
2139.233333333333
2215.6
2166.3
2161.4666666666667
2186.6
2219.4666666666667
2240.733333333333
2270.7
2277.4666666666667
2268.766666666667
2333.5333333333333
2313.233333333333
2392.5
2384.766666666667
2378.9666666666667
2399.266666666667
2379.9333333333334
2399.266666666667
2382.8333333333335
2422.4666666666667
2334.5
2348.0333333333333
2363.5
2349.0
2360.6
2382.8333333333335
2418.6
2410.866666666667
2458.233333333333
2467.9
2422.4666666666667
2398.3
2384.766666666667
2455.3333333333335
2393.4666666666667
2447.6
2477.5666666666666
2433.1
2379.9333333333334
2418.6
2404.1
2425.366666666667
2379.9333333333334
2385.733333333333
2347.0666666666666
2405.0666666666666
2399.266666666667
2406.0333333333333
2376.0666666666666
2410.866666666667
2401.2
2322.9
2284.233333333333
2329.6666666666665
2372.2
2344.1666666666665
2376.0666666666666
2375.1
2394.4333333333334
2450.5
2414.733333333333
2410.866666666667
2478.5333333333333
2449.5333333333333
2481.4333333333334
2479.5
2402.1666666666665
2430.2
2471.766666666667
2435.0333333333333
2447.6
2429.233333333333
2441.8
2396.366666666667
2368.3333333333335
2418.6
2419.5666666666666
2406.0333333333333
2400.233333333333
2380.9
2447.6
2422.4666666666667
2450.5
2434.0666666666666
2407.0
2380.9
2383.8
2435.0333333333333
2537.5
2558.766666666667
2473.7
2437.9333333333334
2465.9666666666667
2487.233333333333
2435.0333333333333
2460.1666666666665
2478.5333333333333
2399.266666666667
2365.4333333333334
2386.7
2429.233333333333
2481.4333333333334
2454.366666666667
2395.4
2431.1666666666665
2461.133333333333
2494.9666666666667
2521.0666666666666
2505.6
2483.366666666667
2423.4333333333334
2367.366666666667
2415.7
2417.633333333333
2409.9
2445.6666666666665
2503.6666666666665
2539.4333333333334
2489.1666666666665
2479.5
2486.266666666667
2511.4
2581.0
2553.9333333333334
2558.766666666667
2527.8333333333335
2508.5
2494.0
2546.2
2494.9666666666667
2431.1666666666665
2463.0666666666666
2419.5666666666666
2509.4666666666667
2536.5333333333333
2596.4666666666667
2566.5
2604.2
2654.4666666666667
2658.3333333333335
2600.3333333333335
2549.1
2589.7
2522.0333333333333
2506.5666666666666
2526.866666666667
2551.0333333333333
2508.5
2514.3
2514.3
2539.4333333333334
2590.6666666666665
2555.866666666667
2576.1666666666665
2614.8333333333335
2600.3333333333335
2553.9333333333334
2530.733333333333
2524.9333333333334
2500.766666666667
2524.9333333333334
2494.0
2510.4333333333334
2535.5666666666666
2539.4333333333334
2586.8
2567.4666666666667
2556.8333333333335
2590.6666666666665
2544.266666666667
2578.1
2601.3
2558.766666666667
2534.6
2520.1
2547.1666666666665
2548.133333333333
2559.733333333333
2573.266666666667
2541.366666666667
2526.866666666667
2504.633333333333
2551.0333333333333
2638.0333333333333
2702.8
2684.4333333333334
2687.3333333333335
2636.1
2672.8333333333335
2577.133333333333
2547.1666666666665
2623.5333333333333
2638.0333333333333
2632.233333333333
2574.233333333333
2685.4
2611.9333333333334
2561.6666666666665
2560.7
2491.1
2520.1
2510.4333333333334
2541.366666666667
2498.8333333333335
2511.4
2550.0666666666666
2545.233333333333
2577.133333333333
2578.1
2636.1
2626.4333333333334
2564.5666666666666
2510.4333333333334
2579.0666666666666
2541.366666666667
2502.7
2554.9
2554.9
2526.866666666667
2514.3
2560.7
2613.866666666667
2639.0
2675.733333333333
2643.8333333333335
2704.733333333333
2782.0666666666666
2777.233333333333
2900.0
2823.633333333333
2809.133333333333
2759.8333333333335
2786.9
2679.6
2669.9333333333334
2614.8333333333335
2638.0333333333333
2714.4
2667.0333333333333
2669.9333333333334
2747.266666666667
2749.2
2796.5666666666666
2810.1
2839.1
2751.133333333333
2771.4333333333334
2726.9666666666667
2717.3
2747.266666666667
2784.0
2743.4
2697.9666666666667
2717.3
2604.2
2580.0333333333333
2601.3
2628.366666666667
2622.5666666666666
2635.133333333333
2674.766666666667
2668.0
2663.1666666666665
2614.8333333333335
2715.366666666667
2750.1666666666665
2702.8
2734.7
2781.1
2756.9333333333334
2790.766666666667
2822.6666666666665
2814.9333333333334
2747.266666666667
2722.133333333333
2706.6666666666665
2706.6666666666665
2700.866666666667
2636.1
2632.233333333333
2628.366666666667
2606.133333333333
2636.1
2668.9666666666667
2617.733333333333
2680.5666666666666
2681.5333333333333
2698.9333333333334
2755.0
2720.2
2811.0666666666666
2747.266666666667
2786.9
2748.233333333333
2729.866666666667
2724.0666666666666
2753.0666666666666
2786.9
2769.5
2763.7
2798.5
2776.266666666667
2765.633333333333
2712.4666666666667
2760.8
2658.3333333333335
2650.6
2629.3333333333335
2689.266666666667
2694.1
2754.0333333333333
2745.3333333333335
2787.866666666667
2819.766666666667
2722.133333333333
2678.633333333333
2645.766666666667
2639.0
2665.1
2648.6666666666665
2603.233333333333
2675.733333333333
2629.3333333333335
2681.5333333333333
2677.6666666666665
2637.0666666666666
2734.7
2628.366666666667
2645.766666666667
2666.0666666666666
2646.733333333333
2678.633333333333
2655.4333333333334
2581.9666666666667
2597.4333333333334
2657.366666666667
2603.233333333333
2579.0666666666666
2565.5333333333333
2570.366666666667
2596.4666666666667
2651.5666666666666
2662.2
2610.9666666666667
2588.733333333333
2578.1
2610.9666666666667
2666.0666666666666
2656.4
2624.5
2639.0
2632.233333333333
2679.6
2706.6666666666665
2740.5
2744.366666666667
2741.4666666666667
2639.9666666666667
2599.366666666667
2579.0666666666666
2675.733333333333
2681.5333333333333
2755.9666666666667
2761.766666666667
2687.3333333333335
2767.5666666666666
2746.3
2660.266666666667
2685.4
2711.5
2697.0
2743.4
2657.366666666667
2579.0666666666666
2637.0666666666666
2681.5333333333333
2673.8
2667.0333333333333
2676.7
2658.3333333333335
2733.733333333333
2698.9333333333334
2783.0333333333333
2690.233333333333
2713.4333333333334
2659.3
2644.8
2618.7
2666.0666666666666
2642.866666666667
2611.9333333333334
2600.3333333333335
2619.6666666666665
2610.9666666666667
2599.366666666667
2609.0333333333333
2596.4666666666667
2563.6
2573.266666666667
2605.1666666666665
2633.2
2541.366666666667
2551.0333333333333
2539.4333333333334
2580.0333333333333
2572.3
2502.7
2493.0333333333333
2474.6666666666665
2471.766666666667
2497.866666666667
2518.1666666666665
2461.133333333333
2485.3
2497.866666666667
2421.5
2457.266666666667
2479.5
2500.766666666667
2508.5
2493.0333333333333
2524.9333333333334
2602.266666666667
2589.7
2624.5
2609.0333333333333
2645.766666666667
2605.1666666666665
2641.9
2515.266666666667
2494.9666666666667
2486.266666666667
2512.366666666667
2512.366666666667
2408.9333333333334
2391.5333333333333
2394.4333333333334
2464.0333333333333
2520.1
2476.6
2515.266666666667
2603.233333333333
2550.0666666666666
2619.6666666666665
2581.9666666666667
2624.5
2655.4333333333334
2668.0
2636.1
2678.633333333333
2727.9333333333334
2645.766666666667
2644.8
2655.4333333333334
2615.8
2561.6666666666665
2519.133333333333
2610.0
2673.8
2672.8333333333335
2618.7
2650.6
2657.366666666667
2625.4666666666667
2674.766666666667
2662.2
2642.866666666667
2599.366666666667
2539.4333333333334
2528.8
2524.9333333333334
2513.3333333333335
2503.6666666666665
2598.4
2601.3
2668.9666666666667
2667.0333333333333
2717.3
2586.8
2568.4333333333334
2534.6
2625.4666666666667
2732.766666666667
2731.8
2703.766666666667
2619.6666666666665
2581.0
2581.0
2605.1666666666665
2649.633333333333
2701.8333333333335
2661.233333333333
2600.3333333333335
2627.4
2658.3333333333335
2664.133333333333
2601.3
2575.2
2557.8
2578.1
2435.0333333333333
2525.9
2468.866666666667
2517.2
2501.733333333333
2515.266666666667
2492.0666666666666
2447.6
2465.0
2539.4333333333334
2534.6
2658.3333333333335
2674.766666666667
2728.9
2709.5666666666666
2702.8
2778.2
2824.6
2771.4333333333334
2744.366666666667
2735.6666666666665
2709.5666666666666
2726.9666666666667
2809.133333333333
2767.5666666666666
2759.8333333333335
2741.4666666666667
2724.0666666666666
2689.266666666667
2698.9333333333334
2722.133333333333
2775.3
2776.266666666667
2703.766666666667
2653.5
2679.6
2625.4666666666667
2668.9666666666667
2613.866666666667
2600.3333333333335
2597.4333333333334
2610.0
2559.733333333333
2499.8
2522.0333333333333
2595.5
2579.0666666666666
2598.4
2597.4333333333334
2670.9
2623.5333333333333
2683.4666666666667
2700.866666666667
2638.0333333333333
2598.4
2638.0333333333333
2643.8333333333335
2661.233333333333
2622.5666666666666
2639.0
2659.3
2615.8
2658.3333333333335
2668.0
2651.5666666666666
2658.3333333333335
2661.233333333333
2688.3
2697.9666666666667
2683.4666666666667
2614.8333333333335
2654.4666666666667
