16209.8 32587.0 16453.2
12180.766666666666 30801.366666666665 22267.866666666665
10631.033333333333 28869.933333333334 25749.033333333333
10309.366666666667 26977.233333333334 27963.4
10707.133333333333 25436.0 29106.866666666665
12338.1 24011.9 28900.0
13320.966666666667 22463.566666666666 29465.466666666667
17090.8 20796.1 27363.1
19014.966666666667 21042.266666666666 25192.766666666666
21241.133333333335 20238.4 23770.466666666667
23378.933333333334 19604.9 22266.166666666668
25133.933333333334 19139.933333333334 20976.133333333335
27185.6 19199.466666666667 18864.933333333334
27822.733333333334 18703.233333333334 18724.033333333333
27154.1 19133.7 18962.2
28352.833333333332 18671.866666666665 18225.3
29772.133333333335 17766.133333333335 17711.733333333334
29410.233333333334 18643.133333333335 17196.633333333335
29746.766666666666 18922.2 16581.033333333333
29084.6 19365.9 16799.5
29711.1 19676.833333333332 15862.066666666668
30209.7 20132.833333333332 14907.466666666667
30915.366666666665 20088.3 14246.333333333334
31468.966666666667 20078.033333333333 13703.0
33782.066666666666 19133.666666666668 12334.266666666666
34482.13333333333 18495.1 12272.766666666666
36193.3 18141.866666666665 10914.833333333334
35768.433333333334 18462.166666666668 11019.4
36469.96666666667 17526.066666666666 11253.966666666667
36313.96666666667 17917.266666666666 11018.766666666666
37088.433333333334 17639.133333333335 10522.433333333332
37405.666666666664 17386.866666666665 10457.466666666667
38134.433333333334 17039.333333333332 10076.233333333334
39302.3 16387.6 9560.1
38837.36666666667 16709.166666666668 9703.466666666667
39129.3 16428.366666666665 9692.333333333334
39455.933333333334 16578.166666666668 9215.9
39006.666666666664 16971.933333333334 9271.4
40063.833333333336 16442.7 8743.466666666667
39200.63333333333 16940.8 9108.566666666668
39650.86666666667 17128.8 8470.333333333334
40243.066666666666 16671.333333333332 8335.6
40700.8 16498.666666666668 8050.533333333334
42032.23333333333 15674.166666666666 7543.6
41893.5 15718.133333333333 7638.366666666667
42541.53333333333 15196.666666666666 7511.8
42772.2 15095.6 7382.2
43566.1 14602.7 7081.2
44812.6 13817.933333333332 6619.466666666666
43568.03333333333 14578.1 7103.866666666667
43266.6 14619.766666666666 7363.633333333333
42709.46666666667 15030.166666666666 7510.366666666667
42633.86666666667 14829.7 7786.433333333333
42848.7 15073.033333333333 7328.266666666666
42528.6 15320.9 7400.5
42627.86666666667 15071.966666666667 7550.166666666667
42796.26666666667 15462.0 6991.733333333334
44899.86666666667 14058.4 6291.733333333334
44739.3 13878.533333333333 6632.166666666667
45533.433333333334 13191.1 6525.466666666666
44237.63333333333 14185.566666666668 6826.8
43475.86666666667 14523.1 7251.033333333334
43513.3 14669.133333333333 7067.566666666667
43138.833333333336 14793.233333333334 7317.933333333333
43276.2 14881.066666666668 7092.733333333334
43364.4 14666.166666666666 7219.433333333333
43390.3 14561.133333333333 7298.566666666667
43461.03333333333 14391.2 7397.766666666666
43783.0 14408.933333333332 7058.066666666667
44148.53333333333 13891.766666666666 7209.7
43339.03333333333 14378.966666666667 7532.0
43773.63333333333 13972.533333333333 7503.833333333333
43984.96666666667 14233.0 7032.033333333334
43633.73333333333 14129.1 7487.166666666667
44397.13333333333 13482.033333333333 7370.833333333333
44035.433333333334 13871.9 7342.666666666667
45633.7 12988.933333333332 6627.366666666667
44023.9 13669.8 7556.3
44290.666666666664 13308.8 7650.533333333334
44380.86666666667 13226.5 7642.633333333333
45548.86666666667 12667.466666666667 7033.666666666667
45115.46666666667 12959.4 7175.133333333333
44631.8 13290.366666666667 7327.833333333333
44656.4 13417.5 7176.1
45086.46666666667 13225.966666666667 6937.566666666667
44338.066666666666 13681.666666666666 7230.266666666666
43741.5 14102.966666666667 7405.533333333334
44040.2 13573.966666666667 7635.833333333333
43676.166666666664 13571.233333333334 8002.6
43848.26666666667 13119.3 8282.433333333332
44809.333333333336 12571.5 7869.166666666667
44362.833333333336 12433.0 8454.166666666666
43121.566666666666 13085.3 9043.133333333333
42574.166666666664 13143.1 9532.733333333334
43823.13333333333 12292.2 9134.666666666666
42770.9 12932.066666666668 9547.033333333333
43403.96666666667 12078.333333333334 9767.7
43156.066666666666 12798.066666666668 9295.866666666667
43533.8 12475.666666666666 9240.533333333333
44654.666666666664 11900.233333333334 8695.1
44822.86666666667 12066.0 8361.133333333333
44870.23333333333 12257.966666666667 8121.8
44492.4 12717.7 8039.9
44055.7 12777.433333333332 8416.866666666667
43827.933333333334 12797.533333333333 8624.533333333333
44054.166666666664 12858.733333333334 8337.1
44208.166666666664 12761.5 8280.333333333334
43542.433333333334 13328.566666666668 8379.0
43087.4 13621.0 8541.6
42058.0 14391.133333333333 8800.866666666667
42148.1 14318.166666666666 8783.733333333334
42966.86666666667 14453.9 7829.233333333334
41851.13333333333 15251.1 8147.766666666666
42938.73333333333 14911.2 7400.066666666667
43343.566666666666 14665.333333333334 7241.1
43838.833333333336 14523.766666666666 6887.4
43669.0 14547.766666666666 7033.233333333334
43954.36666666667 14534.0 6761.633333333333
44571.333333333336 13846.166666666666 6832.5
44547.066666666666 13757.5 6945.433333333333
44348.03333333333 13686.8 7215.166666666667
44872.1 13541.033333333333 6836.866666666667
44798.36666666667 13702.466666666667 6749.166666666667
43285.1 14692.233333333334 7272.666666666667
43296.53333333333 14313.833333333334 7639.633333333333
44767.26666666667 13448.833333333334 7033.9
44771.4 13480.166666666666 6998.433333333333
45933.333333333336 12462.666666666666 6854.0
45102.1 13245.9 6902.0
45377.3 12994.566666666668 6878.133333333333
44732.333333333336 13322.1 7195.566666666667
44679.566666666666 13404.833333333334 7165.6
43364.333333333336 14316.4 7569.266666666666
43808.23333333333 14011.066666666668 7430.7
43898.76666666667 13872.3 7478.933333333333
44711.6 13316.933333333332 7221.466666666666
43291.166666666664 14251.1 7707.733333333334
42761.96666666667 14492.466666666667 7995.566666666667
42478.066666666666 14648.866666666667 8123.066666666667
41618.8 14954.866666666667 8676.333333333334
41728.333333333336 14759.2 8762.466666666667
42116.73333333333 14432.233333333334 8701.033333333333
43849.4 13105.3 8295.3
43228.3 13500.266666666666 8521.433333333332
43453.9 13308.5 8487.6
43068.53333333333 13657.433333333332 8524.033333333333
43575.3 13349.7 8325.0
42854.166666666664 13558.333333333334 8837.5
43655.933333333334 12973.0 8621.066666666668
43773.7 12799.1 8677.2
44096.9 12158.166666666666 8994.933333333332
44346.166666666664 11916.866666666667 8986.966666666667
44912.7 11570.1 8767.2
45133.46666666667 11843.7 8272.833333333334
43355.066666666666 13064.2 8830.733333333334
44205.9 12667.133333333333 8376.966666666667
44100.53333333333 12573.466666666667 8576.0
43477.46666666667 12976.1 8796.433333333332
43630.4 12959.366666666667 8660.233333333334
45097.2 11943.5 8209.3
43898.13333333333 12776.533333333333 8575.333333333334
44571.73333333333 12491.333333333334 8186.933333333333
44708.26666666667 12473.266666666666 8068.466666666666
44511.4 12536.966666666667 8201.633333333333
45692.76666666667 12198.9 7358.333333333333
44357.066666666666 12803.3 8089.633333333333
44292.86666666667 13115.5 7841.633333333333
44839.166666666664 12800.7 7610.133333333333
44548.066666666666 12796.933333333332 7905.0
44379.8 12721.933333333332 8148.266666666666
45830.96666666667 12267.5 7151.533333333334
45379.86666666667 12807.5 7062.633333333333
46060.76666666667 12544.033333333333 6645.2
46288.166666666664 12784.766666666666 6177.066666666667
46121.86666666667 12787.566666666668 6340.566666666667
45794.066666666666 13078.7 6377.233333333334
45930.13333333333 12642.833333333334 6677.033333333334
45563.36666666667 13058.766666666666 6627.866666666667
45063.6 13493.7 6692.7
44501.166666666664 13604.066666666668 7144.766666666666
45268.26666666667 13102.133333333333 6879.6
45490.96666666667 13003.333333333334 6755.7
44933.933333333334 13844.033333333333 6472.033333333334
45844.1 13426.0 5979.9
44205.23333333333 13938.1 7106.666666666667
45025.26666666667 13601.866666666667 6622.866666666667
44820.13333333333 13601.833333333334 6828.033333333334
44138.833333333336 13990.866666666667 7120.3
45464.03333333333 13210.833333333334 6575.133333333333
44416.63333333333 13791.566666666668 7041.8
44700.7 13439.133333333333 7110.166666666667
45451.6 12748.733333333334 7049.666666666667
45197.36666666667 12874.833333333334 7177.8
44630.066666666666 13041.733333333334 7578.2
44674.2 13064.133333333333 7511.666666666667
44797.7 12946.166666666666 7506.133333333333
44002.066666666666 13642.3 7605.633333333333
44033.9 13242.3 7973.8
44338.96666666667 13265.133333333333 7645.9
44118.433333333334 13328.666666666666 7802.9
44288.6 12883.933333333332 8077.466666666666
43848.933333333334 13474.066666666668 7927.0
43918.833333333336 13134.5 8196.666666666666
44252.13333333333 13134.633333333333 7863.233333333334
44871.96666666667 12761.2 7616.833333333333
44542.63333333333 12973.9 7733.466666666666
44554.63333333333 13226.066666666668 7469.3
43958.23333333333 13541.966666666667 7749.8
43072.36666666667 13850.4 8327.233333333334
43831.86666666667 13303.366666666667 8114.766666666666
44002.13333333333 13093.333333333334 8154.533333333334
43440.0 13266.266666666666 8543.733333333334
44096.73333333333 13077.5 8075.766666666666
43734.933333333334 13411.233333333334 8103.833333333333
42883.8 13885.466666666667 8480.733333333334
45017.5 12628.733333333334 7603.766666666666
44047.433333333334 13125.466666666667 8077.1
43793.76666666667 13392.833333333334 8063.4
44675.73333333333 12958.766666666666 7615.5
44001.73333333333 13314.866666666667 7933.4
45005.833333333336 12649.933333333332 7594.233333333334
44656.23333333333 12689.933333333332 7903.833333333333
44476.96666666667 12865.6 7907.433333333333
44951.63333333333 12809.766666666666 7488.6
44440.933333333334 12935.733333333334 7873.333333333333
45156.63333333333 12739.8 7353.566666666667
43361.5 13674.9 8213.6
43509.833333333336 14044.133333333333 7696.033333333334
43506.8 13770.3 7972.9
43820.1 13567.833333333334 7862.066666666667
44130.4 13326.633333333333 7792.966666666666
45629.666666666664 12178.966666666667 7441.366666666667
45179.333333333336 12323.2 7747.466666666666
46019.03333333333 11863.1 7367.866666666667
45938.63333333333 11817.033333333333 7494.333333333333
45345.066666666666 12407.066666666668 7497.866666666667
44368.0 12759.666666666666 8122.333333333333
45003.13333333333 12412.133333333333 7834.733333333334
44417.7 12864.3 7968.0
43916.4 13000.866666666667 8332.733333333334
45180.8 12312.066666666668 7757.133333333333
44779.53333333333 12768.7 7701.766666666666
44300.23333333333 13168.933333333332 7780.833333333333
44368.666666666664 13217.633333333333 7663.7
44535.066666666666 12847.133333333333 7867.8
44461.433333333334 12773.9 8014.666666666667
44499.3 13002.833333333334 7747.866666666667
43976.933333333334 13616.666666666666 7656.4
44610.73333333333 12939.1 7700.166666666667
43682.13333333333 13423.466666666667 8144.4
42717.1 13999.133333333333 8533.766666666666
43344.73333333333 13593.133333333333 8312.133333333333
42713.833333333336 13931.233333333334 8604.933333333332
42503.166666666664 13732.733333333334 9014.1
42994.166666666664 13529.633333333333 8726.2
42494.03333333333 13941.5 8814.466666666667
44172.433333333334 12763.4 8314.166666666666
44714.8 12259.333333333334 8275.866666666667
44851.666666666664 12526.4 7871.933333333333
43523.666666666664 13400.766666666666 8325.566666666668
43183.5 13580.9 8485.6
43723.166666666664 13367.133333333333 8159.7
43131.566666666666 13409.066666666668 8709.366666666667
43172.76666666667 13490.933333333332 8586.3
43755.8 13023.9 8470.3
42689.46666666667 13543.533333333333 9017.0
41930.566666666666 13736.7 9582.733333333334
42181.566666666666 13728.033333333333 9340.4
43189.26666666667 13232.966666666667 8827.766666666666
42347.23333333333 13691.4 9211.366666666667
43303.433333333334 13056.2 8890.366666666667
44105.76666666667 12308.6 8835.633333333333
43815.933333333334 12688.9 8745.166666666666
43863.63333333333 12422.3 8964.066666666668
44253.13333333333 12349.0 8647.866666666667
43758.96666666667 12685.333333333334 8805.7
44416.666666666664 12460.3 8373.033333333333
45115.066666666666 11999.333333333334 8135.6
44553.23333333333 12243.033333333333 8453.733333333334
44258.566666666666 12438.066666666668 8553.366666666667
44198.6 12585.666666666666 8465.733333333334
43742.933333333334 12701.866666666667 8805.2
43580.7 13097.033333333333 8572.266666666666
44361.666666666664 12564.866666666667 8323.466666666667
44328.8 12599.366666666667 8321.833333333334
44649.46666666667 12549.133333333333 8051.4
43654.666666666664 13205.966666666667 8389.366666666667
44665.03333333333 12458.166666666666 8126.8
44658.666666666664 12723.533333333333 7867.8
44567.7 12687.566666666668 7994.733333333334
44500.03333333333 12726.4 8023.566666666667
43666.5 13376.133333333333 8207.366666666667
43906.26666666667 13027.6 8316.133333333333
44509.3 12442.233333333334 8298.466666666667
44359.53333333333 12585.533333333333 8304.933333333332
43975.9 12932.6 8341.5
43901.2 12809.5 8539.3
44864.96666666667 12372.133333333333 8012.9
44865.26666666667 12196.066666666668 8188.666666666667
44081.833333333336 12901.266666666666 8266.9
45538.6 11940.966666666667 7770.433333333333
45232.566666666666 12168.633333333333 7848.8
44521.066666666666 12829.866666666667 7899.066666666667
45366.566666666666 12251.6 7631.833333333333
45174.4 12591.266666666666 7484.333333333333
44639.6 12752.166666666666 7858.233333333334
44654.9 12770.966666666667 7824.133333333333
44918.26666666667 12742.7 7589.033333333334
45829.933333333334 12011.533333333333 7408.533333333334
45349.166666666664 12560.6 7340.233333333334
45216.96666666667 12508.4 7524.633333333333
45064.5 12754.966666666667 7430.533333333334
45067.433333333334 12507.1 7675.466666666666
45779.73333333333 12195.4 7274.866666666667
44963.86666666667 12543.366666666667 7742.766666666666
44593.96666666667 12925.1 7730.933333333333
45903.566666666666 12252.6 7093.833333333333
45628.166666666664 12097.2 7524.633333333333
44782.7 12692.1 7775.2
44926.433333333334 12810.533333333333 7513.033333333334
44955.8 12701.733333333334 7592.466666666666
45747.333333333336 12069.4 7433.266666666666
46816.8 11608.3 6824.9
45656.4 12103.1 7490.5
45465.7 12509.1 7275.2
45099.433333333334 12588.566666666668 7562.0
44707.63333333333 13149.7 7392.666666666667
43160.833333333336 14300.9 7788.266666666666
44312.566666666666 13406.833333333334 7530.6
44662.23333333333 13191.833333333334 7395.933333333333
43920.7 13535.466666666667 7793.833333333333
44536.7 12952.266666666666 7761.033333333334
43764.1 13398.7 8087.2
44507.833333333336 12927.666666666666 7814.5
43682.13333333333 13579.366666666667 7988.5
44184.0 13270.5 7795.5
44151.6 12994.166666666666 8104.233333333334
43575.433333333334 13253.333333333334 8421.233333333334
45104.4 12356.233333333334 7789.366666666667
43382.36666666667 13423.333333333334 8444.3
43991.1 12914.433333333332 8344.466666666667
44581.76666666667 12264.9 8403.333333333334
44655.566666666666 12389.433333333332 8205.0
45417.2 11816.266666666666 8016.533333333334
45157.9 11797.066666666668 8295.033333333333
44238.0 12347.766666666666 8664.233333333334
44359.666666666664 12320.066666666668 8570.266666666666
44572.46666666667 12341.4 8336.133333333333
44193.5 12483.033333333333 8573.466666666667
44992.3 12317.5 7940.2
45217.63333333333 12158.333333333334 7874.033333333334
44709.36666666667 12203.5 8337.133333333333
44403.96666666667 12719.866666666667 8126.166666666667
43813.0 12930.666666666666 8506.333333333334
45036.166666666664 12237.3 7976.533333333334
44709.3 12467.8 8072.9
44859.26666666667 12499.866666666667 7890.866666666667
44171.6 13103.0 7975.4
44429.96666666667 12866.8 7953.233333333334
45071.23333333333 12703.366666666667 7475.4
45622.3 12320.366666666667 7307.333333333333
45786.933333333334 12282.766666666666 7180.3
44872.9 12623.666666666666 7753.433333333333
44932.5 12609.666666666666 7707.833333333333
44951.86666666667 12715.233333333334 7582.9
45456.9 12508.866666666667 7284.233333333334
44958.36666666667 13054.866666666667 7236.766666666666
44306.9 13405.6 7537.5
44521.36666666667 13137.3 7591.333333333333
45312.1 12361.933333333332 7575.966666666666
45697.166666666664 12395.466666666667 7157.366666666667
45450.23333333333 12396.7 7403.066666666667
45720.6 12041.733333333334 7487.666666666667
46722.26666666667 11777.6 6750.133333333333
46544.7 11884.966666666667 6820.333333333333
46116.166666666664 12063.333333333334 7070.5
46547.86666666667 12096.766666666666 6605.366666666667
46609.5 12069.633333333333 6570.866666666667
46561.53333333333 12164.633333333333 6523.833333333333
45787.666666666664 12593.733333333334 6868.6
45743.066666666666 12584.6 6922.333333333333
46750.666666666664 12003.133333333333 6496.2
46210.86666666667 12189.033333333333 6850.1
46107.73333333333 12421.933333333332 6720.333333333333
45605.73333333333 12660.566666666668 6983.7
45920.6 12385.1 6944.3
45469.13333333333 12513.6 7267.266666666666
44640.933333333334 13173.266666666666 7435.8
44794.566666666666 12679.066666666668 7776.366666666667
45015.333333333336 12431.833333333334 7802.833333333333
45300.3 12266.966666666667 7682.733333333334
44502.5 12730.6 8016.9
45375.23333333333 12324.6 7550.166666666667
45696.933333333334 12346.533333333333 7206.533333333334
45117.53333333333 12610.9 7521.566666666667
45651.566666666666 12336.366666666667 7262.066666666667
44327.8 13282.966666666667 7639.233333333334
44442.9 13385.4 7421.7
43391.7 14108.833333333334 7749.466666666666
42226.86666666667 14285.533333333333 8737.6
43317.4 13846.7 8085.9
42827.9 14181.2 8240.9
42512.13333333333 14445.0 8292.866666666667
43650.23333333333 13660.033333333333 7939.733333333334
43878.96666666667 13551.133333333333 7819.9
42792.433333333334 14133.7 8323.866666666667
43065.933333333334 13671.366666666667 8512.7
42315.23333333333 13794.333333333334 9140.433333333332
43552.26666666667 13271.166666666666 8426.566666666668
42919.7 13694.466666666667 8635.833333333334
42123.03333333333 14400.766666666666 8726.2
40750.4 14902.1 9597.5
41974.5 14411.033333333333 8864.466666666667
42001.96666666667 13921.066666666668 9326.966666666667
42235.666666666664 13645.9 9368.433333333332
41953.166666666664 14037.733333333334 9259.1
42808.1 13705.5 8736.4
42226.3 14030.8 8992.9
42889.73333333333 13549.166666666666 8811.1
42727.166666666664 13540.933333333332 8981.9
41850.066666666666 13656.533333333333 9743.4
42150.53333333333 13810.766666666666 9288.7
41775.86666666667 13854.6 9619.533333333333
41735.36666666667 13726.866666666667 9787.766666666666
41557.9 13643.4 10048.7
42030.833333333336 13683.733333333334 9535.433333333332
41751.833333333336 13930.433333333332 9567.733333333334
42040.73333333333 13563.7 9645.566666666668
42769.26666666667 13122.0 9358.733333333334
42482.73333333333 12838.533333333333 9928.733333333334
42224.433333333334 13264.233333333334 9761.333333333334
42254.7 13159.833333333334 9835.466666666667
42060.333333333336 13612.733333333334 9576.933333333332
41465.76666666667 14413.033333333333 9371.2
42992.86666666667 13504.1 8753.033333333333
42987.0 13690.733333333334 8572.266666666666
43189.73333333333 13517.466666666667 8542.8
43302.36666666667 13292.633333333333 8655.0
43280.46666666667 13324.5 8645.033333333333
43029.1 13378.6 8842.3
42542.833333333336 13896.466666666667 8810.7
43612.86666666667 13359.4 8277.733333333334
43498.433333333334 13487.633333333333 8263.933333333332
43928.7 13008.066666666668 8313.233333333334
43257.26666666667 13420.466666666667 8572.266666666666
44071.76666666667 12811.233333333334 8367.0
43703.8 13115.733333333334 8430.466666666667
44095.86666666667 13094.5 8059.633333333333
43778.2 13132.2 8339.6
43568.666666666664 13286.866666666667 8394.466666666667
44280.86666666667 12683.9 8285.233333333334
43945.4 12654.3 8650.3
42982.03333333333 13166.933333333332 9101.033333333333
43545.23333333333 13059.3 8645.466666666667
44543.1 12434.2 8272.7
44336.566666666666 12327.666666666666 8585.766666666666
44050.23333333333 12776.366666666667 8423.4
44755.13333333333 12411.2 8083.666666666667
43831.333333333336 12752.266666666666 8666.4
43267.5 12951.633333333333 9030.866666666667
42060.333333333336 13393.166666666666 9796.5
43767.833333333336 12723.066666666668 8759.1
43711.26666666667 12593.566666666668 8945.166666666666
42900.833333333336 12837.2 9511.966666666667
43142.833333333336 12721.3 9385.866666666667
43863.7 12408.166666666666 8978.133333333333
43389.13333333333 12647.866666666667 9213.0
44587.4 11973.333333333334 8689.266666666666
44211.26666666667 12519.766666666666 8518.966666666667
43967.666666666664 12471.1 8811.233333333334
43787.73333333333 12630.5 8831.766666666666
43959.13333333333 12782.533333333333 8508.333333333334
43425.76666666667 12973.233333333334 8851.0
43487.3 13045.666666666666 8717.033333333333
43723.166666666664 12827.2 8699.633333333333
43513.433333333334 12742.5 8994.066666666668
43627.53333333333 12984.7 8637.766666666666
44074.13333333333 12579.933333333332 8595.933333333332
43917.53333333333 12587.466666666667 8745.0
43487.066666666666 12966.7 8796.233333333334
42444.13333333333 13770.333333333334 9035.533333333333
43044.0 13163.733333333334 9042.266666666666
42476.933333333334 13656.1 9116.966666666667
42063.86666666667 13761.066666666668 9425.066666666668
42807.13333333333 13271.3 9171.566666666668
43650.63333333333 12673.466666666667 8925.9
43024.333333333336 13133.966666666667 9091.7
44381.2 12306.733333333334 8562.066666666668
43343.7 12794.633333333333 9111.666666666666
44536.7 12239.6 8473.7
44332.3 12636.6 8281.1
44481.3 12343.733333333334 8424.966666666667
44042.36666666667 12723.1 8484.533333333333
44420.86666666667 12368.233333333334 8460.9
43664.76666666667 12693.733333333334 8891.5
43193.46666666667 13046.8 9009.733333333334
43911.433333333334 12758.066666666668 8580.5
43179.5 13030.166666666666 9040.333333333334
44101.53333333333 12408.333333333334 8740.133333333333
44756.63333333333 12024.666666666666 8468.7
43868.833333333336 12602.433333333332 8778.733333333334
44311.73333333333 12186.633333333333 8751.633333333333
45061.1 11902.0 8286.9
45219.933333333334 11782.3 8247.766666666666
44709.03333333333 12097.4 8443.566666666668
43997.833333333336 12579.2 8672.966666666667
44859.5 12311.533333333333 8078.966666666666
43468.4 13158.066666666668 8623.533333333333
44349.96666666667 12775.066666666668 8124.966666666666
44096.53333333333 12867.633333333333 8285.833333333334
44111.8 12984.0 8154.2
43659.333333333336 13506.066666666668 8084.6
43607.433333333334 13464.366666666667 8178.2
42930.9 13916.666666666666 8402.433333333332
43176.833333333336 13755.233333333334 8317.933333333332
43052.0 13623.233333333334 8574.766666666666
44242.5 12989.366666666667 8018.133333333333
44414.26666666667 12800.466666666667 8035.266666666666
45037.9 12508.466666666667 7703.633333333333
43640.96666666667 13281.066666666668 8327.966666666667
44656.03333333333 12673.9 7920.066666666667
45306.96666666667 12304.3 7638.733333333334
45199.1 12333.666666666666 7717.233333333334
44512.7 12677.266666666666 8060.033333333334
43927.2 13090.566666666668 8232.233333333334
43795.23333333333 13116.866666666667 8337.9
44463.333333333336 12624.1 8162.566666666667
44011.03333333333 12848.7 8390.266666666666
45237.0 12448.366666666667 7564.633333333333
44754.9 12784.666666666666 7710.433333333333
44013.0 12967.6 8269.4
44840.46666666667 12503.833333333334 7905.7
43802.13333333333 12967.266666666666 8480.6
44153.0 12708.766666666666 8388.233333333334
44179.066666666666 12507.833333333334 8563.1
44125.7 12753.433333333332 8370.866666666667
44563.566666666666 12409.6 8276.833333333334
44605.5 12360.9 8283.6
44023.23333333333 12693.733333333334 8533.033333333333
44576.13333333333 12633.433333333332 8040.433333333333
44413.0 12418.733333333334 8418.266666666666
44283.46666666667 12668.533333333333 8298.0
44097.066666666666 13107.5 8045.433333333333
44289.86666666667 12732.833333333334 8227.3
44911.2 12527.4 7811.4
44823.86666666667 12736.833333333334 7689.3
44140.4 12897.833333333334 8211.766666666666
44901.666666666664 12388.266666666666 7960.066666666667
44908.1 12351.366666666667 7990.533333333334
45742.933333333334 11968.1 7538.966666666666
44225.46666666667 12762.366666666667 8262.166666666666
44300.53333333333 12718.3 8231.166666666666
46165.23333333333 11502.266666666666 7582.5
45306.73333333333 12072.166666666666 7871.1
46124.4 11513.666666666666 7611.933333333333
44907.76666666667 12346.2 7996.033333333334
45301.86666666667 12094.066666666668 7854.066666666667
43261.4 13477.566666666668 8511.033333333333
43305.63333333333 13543.233333333334 8401.133333333333
44122.26666666667 13091.366666666667 8036.366666666667
43759.96666666667 13166.166666666666 8323.866666666667
42840.13333333333 13737.733333333334 8672.133333333333
44170.833333333336 12886.6 8192.566666666668
44275.566666666666 12920.233333333334 8054.2
44255.76666666667 12947.233333333334 8047.0
45131.53333333333 12226.866666666667 7891.6
44660.13333333333 12825.366666666667 7764.5
44132.13333333333 13173.3 7944.566666666667
44436.63333333333 12816.266666666666 7997.1
43922.7 13166.233333333334 8161.066666666667
43484.96666666667 13363.733333333334 8401.3
44389.2 12683.266666666666 8177.533333333334
44811.96666666667 12426.166666666666 8011.866666666667
45226.3 12170.133333333333 7853.566666666667
45068.933333333334 12259.133333333333 7921.933333333333
45766.0 11831.066666666668 7652.933333333333
44777.3 12653.033333333333 7819.666666666667
43724.96666666667 13403.266666666666 8121.766666666666
45269.833333333336 12132.933333333332 7847.233333333334
44877.03333333333 12337.666666666666 8035.3
45072.3 12332.833333333334 7844.866666666667
45526.53333333333 11938.6 7784.866666666667
44883.4 12116.3 8250.3
45332.53333333333 12090.966666666667 7826.5
44504.76666666667 12498.066666666668 8247.166666666666
44619.8 12633.8 7996.4
45773.63333333333 12078.566666666668 7397.8
44931.86666666667 12434.566666666668 7883.566666666667
45753.96666666667 11966.9 7529.133333333333
44997.3 12210.233333333334 8042.466666666666
44296.46666666667 12992.366666666667 7961.166666666667
43974.46666666667 13171.3 8104.233333333334
44446.1 12653.133333333333 8150.766666666666
44574.6 12328.066666666668 8347.333333333334
44870.066666666666 12078.633333333333 8301.3
44795.833333333336 12403.533333333333 8050.633333333333
45328.03333333333 11822.566666666668 8099.4
45049.13333333333 12237.5 7963.366666666667
45326.833333333336 12109.7 7813.466666666666
45793.333333333336 11810.366666666667 7646.3
 
348.1
3.3666666666666667
3.1666666666666665
38.0
167.01601642557395
0.0
0.0
 
8837.3 13003.066666666668 10850.1 413.0450015837659 
8183.066666666667 11414.266666666666 9865.833333333334 537.2686783889211 
7827.866666666667 10584.766666666666 9362.766666666666 774.5244604128251 
7560.333333333333 10233.5 9109.1 1309.3362009048708 
7672.133333333333 10076.466666666667 9034.533333333333 1786.3274843469585 
7489.9 10177.666666666666 9218.4 2258.1960011625797 
7780.9 10110.433333333332 9260.066666666668 2634.703693418125 
8340.4 10746.866666666667 9847.333333333334 2982.3494574095625 
8573.666666666666 11230.666666666666 10256.8 2835.7953592128847 
8675.0 11669.666666666666 10621.566666666668 2973.3905431715866 
9286.233333333334 11960.1 10985.833333333334 3085.157148725707 
9433.6 12244.966666666667 11290.3 3121.360699972583 
9638.266666666666 12506.466666666667 11706.7 3200.76546240635 
9981.1 12554.2 11784.4 3281.121956739798 
9846.966666666667 12455.966666666667 11693.8 3221.650430084969 
9993.266666666666 12665.9 11887.366666666667 3132.5034508094855 
10360.566666666668 12821.366666666667 12080.666666666666 3205.787202510138 
9984.4 12879.4 12095.933333333332 3045.5516035322366 
9651.333333333334 13002.8 12191.2 3002.998202019664 
9987.466666666667 12892.266666666666 12103.033333333333 2860.0996572574954 
9903.333333333334 13062.1 12259.366666666667 2825.4069568235063 
9988.0 13225.166666666666 12404.8 2655.896920376743 
10339.033333333333 13367.366666666667 12541.466666666667 2488.8103004581662 
10321.9 13482.966666666667 12651.2 2318.581186487403 
10747.2 13830.633333333333 13019.333333333334 2378.097836320262 
10762.066666666668 13839.966666666667 13095.566666666668 2358.6693627033774 
11028.133333333333 14116.533333333333 13402.4 2277.796814760556 
10790.3 14104.466666666667 13349.4 2140.2885910549544 
11081.3 14116.333333333334 13396.133333333333 2182.8785042792565 
10896.8 14204.5 13404.1 2089.4708387532 
11180.066666666668 14272.166666666666 13531.233333333334 2094.6304941710155 
11078.3 14307.766666666666 13569.333333333334 2015.3587013509807 
11272.633333333333 14414.466666666667 13680.333333333334 2061.63193476538 
11429.166666666666 14529.866666666667 13848.733333333334 1969.790908305865 
11480.333333333334 14498.966666666667 13787.933333333332 1991.2970284325852 
11429.733333333334 14491.933333333332 13818.266666666666 1957.029143341736 
11420.733333333334 14546.766666666666 13898.6 1908.565510970652 
11366.8 14503.766666666666 13848.1 1908.9729269950374 
11741.266666666666 14689.8 14006.533333333333 1950.3858485780022 
11647.9 14565.0 13883.7 1952.209123702342 
11744.866666666667 14630.633333333333 13992.6 1895.7207153657066 
11854.933333333332 14783.433333333332 14065.366666666667 1932.1194082032187 
11896.2 14781.6 14139.6 1815.3843951075485 
12226.8 14998.5 14323.433333333332 1794.3386881770368 
11891.133333333333 15008.633333333333 14300.0 1778.6695093055748 
12013.233333333334 15084.266666666666 14377.566666666668 1644.5407079181714 
11843.3 15088.266666666666 14413.5 1619.0290209464029 
12252.4 15164.366666666667 14523.033333333333 1587.1764287914282 
12756.633333333333 15279.666666666666 14693.866666666667 1650.2262701419666 
11791.6 15139.7 14520.9 1651.9794565913949 
12440.966666666667 15062.033333333333 14464.9 1705.5236932782063 
12218.266666666666 15107.533333333333 14394.4 1666.9689742163773 
12296.166666666666 15012.4 14359.333333333334 1734.465409059005 
12287.066666666668 15107.966666666667 14426.566666666668 1768.2651817530084 
12061.466666666667 15108.366666666667 14387.266666666666 1663.8007232772134 
12293.8 15066.666666666666 14382.3 1549.8310418666076 
12032.033333333333 15139.166666666666 14455.1 1472.883035636797 
12109.4 15385.433333333332 14735.333333333334 1398.5216097325376 
12392.6 15320.3 14685.266666666666 1421.293863820334 
12237.5 15430.5 14775.333333333334 1426.2522003488725 
11839.366666666667 15295.033333333333 14615.633333333333 1379.8980220372164 
11985.066666666668 15174.166666666666 14496.966666666667 1381.7137162475688 
12156.1 15199.633333333333 14519.133333333333 1411.8775599258674 
12195.433333333332 15107.1 14456.666666666666 1348.221065742229 
12521.866666666667 15131.033333333333 14492.833333333334 1322.1072997302451 
12354.633333333333 15140.7 14489.166666666666 1249.4433029242352 
12301.066666666668 15142.933333333332 14483.733333333334 1423.523219183851 
12288.433333333332 15139.5 14480.866666666667 1364.0165789152109 
12234.933333333332 15227.566666666668 14547.0 1431.4123417101025 
12022.066666666668 15217.766666666666 14568.5 1423.8621680719893 
12177.066666666668 15123.933333333332 14455.266666666666 1594.7978255356797 
12378.333333333334 15156.366666666667 14501.533333333333 1456.4765748583502 
12481.9 15212.9 14569.8 1531.5132000737046 
12454.433333333332 15148.5 14489.3 1470.8184072141603 
12558.433333333332 15181.0 14577.2 1411.8927188942744 
12125.833333333334 15199.833333333334 14543.866666666667 1353.7183874630482 
12860.366666666667 15376.7 14775.166666666666 1401.1192219079717 
12406.966666666667 15185.1 14521.333333333334 1500.947232176327 
12177.9 15242.3 14538.6 1590.5815577957642 
11999.966666666667 15225.933333333332 14548.433333333332 1498.0420040469123 
12441.333333333334 15336.4 14726.066666666668 1426.4482635007985 
12529.3 15310.566666666668 14668.6 1487.4926137631742 
12048.433333333332 15282.5 14604.9 1401.73401863549 
12374.933333333332 15230.6 14622.566666666668 1510.0151050385043 
12451.066666666668 15284.9 14689.433333333332 1404.2348676216682 
12308.033333333333 15262.366666666667 14585.366666666667 1445.6979384059143 
12151.066666666668 15147.033333333333 14508.266666666666 1313.4440787063945 
12451.8 15183.066666666668 14515.066666666668 1525.1864067130361 
12040.8 15085.633333333333 14441.9 1593.3071510749794 
12219.666666666666 15115.933333333332 14431.033333333333 1723.443034322735 
12430.633333333333 15184.733333333334 14568.566666666668 1672.0982755873595 
12075.7 15146.866666666667 14465.4 1846.7945424437444 
12037.2 14939.9 14282.366666666667 1919.2412340123724 
11882.033333333333 14895.766666666666 14178.666666666666 2108.1130685204403 
12024.766666666666 15021.8 14343.4 2114.021527641886 
11867.466666666667 14858.666666666666 14196.9 2205.737381013433 
11981.9 14893.433333333332 14238.1 2420.9482067983195 
11959.466666666667 14943.933333333332 14260.533333333333 2282.109189129896 
11928.666666666666 15001.166666666666 14303.866666666667 2155.9155774029946 
12316.333333333334 15119.633333333333 14470.5 2051.241231953635 
12439.6 15137.033333333333 14520.733333333334 1997.7913483533648 
12126.266666666666 15180.7 14549.366666666667 1756.144416897426 
11825.966666666667 15183.666666666666 14519.866666666667 1767.5633052626747 
12073.066666666668 15123.833333333334 14438.466666666667 1911.644274004275 
12166.666666666666 15072.3 14394.9 2063.81564664418 
12445.3 15056.266666666666 14446.266666666666 1994.4342642018116 
12480.066666666668 15037.066666666668 14467.366666666667 2111.4284401008404 
12296.666666666666 15009.4 14391.0 2032.1304550479365 
12104.333333333334 14929.166666666666 14329.2 2112.993256969837 
11993.333333333334 14834.6 14200.266666666666 2057.57365052465 
12288.5 14849.533333333333 14210.933333333332 2028.83524770577 
12378.5 15033.466666666667 14388.266666666666 1780.5832743794938 
12211.0 14920.833333333334 14244.833333333334 1635.1916298505607 
12379.4 15084.2 14428.4 1628.1594962820236 
12201.133333333333 15176.933333333332 14484.733333333334 1470.3905014201728 
12401.266666666666 15233.1 14569.633333333333 1511.5197164516983 
12215.7 15193.8 14538.1 1435.1495440081032 
12599.833333333334 15232.333333333334 14593.933333333332 1386.472631135894 
12671.5 15279.9 14648.366666666667 1509.1179270244809 
12310.8 15269.366666666667 14634.666666666666 1479.8719218229664 
12144.7 15252.8 14587.766666666666 1440.3587220627446 
12494.5 15267.7 14678.033333333333 1484.3851615698973 
12299.533333333333 15309.6 14679.5 1263.7682817668751 
12086.733333333334 15167.133333333333 14475.7 1268.5022589652729 
12274.633333333333 15088.033333333333 14440.266666666666 1526.975394730089 
12427.733333333334 15271.966666666667 14647.833333333334 1471.9096510995505 
11912.066666666668 15282.766666666666 14651.866666666667 1445.8742812645303 
12292.066666666668 15413.3 14782.533333333333 1555.8155019867304 
12678.466666666667 15288.733333333334 14694.6 1516.031126659344 
12558.133333333333 15330.7 14724.5 1532.0198387531848 
12489.9 15231.033333333333 14628.266666666666 1559.7580978757217 
12325.5 15255.1 14625.9 1498.7106804405803 
12100.966666666667 15140.3 14454.033333333333 1524.4603517310645 
12436.866666666667 15112.833333333334 14512.3 1522.6896205946462 
12249.866666666667 15199.7 14516.533333333333 1567.4900131172199 
12399.533333333333 15244.433333333332 14623.6 1570.4476983756363 
12173.966666666667 15076.1 14433.0 1464.3799485333943 
12414.5 14989.966666666667 14351.233333333334 1480.7137208492097 
12219.8 15011.033333333333 14310.066666666668 1518.240548500504 
12032.533333333333 14836.066666666668 14168.866666666667 1704.2449359043303 
11570.833333333334 14889.3 14171.033333333333 1819.568902240308 
11536.633333333333 14930.4 14216.066666666668 1864.5771792673117 
12179.133333333333 15062.533333333333 14429.966666666667 1729.7547599137993 
12024.5 15029.266666666666 14345.2 1701.9949643482103 
12075.6 15059.933333333332 14371.3 1653.5568915724273 
11848.466666666667 15007.4 14328.966666666667 1615.9761359967886 
12265.9 15104.733333333334 14399.533333333333 1612.9641833524317 
11818.666666666666 14960.366666666667 14276.266666666666 1616.3653257299918 
12127.833333333334 15045.233333333334 14378.066666666668 1739.0179505175392 
12054.9 15044.533333333333 14384.2 1796.6338310852327 
11953.466666666667 15051.4 14384.666666666666 1947.0036353044875 
11840.066666666668 15051.433333333332 14410.5 1888.6634501678695 
12226.766666666666 15144.766666666666 14489.1 1748.5181071410157 
12194.466666666667 15217.3 14560.7 1516.9834829907234 
11661.4 15003.966666666667 14327.0 1445.6348792139734 
11786.0 15156.633333333333 14457.466666666667 1401.019662721881 
12056.833333333334 15119.6 14426.966666666667 1394.934878049868 
11748.566666666668 15032.2 14342.666666666666 1391.5475915924208 
12149.966666666667 15046.366666666667 14371.633333333333 1552.904037494483 
12228.3 15181.4 14563.366666666667 1507.5107418449056 
12048.7 15062.133333333333 14406.833333333334 1561.8279149054092 
12259.733333333334 15134.566666666668 14512.966666666667 1482.7411321977654 
11966.2 15198.8 14538.5 1394.5924644855932 
12081.533333333333 15168.1 14505.533333333333 1522.4679487595133 
12255.4 15360.566666666668 14707.933333333332 1451.4891954663512 
11958.866666666667 15209.233333333334 14501.333333333334 1568.240258343373 
12049.666666666666 15219.466666666667 14519.733333333334 1475.9467049622385 
12215.2 15278.1 14597.4 1534.7414543390253 
12212.966666666667 15215.566666666668 14538.833333333334 1583.9457109804407 
12283.433333333332 15225.9 14497.7 1678.2914832253266 
12592.266666666666 15386.766666666666 14742.5 1653.8188067822507 
12111.5 15391.466666666667 14706.3 1449.8689479857596 
12950.533333333333 15419.733333333334 14816.1 1353.2020641180434 
12964.266666666666 15491.433333333332 14885.633333333333 1343.3646474844838 
12912.1 15495.633333333333 14852.733333333334 1314.8687042607883 
12523.866666666667 15475.6 14816.133333333333 1261.8004239533639 
12559.666666666666 15479.133333333333 14799.866666666667 1311.223979383809 
12894.1 15402.5 14768.1 1285.0774774308356 
12421.266666666666 15346.4 14711.6 1348.654712296665 
12497.8 15253.266666666666 14610.166666666666 1266.5870117936806 
12561.166666666666 15298.933333333332 14713.433333333332 1321.5860279729554 
12891.0 15325.333333333334 14748.133333333333 1489.1916312774079 
12534.1 15377.133333333333 14720.766666666666 1178.5210656204288 
12815.3 15475.266666666666 14861.033333333333 1048.3054537893258 
12456.9 15256.8 14584.533333333333 1286.4316412723479 
12863.833333333334 15366.233333333334 14714.8 1072.447900521668 
12480.166666666666 15296.466666666667 14673.8 1150.1402495637942 
12313.933333333332 15252.433333333332 14576.466666666667 966.8060677647127 
12411.566666666668 15354.433333333332 14763.4 1002.639806876494 
12220.966666666667 15284.633333333333 14612.033333333333 1006.089237868866 
12370.233333333334 15276.266666666666 14633.6 1088.9796771902281 
12670.5 15323.733333333334 14714.733333333334 1183.161167193868 
12510.333333333334 15293.5 14676.5 1293.5363495730091 
12311.7 15196.766666666666 14579.733333333334 1420.9714862257679 
12555.766666666666 15204.4 14590.766666666666 1274.9381694811714 
12213.833333333334 15242.333333333334 14603.733333333334 1217.187406688058 
12315.266666666666 15176.1 14514.2 1199.4782133633496 
12176.1 15124.5 14480.533333333333 1369.5900121731484 
12363.233333333334 15161.9 14543.866666666667 1410.3890015012014 
12288.866666666667 15148.533333333333 14506.133333333333 1425.1927285653533 
12469.533333333333 15115.833333333334 14495.7 1584.5645683699145 
12348.8 15099.066666666668 14466.833333333334 1457.2581243173386 
12337.766666666666 15059.433333333332 14446.7 1424.3791099984583 
12369.3 15130.633333333333 14513.433333333332 1238.1671562344795 
12414.8 15228.633333333333 14600.066666666668 1205.2940435152464 
12416.433333333332 15165.433333333332 14555.533333333333 1248.744263517021 
12395.533333333333 15205.5 14583.1 1122.3807921853736 
12125.066666666668 15173.033333333333 14495.333333333334 1072.7011046367431 
12063.4 15020.0 14349.1 1232.1505865761703 
11967.833333333334 15107.6 14446.2 1301.2037061890042 
12280.433333333332 15092.866666666667 14459.3 1324.950028240059 
12196.8 15052.833333333334 14364.133333333333 1452.7761254462669 
12225.633333333333 15102.266666666666 14476.566666666668 1327.5665577372088 
12082.8 15094.933333333332 14437.666666666666 1378.4278431524 
11972.333333333334 14981.166666666666 14314.9 1332.9471572421767 
12272.133333333333 15225.833333333334 14615.966666666667 1210.859180637176 
12140.7 15136.766666666666 14471.633333333333 1267.078666943068 
12427.7 15117.966666666667 14447.6 1155.5742187328342 
12289.8 15248.4 14580.533333333333 1109.8148358572653 
12144.766666666666 15130.866666666667 14481.366666666667 1097.314271604387 
12021.2 15291.4 14615.7 1160.574193520891 
12132.6 15206.6 14549.733333333334 1178.2621093986024 
12395.266666666666 15200.6 14531.566666666668 1156.7838573677743 
12095.633333333333 15285.5 14620.933333333332 1205.3411154339487 
12483.433333333332 15210.466666666667 14531.3 1321.6757686109454 
12453.3 15271.3 14654.833333333334 1129.0278747666064 
12156.733333333334 15104.9 14389.4 1200.079688881812 
12151.466666666667 15164.266666666666 14455.933333333332 1001.6948692646436 
12171.1 15123.233333333334 14427.966666666667 1003.5911126770924 
11750.366666666667 15237.133333333333 14470.466666666667 1147.8190456978252 
11975.166666666666 15221.1 14508.3 1077.3332525268122 
12256.7 15359.2 14693.4 1166.5246368308444 
12198.166666666666 15308.333333333334 14617.733333333334 1110.4455096941947 
12024.4 15408.533333333333 14739.566666666668 1123.090420768614 
12202.466666666667 15370.633333333333 14718.933333333332 1211.5196548595945 
12210.7 15332.0 14659.233333333334 1299.6542572716962 
11984.9 15199.766666666666 14499.066666666668 1297.5226169726507 
12115.466666666667 15260.066666666668 14591.433333333332 1261.9518859467048 
11851.666666666666 15201.366666666667 14519.5 1277.2812581155856 
12202.433333333332 15126.8 14432.966666666667 1305.2263978159326 
12357.633333333333 15291.966666666667 14616.966666666667 1295.7779105832742 
12331.133333333333 15226.733333333334 14582.466666666667 1286.6177401319408 
12206.2 15224.0 14526.533333333333 1183.140910646084 
11969.266666666666 15237.533333333333 14545.066666666668 1314.2025629847003 
12344.2 15230.4 14541.3 1360.3911890825127 
12376.666666666666 15159.633333333333 14519.166666666666 1430.3644460610576 
12035.266666666666 15244.433333333332 14549.733333333334 1251.745228027209 
11664.266666666666 15204.033333333333 14506.466666666667 1123.1356549114328 
12303.4 15231.833333333334 14565.6 1223.3896426186823 
11705.6 15120.533333333333 14428.333333333334 1137.607199441979 
12019.2 14975.066666666668 14292.966666666667 1281.978687030327 
11924.5 15062.133333333333 14377.766666666666 1150.5935612157368 
11584.966666666667 15013.6 14285.5 1083.4110058821934 
11764.566666666668 14951.933333333332 14223.466666666667 1219.7882013785106 
11544.0 15047.1 14301.366666666667 1255.76726315915 
11428.466666666667 15020.2 14242.533333333333 1353.1028222816872 
12168.0 15120.4 14460.4 1463.120344560442 
12019.7 15151.233333333334 14518.4 1420.1108233749458 
11914.033333333333 15213.6 14572.6 1261.4150572538235 
11747.733333333334 15079.833333333334 14394.266666666666 1313.2855607639608 
11720.5 15031.066666666668 14344.366666666667 1209.661760759777 
11983.533333333333 15113.533333333333 14430.866666666667 1124.107853465237 
11598.5 15010.466666666667 14316.833333333334 979.83073356802 
11629.6 15019.933333333332 14333.233333333334 1151.6230355459202 
12267.633333333333 15028.633333333333 14403.066666666668 1243.567790181853 
11678.233333333334 14959.6 14241.733333333334 1215.4805686092502 
11631.4 14807.633333333333 14109.333333333334 1249.5703039667499 
11733.6 14908.0 14158.633333333333 1260.6586383051256 
11626.266666666666 15075.0 14310.733333333334 1158.665814681313 
11416.366666666667 14959.433333333332 14188.166666666666 1101.1605845147603 
11544.1 15082.8 14315.8 1218.705458262988 
11746.166666666666 15054.666666666666 14401.533333333333 1266.0929729771908 
11645.866666666667 15082.9 14381.6 1205.431851108418 
11586.9 15081.566666666668 14364.5 1194.1265651791969 
11841.666666666666 15107.6 14435.066666666668 1191.7341868983294 
11695.633333333333 15068.533333333333 14369.866666666667 1164.3492982014557 
11939.866666666667 15156.8 14478.933333333332 1130.4466706670516 
11971.066666666668 15224.233333333334 14572.5 1200.8043465388798 
12036.133333333333 15118.266666666666 14484.533333333333 1147.3896412194845 
11879.766666666666 15078.366666666667 14445.033333333333 1187.165877392222 
11909.866666666667 15120.233333333334 14447.866666666667 1220.701991296629 
11969.6 14988.0 14368.3 1444.5865482321692 
12084.8 15045.133333333333 14375.433333333332 1332.9991072348432 
12151.833333333334 15142.266666666666 14478.333333333334 1242.6791330740923 
12130.366666666667 15184.666666666666 14475.233333333334 1217.9441819448596 
11750.4 15239.666666666666 14534.4 1241.696300496489 
11962.466666666667 15122.0 14401.1 1189.5390301849422 
11892.966666666667 15205.2 14528.4 1204.6062043948914 
12039.5 15254.133333333333 14553.666666666666 1053.2022120920346 
11798.4 15231.966666666667 14531.9 1199.8346945864391 
11639.933333333332 15182.233333333334 14522.266666666666 1080.5883716239448 
11684.766666666666 15104.666666666666 14420.466666666667 979.2041217233514 
11719.366666666667 15170.366666666667 14433.566666666668 1116.8085401416542 
11911.033333333333 15176.666666666666 14495.633333333333 1296.9135933266932 
11793.1 15181.533333333333 14479.933333333332 1247.382143709154 
11818.8 15117.5 14438.0 1249.1157819300288 
11855.933333333332 15097.066666666668 14410.666666666666 1218.3512386737161 
11877.733333333334 15204.933333333332 14559.8 1077.209802839416 
12245.033333333333 15227.466666666667 14542.266666666666 1121.708713426876 
11838.6 15173.866666666667 14456.066666666668 1275.1716658290889 
12192.7 15286.133333333333 14651.366666666667 1148.0797149540133 
11728.266666666666 15283.166666666666 14612.766666666666 1223.4793391072133 
11516.633333333333 15255.0 14536.8 1010.928276717328 
11936.166666666666 15339.733333333334 14648.1 1122.4495433351708 
12050.366666666667 15322.666666666666 14643.533333333333 1045.5010058978103 
11929.433333333332 15215.566666666668 14552.733333333334 1128.4143159023345 
11941.666666666666 15186.9 14557.7 1160.8353941594535 
12342.933333333332 15281.633333333333 14607.433333333332 1204.9084343725965 
12363.7 15323.566666666668 14716.7 1177.161345780603 
11874.733333333334 15348.066666666668 14675.466666666667 1121.0936431300763 
12278.966666666667 15271.866666666667 14643.8 1126.1328962427126 
11806.566666666668 15307.066666666668 14637.866666666667 1064.042906977387 
12373.666666666666 15249.5 14613.766666666666 1223.5547762791643 
12289.066666666668 15340.966666666667 14725.0 1088.3315965274555 
11844.7 15278.333333333334 14596.633333333333 1099.3035344152122 
12012.033333333333 15238.8 14560.866666666667 1083.6154522400154 
12452.5 15386.9 14755.5 942.7672982590489 
12255.9 15327.233333333334 14684.933333333332 1119.6297296676057 
12402.033333333333 15262.3 14575.333333333334 1134.3363901908072 
12383.033333333333 15318.166666666666 14615.833333333334 1170.2999081906787 
12272.566666666668 15295.633333333333 14610.933333333332 1103.327929896134 
12198.4 15365.033333333333 14706.0 1105.5018441112313 
12498.233333333334 15507.7 14873.666666666666 1026.843637939963 
12473.7 15338.8 14691.166666666666 1247.0797120116708 
12368.7 15355.333333333334 14693.633333333333 1204.3839847730364 
12492.6 15309.933333333332 14628.333333333334 1244.2275651539348 
12569.666666666666 15233.933333333332 14606.033333333333 1212.9892702191007 
11827.533333333333 15130.1 14411.766666666666 1244.649863437728 
12228.566666666668 15189.766666666666 14552.833333333334 1269.3670539551065 
12580.4 15247.0 14601.166666666666 1276.1022942712877 
12210.066666666668 15116.7 14487.266666666666 1232.849316376048 
12285.066666666668 15200.566666666668 14552.166666666666 1292.9826380204113 
11844.4 15109.4 14442.266666666666 1396.7295739611795 
12072.766666666666 15193.566666666668 14543.866666666667 1159.7012072081327 
11771.0 15141.833333333334 14443.933333333332 1157.6885418319077 
12096.0 15147.566666666668 14513.466666666667 1036.3855653718413 
12030.366666666667 15138.033333333333 14479.233333333334 1149.035298703511 
11993.933333333332 15066.0 14390.0 1162.1956874812433 
12411.233333333334 15230.666666666666 14606.066666666668 1093.751592303603 
12006.766666666666 15049.633333333333 14368.4 1050.609445988375 
11915.033333333333 15090.266666666666 14439.2 1221.133392795398 
12023.9 15102.266666666666 14492.433333333332 1152.49560514949 
12016.633333333333 15147.966666666667 14519.6 1108.6563220102669 
12400.266666666666 15250.066666666668 14614.6 1104.9436033873706 
12250.9 15189.5 14560.933333333332 1240.390019308443 
12019.2 15070.533333333333 14431.9 1216.6293098831156 
11788.5 15102.3 14453.5 1275.747071849798 
12020.8 15168.766666666666 14498.2 1158.6660324125612 
11968.166666666666 15097.633333333333 14436.533333333333 1271.5090181442765 
11819.366666666667 15239.533333333333 14579.766666666666 1084.9433337481016 
11906.133333333333 15273.7 14608.833333333334 1148.3948829175056 
12206.8 15139.033333333333 14511.866666666667 1235.0478996109152 
11877.466666666667 15188.033333333333 14502.366666666667 1169.0131558046915 
11843.3 15101.133333333333 14405.066666666668 1348.234126634622 
12250.466666666667 15198.566666666668 14580.533333333333 1251.7158369836006 
11836.2 15213.4 14538.2 1116.365598120377 
12278.7 15217.3 14571.366666666667 1204.5389855782078 
12300.4 15170.066666666668 14494.166666666666 984.6383852855719 
11933.766666666666 15141.3 14522.166666666666 1111.2702530587837 
12172.266666666666 15303.6 14634.1 1058.977896999429 
12369.566666666668 15310.3 14706.033333333333 1076.6153762292888 
12364.233333333334 15384.166666666666 14735.233333333334 911.3558023930917 
11817.933333333332 15262.0 14586.566666666668 1148.6584979396134 
12202.266666666666 15270.133333333333 14596.966666666667 1058.3547758457728 
12200.1 15288.433333333332 14611.4 909.8211478087328 
12195.133333333333 15333.433333333332 14691.9 906.531773298653 
12190.1 15309.133333333333 14646.6 982.5480151117297 
11774.333333333334 15243.0 14551.566666666668 889.7630106444699 
12268.266666666666 15261.766666666666 14567.633333333333 882.818180160684 
12172.5 15289.966666666667 14648.066666666668 1045.3231047543784 
12297.733333333334 15407.133333333333 14728.533333333333 871.7919999123135 
12063.1 15345.9 14679.233333333334 871.987303615521 
12504.166666666666 15343.466666666667 14697.733333333334 887.9327175461485 
12624.633333333333 15464.933333333332 14871.7 855.84535168452 
12611.866666666667 15453.333333333334 14847.033333333333 949.7728154669411 
12406.266666666666 15333.433333333332 14779.066666666668 840.4157508175474 
12547.266666666666 15480.966666666667 14868.833333333334 883.4231206568634 
12812.633333333333 15447.833333333334 14878.433333333332 816.6096782157039 
12525.633333333333 15496.966666666667 14878.333333333334 873.7715956956054 
12679.633333333333 15371.6 14766.466666666667 900.7203074330135 
12338.0 15376.066666666668 14756.566666666668 840.5102874643077 
12777.066666666668 15471.033333333333 14900.033333333333 906.5019220424559 
12652.0 15401.966666666667 14810.566666666668 898.2302959461764 
12600.2 15428.766666666666 14813.3 810.7706839791385 
12248.933333333332 15385.733333333334 14736.7 1009.9912727345717 
12448.066666666668 15368.133333333333 14772.133333333333 1008.8366723332598 
12606.733333333334 15319.766666666666 14694.766666666666 1137.9790253876486 
12401.6 15217.166666666666 14595.066666666668 1195.8105527214582 
12425.0 15184.3 14576.333333333334 1429.7270027681664 
12204.066666666668 15230.533333333333 14595.866666666667 1542.9354376569934 
12425.333333333334 15230.533333333333 14636.233333333334 1531.4240889881985 
12215.433333333332 15106.6 14523.133333333333 1462.4149168793072 
12509.366666666667 15244.8 14657.033333333333 1554.1941446721944 
12840.1 15279.3 14723.5 1409.007924510481 
12566.8 15205.833333333334 14634.066666666668 1539.4873559799773 
12519.066666666668 15299.766666666666 14713.5 1533.5627139659684 
12473.366666666667 15136.766666666666 14543.4 1381.7196726060847 
12511.6 15180.166666666666 14576.666666666666 1348.8476705856908 
12119.8 15087.5 14438.766666666666 1403.0042826021593 
11890.9 14892.333333333334 14223.5 1659.7166714030839 
12214.2 15029.3 14397.666666666666 1505.1234374997657 
11970.533333333333 15042.266666666666 14333.266666666666 1407.5158425790846 
11882.033333333333 14937.466666666667 14296.5 1269.6523726332866 
12403.3 15038.133333333333 14445.633333333333 1307.227698647451 
12396.566666666668 15075.6 14480.5 1296.9033968136048 
12003.066666666668 14974.433333333332 14321.366666666667 1335.8276752219533 
11784.9 14963.3 14329.833333333334 1384.0632184100386 
12053.6 14846.933333333332 14192.133333333333 1507.2150179866323 
11948.1 14999.466666666667 14387.166666666666 1485.0929589684874 
11906.066666666668 14928.666666666666 14303.0 1295.6587022309025 
11754.5 14923.566666666668 14214.266666666666 1233.0672683731952 
11732.233333333334 14690.666666666666 13989.8 1305.1819468309134 
11948.2 14889.766666666666 14185.533333333333 1297.8001432766482 
11957.866666666667 14794.4 14142.1 1600.7108716650446 
11893.333333333334 14796.533333333333 14161.266666666666 1702.6909822395842 
11874.866666666667 14821.366666666667 14143.966666666667 1553.7797815506406 
12321.333333333334 14886.933333333332 14281.7 1362.8728521032326 
12015.466666666667 14841.8 14197.9 1416.6289078889597 
11747.9 14909.9 14282.4 1352.2058567392764 
11972.6 14877.133333333333 14249.133333333333 1413.7659084869745 
11850.133333333333 14756.066666666668 14085.2 1470.6599140068608 
11691.4 14822.466666666667 14160.666666666666 1426.7657288426858 
11582.866666666667 14791.7 14090.166666666666 1552.8268248584582 
12086.666666666666 14696.466666666667 14069.266666666666 1554.0803013715579 
11700.733333333334 14709.633333333333 14025.533333333333 1644.8922302421856 
12006.833333333334 14774.133333333333 14124.233333333334 1481.9206543461692 
11830.8 14768.333333333334 14093.066666666668 1273.3869124416892 
11520.8 14810.7 14114.0 1503.9968782104127 
11789.566666666668 14903.4 14215.6 1471.250844689647 
11624.133333333333 14820.533333333333 14129.833333333334 1613.3213072554531 
11444.7 14849.566666666668 14120.8 1475.6687483985015 
11946.8 14813.1 14116.433333333332 1661.3974182061986 
11608.1 14849.333333333334 14122.833333333334 1274.5896334812153 
11495.5 14788.333333333334 14084.0 996.252915512254 
11394.166666666666 15009.833333333334 14298.566666666668 957.1204318161846 
11879.366666666667 14975.0 14316.066666666668 987.6408851399382 
11917.666666666666 15009.466666666667 14339.2 1017.6668210503212 
11661.3 15046.833333333334 14339.233333333334 1003.7330915138745 
11652.8 15059.333333333334 14338.066666666668 1130.8818746152638 
11680.733333333334 15003.3 14293.2 1102.898487320267 
11744.033333333333 14978.433333333332 14247.733333333334 976.3693670373364 
11892.0 15109.4 14408.066666666668 988.0414080391572 
11921.933333333332 15088.233333333334 14397.933333333332 994.9727702025042 
12121.066666666668 15069.1 14436.033333333333 1102.4190866756012 
11745.5 15055.633333333333 14343.033333333333 1123.7304732205337 
12089.033333333333 15119.133333333333 14445.066666666668 1222.3812369942348 
11822.366666666667 15102.766666666666 14401.866666666667 1202.2478937390574 
11840.333333333334 15125.266666666666 14478.1 961.9939966895149 
12217.366666666667 15109.666666666666 14418.433333333332 957.9285372325247 
11885.233333333334 15098.933333333332 14391.866666666667 1048.105666640747 
11935.333333333334 15121.533333333333 14474.133333333333 1086.8689184482594 
11767.4 15085.5 14404.033333333333 1097.283267640788 
11795.733333333334 14946.533333333333 14262.733333333334 1232.8331343337227 
11709.566666666668 15070.1 14364.4 1014.197621603732 
11863.6 15160.966666666667 14501.7 1037.4439046682637 
12101.066666666668 15127.9 14449.633333333333 1041.3556551171382 
11914.133333333333 15126.4 14437.266666666666 1022.7366583501997 
12220.033333333333 15195.6 14541.7 1041.3915802105055 
11786.766666666666 15061.366666666667 14391.133333333333 1045.2299754386856 
11831.633333333333 15010.166666666666 14298.166666666666 1086.8008807198003 
11129.766666666666 14872.433333333332 14100.933333333332 1206.4480980225471 
11899.466666666667 15045.4 14375.366666666667 1042.890068032101 
11750.833333333334 14993.533333333333 14351.166666666666 1250.9459631725815 
11535.533333333333 14905.8 14213.433333333332 1273.943939896886 
11568.166666666666 14928.633333333333 14250.233333333334 1304.5247125549852 
11532.233333333334 15042.8 14363.166666666666 1099.6529482321027 
11615.8 14992.933333333332 14292.133333333333 1220.681218919265 
11868.466666666667 15147.566666666668 14464.333333333334 1171.481892969565 
11471.333333333334 15130.7 14443.7 928.2403268191562 
11790.066666666668 15049.833333333334 14390.2 1006.3876100522436 
11979.933333333332 15041.233333333334 14370.133333333333 912.5201245269425 
11723.6 15095.8 14419.7 960.0984678667079 
11218.766666666666 15085.3 14332.1 1033.6335264492923 
11625.066666666668 15076.966666666667 14351.6 1174.4304154213085 
11773.2 15076.666666666666 14376.933333333332 1021.4542891822858 
11940.433333333332 14988.766666666666 14326.5 1199.6199268935143 
11800.133333333333 15013.266666666666 14373.466666666667 969.285665781192 
12113.5 15059.366666666667 14422.333333333334 1143.4487415028466 
11803.933333333332 15053.033333333333 14391.733333333334 1092.9044765618305 
11838.233333333334 15030.266666666666 14343.7 1030.0696955384458 
11240.633333333333 14953.8 14215.366666666667 903.0653910124362 
11960.966666666667 14940.4 14274.633333333333 1003.6472877571194 
11608.833333333334 14937.066666666668 14210.5 984.8077810754071 
11511.533333333333 14875.233333333334 14138.433333333332 881.7039925306251 
11453.966666666667 14992.566666666668 14238.166666666666 1024.6406514264188 
11526.333333333334 15087.933333333332 14347.0 1014.7902200290789 
11569.166666666666 15031.8 14267.8 867.6169467762451 
11921.433333333332 15154.933333333332 14456.433333333332 932.7513810704809 
11748.033333333333 15027.733333333334 14297.7 988.9793457566913 
11565.2 15211.866666666667 14480.833333333334 938.9190684564414 
11459.833333333334 15164.066666666668 14479.666666666666 888.7680025993535 
11656.2 15189.133333333333 14480.2 864.2326924310761 
11720.6 15155.2 14430.366666666667 1025.5703809750614 
11503.6 15140.8 14470.566666666668 1043.2045912582162 
11542.8 15084.666666666666 14351.9 1130.6358644585798 
11597.4 14981.5 14293.0 1110.233778985309 
11677.466666666667 15118.9 14407.7 914.4151336601261 
11661.466666666667 14995.4 14288.5 1016.404655800697 
11200.333333333334 15088.333333333334 14410.7 994.4895853317587 
11968.366666666667 15190.533333333333 14503.3 1110.5655454166883 
11395.866666666667 15067.133333333333 14383.533333333333 1053.711047098671 
11956.466666666667 15116.533333333333 14430.633333333333 1162.993074547069 
11918.166666666666 15218.533333333333 14551.966666666667 1046.809533349363 
11887.0 15265.2 14571.7 1185.7122353252498 
12133.533333333333 15187.733333333334 14501.166666666666 1171.6596975610662 
11711.366666666667 15114.566666666668 14407.0 1117.1508531378684 
12107.533333333333 15170.3 14552.466666666667 1096.3085177084047 
11886.066666666668 15051.6 14359.033333333333 1033.2559757065687 
12266.933333333332 15106.266666666666 14497.1 1050.1264571469474 
12473.066666666668 15063.033333333333 14455.7 1167.9775139102635 
12022.566666666668 15106.466666666667 14470.4 1250.8054871428515 
11970.366666666667 15109.7 14431.966666666667 962.1915467653342 
11848.966666666667 15098.033333333333 14417.433333333332 1106.7216514954828 
12038.266666666666 15025.1 14327.4 953.2384294253632 
11949.133333333333 15015.9 14360.433333333332 966.1221034516176 
11772.0 15022.7 14322.3 1108.2729996109563 
12234.133333333333 15142.9 14497.0 1088.3748886910855 
12133.2 15246.666666666666 14512.433333333332 1190.9377267981356 
12284.966666666667 15268.633333333333 14607.933333333332 1033.4550930414605 
11990.4 15072.466666666667 14405.733333333334 1046.7680369170196 
12206.466666666667 15203.5 14548.066666666668 1169.9867970290186 
12233.133333333333 15282.133333333333 14641.4 1000.9549771759632 
12202.066666666668 15297.2 14622.766666666666 974.4186958843146 
11880.6 15177.766666666666 14519.9 1052.1104511092612 
11862.366666666667 15135.9 14444.1 1124.8700145646458 
11991.7 15100.733333333334 14420.2 1134.0273180131067 
11841.333333333334 15174.233333333334 14504.566666666668 1013.3407600056801 
12133.266666666666 15119.866666666667 14436.6 1150.6472672659795 
12234.633333333333 15262.466666666667 14641.8 1059.1058793466623 
12216.466666666667 15201.1 14579.1 1060.6689166119024 
11797.566666666668 15148.933333333332 14448.933333333332 1006.4586676946935 
12474.066666666668 15223.833333333334 14568.0 1148.6126688314037 
11994.7 15113.6 14406.666666666666 1138.8878902976653 
11872.733333333334 15182.866666666667 14451.0 921.7567638301696 
11520.166666666666 15136.433333333332 14436.066666666668 1165.368816822478 
12104.633333333333 15182.566666666668 14450.033333333333 1091.8374811400379 
11893.633333333333 15198.9 14503.3 1079.9326420352952 
11837.666666666666 15206.5 14506.7 1078.2181190897013 
11968.2 15165.833333333334 14423.566666666668 1124.180690893496 
11787.233333333334 15244.633333333333 14528.0 1182.689299999511 
12058.333333333334 15177.033333333333 14474.1 1142.2512931341628 
12137.866666666667 15157.866666666667 14473.166666666666 1284.3628208397952 
12051.7 15151.866666666667 14479.733333333334 956.69177928712 
11857.0 15191.566666666668 14480.8 1139.3833980125683 
11990.333333333334 15285.133333333333 14584.466666666667 1000.558263393214 
12099.966666666667 15245.9 14588.033333333333 956.7463409911741 
12042.933333333332 15132.5 14467.433333333332 956.4485721784638 
12275.666666666666 15282.5 14568.6 1130.220754838039 
12174.233333333334 15216.1 14566.233333333334 1063.0854579947936 
12236.1 15314.1 14694.866666666667 1121.7912449391918 
11884.0 15188.733333333334 14470.9 1067.9435598382531 
11995.233333333334 15208.2 14481.466666666667 1193.4132348948633 
12243.433333333332 15378.133333333333 14732.866666666667 985.5073052325215 
12093.666666666666 15279.933333333332 14618.066666666668 1010.8089669500694 
12113.166666666666 15358.366666666667 14725.766666666666 1004.5238339078318 
11755.966666666667 15234.633333333333 14565.7 1059.904991025139 
11900.3 15253.566666666668 14619.366666666667 998.7664300414675 
11595.766666666666 15041.4 14349.566666666668 1106.5562651256776 
11823.933333333332 15067.3 14364.966666666667 950.3052938105967 
12172.733333333334 15109.9 14483.133333333333 977.0643575413943 
11906.533333333333 15096.066666666668 14418.133333333333 1101.5298991755867 
11820.133333333333 15006.566666666668 14291.433333333332 1009.7329107794352 
12126.4 15143.7 14472.333333333334 1020.7878754504615 
12054.233333333334 15150.766666666666 14496.733333333334 966.708658455759 
12036.4 15183.333333333334 14495.3 1069.0759868534446 
12005.9 15279.133333333333 14598.566666666668 1168.6773384186642 
12138.233333333334 15206.566666666668 14564.1 958.3011483870821 
11934.8 15167.366666666667 14493.3 1008.0317691752906 
11801.766666666666 15236.166666666666 14518.566666666668 1022.7583090186396 
11645.466666666667 15125.433333333332 14450.733333333334 1059.388129954687 
11862.266666666666 15074.5 14382.966666666667 960.1698455076697 
11938.7 15147.833333333334 14495.766666666666 881.5688459911808 
12053.966666666667 15234.233333333334 14554.533333333333 1118.3405158736064 
12252.8 15268.333333333334 14611.866666666667 905.3646410885137 
12087.566666666668 15239.433333333332 14589.2 986.3257000943788 
12230.433333333332 15306.4 14685.833333333334 953.6495268178977 
12054.966666666667 15250.533333333333 14570.366666666667 1003.4880157065487 
11701.433333333332 15144.866666666667 14434.866666666667 933.4227929745688 
12478.3 15265.866666666667 14616.866666666667 979.8336884957116 
11919.433333333332 15236.133333333333 14558.7 1008.2037056071555 
12130.7 15260.833333333334 14597.233333333334 882.0395765245207 
12129.433333333332 15314.133333333333 14648.733333333334 998.8901928306905 
12482.733333333334 15182.266666666666 14537.766666666666 997.5936745210668 
12196.633333333333 15302.033333333333 14625.066666666668 1097.001844574566 
11941.466666666667 15175.633333333333 14500.366666666667 1113.911100183094 
12313.0 15231.166666666666 14536.866666666667 982.2113033581137 
12287.066666666668 15330.8 14712.1 998.888396335313 
12278.866666666667 15250.866666666667 14579.366666666667 972.6998698353864 
12219.866666666667 15317.3 14696.966666666667 1025.9528288376616 
12004.433333333332 15216.766666666666 14569.966666666667 1162.2404253567045 
12056.066666666668 15213.3 14508.066666666668 976.7415465606948 
11805.433333333332 15147.2 14461.6 1053.9247533228674 
12292.366666666667 15149.766666666666 14504.066666666668 1044.1105880125917 
12386.233333333334 15148.266666666666 14497.233333333334 1149.6468536033142 
12540.8 15139.833333333334 14531.5 1109.7606112731398 
12004.966666666667 15191.7 14549.133333333333 1024.5720220874882 
12488.166666666666 15216.133333333333 14597.433333333332 1174.6905904203973 
12390.7 15238.133333333333 14583.133333333333 1269.9889940467988 
12070.0 15249.033333333333 14625.933333333332 1195.0861652338435 
12214.8 15352.666666666666 14689.266666666666 1085.7512460657522 
 
1.611111111111111 1.5177777777777777 1.5233333333333332 1.5666666666666667 1.49 1.4466666666666663 1.495555555555555 1.5233333333333332 1.4333333333333331 1.5044444444444447 1.4777777777777779 1.5055555555555555 1.5466666666666669 1.462222222222222 1.5488888888888888 1.4577777777777783 1.5088888888888892 1.4766666666666663 1.4544444444444444 1.5644444444444445 1.524444444444444 1.4933333333333334 1.5155555555555553 1.5688888888888888 1.4433333333333331 1.5677777777777777 1.4722222222222219 1.468888888888889 1.5344444444444447 1.4766666666666666 1.4999999999999998 
1.4400000000000004 1.4866666666666668 1.4533333333333334 1.5899999999999999 1.5199999999999998 1.5188888888888887 1.5622222222222222 1.5733333333333337 1.478888888888889 1.5455555555555556 1.462222222222222 1.4866666666666668 1.4788888888888887 1.4633333333333336 1.432222222222222 1.4988888888888883 1.5766666666666669 1.548888888888889 1.458888888888889 1.5444444444444445 1.5722222222222224 1.56 1.45 1.4666666666666666 1.5255555555555558 1.5133333333333332 1.5133333333333334 1.4555555555555557 1.4777777777777779 1.4633333333333336 1.4633333333333334 
1.52 1.6855555555555555 1.4244444444444442 1.512222222222222 1.6066666666666667 1.5033333333333334 1.4033333333333333 1.4833333333333336 1.51 1.4511111111111112 1.4788888888888891 1.5055555555555558 1.4755555555555555 1.4955555555555553 1.4822222222222226 1.4722222222222223 1.4622222222222219 1.533333333333333 1.4822222222222223 1.5000000000000002 1.4777777777777776 1.5399999999999998 1.556666666666667 1.4566666666666666 1.4633333333333334 1.4255555555555555 1.5699999999999998 1.4933333333333334 1.5300000000000005 1.5700000000000003 1.4977777777777777 
1.5799999999999996 1.4955555555555553 1.431111111111111 1.48 1.5200000000000002 1.492222222222222 1.047777777777778 1.045555555555556 1.3599999999999999 1.47 1.4666666666666663 1.5555555555555551 1.491111111111111 1.5066666666666668 1.5055555555555553 1.3977777777777776 1.5166666666666662 1.611111111111111 1.8933333333333329 1.6522222222222218 1.5733333333333335 1.5544444444444443 1.5 1.4088888888888889 1.5188888888888887 1.52 1.0577777777777784 1.4366666666666668 1.4777777777777779 1.498888888888889 1.4744444444444444 
1.477777777777778 1.528888888888889 1.4277777777777778 1.5422222222222224 1.4622222222222223 1.5400000000000003 1.431111111111111 1.5111111111111113 1.0611111111111116 1.5444444444444447 1.4166666666666663 1.474444444444444 1.471111111111111 1.5333333333333337 1.4977777777777777 1.5088888888888892 1.4755555555555555 1.5888888888888886 1.752222222222222 1.5355555555555556 1.4855555555555555 1.4733333333333332 1.6044444444444443 1.502222222222222 1.5511111111111104 1.4977777777777779 1.482222222222222 1.48 1.336666666666667 1.5011111111111113 1.5466666666666666 
1.4455555555555553 1.5077777777777779 1.5066666666666668 1.5188888888888894 1.5366666666666668 1.4911111111111108 1.4855555555555557 1.4211111111111114 1.616666666666667 1.4300000000000004 1.541111111111111 1.5488888888888888 1.4477777777777783 1.5588888888888885 1.498888888888889 1.5422222222222226 1.492222222222222 1.3933333333333335 1.6044444444444441 1.5877777777777777 1.5355555555555553 1.593333333333333 1.5577777777777777 1.4822222222222223 1.494444444444444 1.4677777777777774 1.4466666666666665 1.5155555555555553 1.5877777777777777 1.5944444444444446 1.478888888888889 
1.5000000000000002 1.5811111111111107 1.4711111111111115 1.6733333333333333 1.4711111111111113 1.4333333333333331 1.7577777777777777 1.5533333333333335 1.6477777777777771 1.5755555555555556 1.4566666666666666 1.518888888888889 1.5322222222222217 1.5700000000000003 1.4455555555555555 1.5588888888888888 1.513333333333333 1.4966666666666668 1.1722222222222218 1.3522222222222218 1.4255555555555552 1.4477777777777776 1.5488888888888885 1.512222222222222 1.4688888888888887 1.4811111111111115 1.641111111111111 1.5155555555555555 1.3744444444444448 1.55 1.4655555555555557 
 
870.0
1305.0
1531.2
1685.8666666666666
1758.3666666666666
1813.4666666666667
1893.7
1879.2
1938.1666666666667
1952.6666666666667
2014.5333333333333
2004.8666666666666
2020.3333333333333
2059.9666666666667
2039.6666666666667
2089.9333333333334
2141.1666666666665
2134.4
2092.8333333333335
2136.3333333333335
2167.266666666667
2169.2
2223.3333333333335
2249.4333333333334
2256.2
2268.766666666667
2254.266666666667
2319.0333333333333
2345.133333333333
2389.6
2410.866666666667
2472.733333333333
2456.3
2461.133333333333
2458.233333333333
2396.366666666667
2465.9666666666667
2419.5666666666666
2429.233333333333
2383.8
2447.6
2460.1666666666665
2416.6666666666665
2420.5333333333333
2350.9333333333334
2398.3
2414.733333333333
2433.1
2440.8333333333335
2391.5333333333333
2408.9333333333334
2302.6
2320.9666666666667
2424.4
2478.5333333333333
2445.6666666666665
2426.3333333333335
2474.6666666666665
2420.5333333333333
2432.133333333333
2322.9
2309.366666666667
2365.4333333333334
2414.733333333333
2441.8
2441.8
2423.4333333333334
2438.9
2493.0333333333333
2476.6
2386.7
2494.0
2528.8
2503.6666666666665
2541.366666666667
2509.4666666666667
2505.6
2453.4
2516.233333333333
2501.733333333333
2596.4666666666667
2550.0666666666666
2515.266666666667
2533.633333333333
2606.133333333333
2525.9
2476.6
2470.8
2419.5666666666666
2454.366666666667
2491.1
2492.0666666666666
2495.9333333333334
2452.4333333333334
2493.0333333333333
2568.4333333333334
2517.2
2459.2
2483.366666666667
2487.233333333333
2397.3333333333335
2428.266666666667
2440.8333333333335
2486.266666666667
2515.266666666667
2485.3
2487.233333333333
2448.5666666666666
2468.866666666667
2391.5333333333333
2415.7
2400.233333333333
2352.866666666667
2382.8333333333335
2467.9
2425.366666666667
2396.366666666667
2362.5333333333333
2426.3333333333335
2445.6666666666665
2430.2
2425.366666666667
2407.0
2393.4666666666667
2387.6666666666665
2399.266666666667
2413.766666666667
2457.266666666667
2454.366666666667
2485.3
2508.5
2523.0
2531.7
2523.0
2516.233333333333
2549.1
2475.633333333333
2484.3333333333335
2444.7
2367.366666666667
2307.4333333333334
2331.6
2385.733333333333
2356.733333333333
2415.7
2474.6666666666665
2460.1666666666665
2503.6666666666665
2559.733333333333
2531.7
2540.4
2473.7
2494.9666666666667
2478.5333333333333
2492.0666666666666
2557.8
2585.8333333333335
2581.9666666666667
2585.8333333333335
2634.1666666666665
2573.266666666667
2639.0
2565.5333333333333
2522.0333333333333
2537.5
2557.8
2537.5
2512.366666666667
2571.3333333333335
2540.4
2619.6666666666665
2607.1
2667.0333333333333
2719.233333333333
2661.233333333333
2725.0333333333333
2573.266666666667
2554.9
2465.9666666666667
2538.4666666666667
2555.866666666667
2591.633333333333
2562.633333333333
2518.1666666666665
2528.8
2576.1666666666665
2567.4666666666667
2518.1666666666665
2496.9
2498.8333333333335
2552.9666666666667
2660.266666666667
2565.5333333333333
2569.4
2554.9
2583.9
2592.6
2649.633333333333
2653.5
2624.5
2664.133333333333
2690.233333333333
2646.733333333333
2554.9
2629.3333333333335
2593.5666666666666
2550.0666666666666
2595.5
2618.7
2618.7
2686.366666666667
2705.7
2721.1666666666665
2705.7
2738.5666666666666
2780.133333333333
2639.0
2569.4
2606.133333333333
2562.633333333333
2519.133333333333
2610.9666666666667
2588.733333333333
2504.633333333333
2518.1666666666665
2556.8333333333335
2505.6
2523.0
2568.4333333333334
2525.9
2500.766666666667
2541.366666666667
2512.366666666667
2566.5
2583.9
2582.9333333333334
2631.266666666667
2590.6666666666665
2554.9
2551.0333333333333
2587.766666666667
2526.866666666667
2504.633333333333
2559.733333333333
2593.5666666666666
2660.266666666667
2664.133333333333
2620.633333333333
2606.133333333333
2599.366666666667
2532.6666666666665
2541.366666666667
2561.6666666666665
2540.4
2566.5
2579.0666666666666
2657.366666666667
2690.233333333333
2558.766666666667
2534.6
2574.233333333333
2605.1666666666665
2563.6
2494.9666666666667
2514.3
2557.8
2615.8
2678.633333333333
2653.5
2704.733333333333
2697.0
2759.8333333333335
2723.1
2710.5333333333333
2711.5
2727.9333333333334
2759.8333333333335
2750.1666666666665
2817.8333333333335
2749.2
2755.0
2731.8
2673.8
2654.4666666666667
2671.866666666667
2687.3333333333335
2741.4666666666667
2729.866666666667
2693.133333333333
2656.4
2662.2
2584.866666666667
2569.4
2595.5
2584.866666666667
2554.9
2566.5
2596.4666666666667
2621.6
2513.3333333333335
2567.4666666666667
2635.133333333333
2610.0
2536.5333333333333
2516.233333333333
2544.266666666667
2480.4666666666667
2539.4333333333334
2578.1
2549.1
2535.5666666666666
2604.2
2645.766666666667
2612.9
2651.5666666666666
2610.0
2562.633333333333
2502.7
2442.766666666667
2516.233333333333
2552.9666666666667
2628.366666666667
2605.1666666666665
2595.5
2531.7
2550.0666666666666
2554.9
2557.8
2610.9666666666667
2597.4333333333334
2643.8333333333335
2623.5333333333333
2640.9333333333334
2595.5
2554.9
2587.766666666667
2554.9
2591.633333333333
2539.4333333333334
2514.3
2536.5333333333333
2544.266666666667
2572.3
2569.4
2604.2
2611.9333333333334
2518.1666666666665
2598.4
2617.733333333333
2730.8333333333335
2755.0
2700.866666666667
2657.366666666667
2678.633333333333
2661.233333333333
2637.0666666666666
2611.9333333333334
2622.5666666666666
2658.3333333333335
2657.366666666667
2703.766666666667
2629.3333333333335
2663.1666666666665
2581.0
2594.5333333333333
2592.6
2656.4
2688.3
2626.4333333333334
2625.4666666666667
2660.266666666667
2671.866666666667
2680.5666666666666
2655.4333333333334
2569.4
2557.8
2583.9
2580.0333333333333
2596.4666666666667
2588.733333333333
2670.9
2601.3
2637.0666666666666
2647.7
2621.6
2655.4333333333334
2646.733333333333
2607.1
2638.0333333333333
2588.733333333333
2604.2
2581.9666666666667
2554.9
2641.9
2556.8333333333335
2562.633333333333
2568.4333333333334
2658.3333333333335
2662.2
2629.3333333333335
2580.0333333333333
2555.866666666667
2558.766666666667
2597.4333333333334
2638.0333333333333
2713.4333333333334
2718.266666666667
2760.8
2761.766666666667
2733.733333333333
2745.3333333333335
2754.0333333333333
2808.1666666666665
2730.8333333333335
2693.133333333333
2641.9
2666.0666666666666
2668.0
2728.9
2680.5666666666666
2696.0333333333333
2740.5
2639.0
2644.8
2665.1
2645.766666666667
2664.133333333333
2616.766666666667
2650.6
2724.0666666666666
2680.5666666666666
2696.0333333333333
2650.6
2738.5666666666666
2739.5333333333333
2790.766666666667
2799.4666666666667
2821.7
2815.9
2745.3333333333335
2792.7
2701.8333333333335
2660.266666666667
2610.0
2620.633333333333
2616.766666666667
2606.133333333333
2639.9666666666667
2632.233333333333
2662.2
2652.5333333333333
2662.2
2688.3
2755.0
2761.766666666667
2743.4
2724.0666666666666
2762.733333333333
2686.366666666667
2611.9333333333334
2665.1
2775.3
2809.133333333333
2933.8333333333335
2880.6666666666665
2887.4333333333334
2900.0
2794.633333333333
2751.133333333333
2801.4
2786.9
2741.4666666666667
2702.8
2726.9666666666667
2726.0
2752.1
2697.9666666666667
2624.5
2652.5333333333333
2626.4333333333334
2682.5
2678.633333333333
2665.1
2733.733333333333
2756.9333333333334
2750.1666666666665
2686.366666666667
2696.0333333333333
2711.5
2714.4
2761.766666666667
2745.3333333333335
2744.366666666667
2788.8333333333335
2779.1666666666665
2719.233333333333
2637.0666666666666
2703.766666666667
2744.366666666667
2795.6
2756.9333333333334
2753.0666666666666
2734.7
2775.3
2823.633333333333
2819.766666666667
2734.7
2693.133333333333
2719.233333333333
2710.5333333333333
2747.266666666667
2768.5333333333333
2755.0
2705.7
2698.9333333333334
2685.4
2672.8333333333335
2690.233333333333
2715.366666666667
2669.9333333333334
2677.6666666666665
2564.5666666666666
2622.5666666666666
2655.4333333333334
2726.9666666666667
2731.8
2742.4333333333334
2749.2
2654.4666666666667
2604.2
2630.3
2678.633333333333
2642.866666666667
2608.0666666666666
2612.9
2574.233333333333
2584.866666666667
2646.733333333333
2702.8
2666.0666666666666
2645.766666666667
2639.0
2626.4333333333334
2689.266666666667
2694.1
2758.866666666667
2753.0666666666666
2730.8333333333335
2732.766666666667
2747.266666666667
2683.4666666666667
2653.5
2717.3
2728.9
2824.6
2725.0333333333333
2649.633333333333
2689.266666666667
2629.3333333333335
2638.0333333333333
2648.6666666666665
2703.766666666667
2764.6666666666665
2740.5
2768.5333333333333
2754.0333333333333
2726.9666666666667
2752.1
2784.0
2751.133333333333
2713.4333333333334
2771.4333333333334
2813.9666666666667
2817.8333333333335
2853.6
2811.0666666666666
2784.0
2855.5333333333333
2892.266666666667
2827.5
2803.3333333333335
2708.6
2784.9666666666667
2646.733333333333
2638.0333333333333
2667.0333333333333
2715.366666666667
2671.866666666667
2736.633333333333
2697.9666666666667
2627.4
2577.133333333333
2629.3333333333335
2631.266666666667
2588.733333333333
2557.8
2567.4666666666667
2573.266666666667
2602.266666666667
2624.5
