15992.033333333333 32792.4 16465.566666666666
14001.3 30905.933333333334 20342.766666666666
14258.233333333334 28866.566666666666 22125.2
15735.366666666667 26591.8 22922.833333333332
19527.066666666666 23119.033333333333 22603.9
24012.233333333334 21362.666666666668 19875.1
29160.533333333333 18961.933333333334 17127.533333333333
32767.133333333335 17974.266666666666 14508.6
35295.53333333333 17084.366666666665 12870.1
37808.433333333334 15771.1 11670.466666666667
39840.933333333334 13902.9 11506.166666666666
41176.0 13380.4 10693.6
42081.433333333334 12974.066666666668 10194.5
43609.8 11936.833333333334 9703.366666666667
44267.333333333336 12464.566666666668 8518.1
45119.433333333334 12154.066666666668 7976.5
45352.96666666667 12388.6 7508.433333333333
47777.26666666667 10932.833333333334 6539.9
50048.933333333334 10079.7 5121.366666666667
49907.0 9867.266666666666 5475.733333333334
52811.1 8216.9 4222.0
52608.5 8345.333333333334 4296.166666666667
53326.03333333333 7816.2 4107.766666666666
55185.26666666667 6446.2 3618.5333333333333
54290.46666666667 6957.966666666666 4001.5666666666666
54806.53333333333 6605.666666666667 3837.8
53445.066666666666 7352.266666666666 4452.666666666667
55103.666666666664 6383.9 3762.4333333333334
53811.6 6940.233333333334 4498.166666666667
55129.86666666667 6022.666666666667 4097.466666666666
54450.26666666667 6570.3 4229.433333333333
55487.86666666667 5913.7 3848.4333333333334
55323.23333333333 5808.133333333333 4118.633333333333
56087.36666666667 5524.866666666667 3637.766666666667
55334.26666666667 6076.066666666667 3839.6666666666665
56245.5 5620.633333333333 3383.866666666667
55689.066666666666 5835.866666666667 3725.0666666666666
54602.933333333334 6951.433333333333 3695.633333333333
54968.933333333334 6696.866666666667 3584.2
55766.96666666667 6136.6 3346.4333333333334
53603.26666666667 7685.866666666667 3960.866666666667
55509.63333333333 6475.566666666667 3264.8
55138.4 6601.1 3510.5
54669.13333333333 6837.033333333334 3743.8333333333335
55398.46666666667 6276.266666666666 3575.266666666667
55623.63333333333 6059.9 3566.4666666666667
55524.23333333333 6189.4 3536.366666666667
56000.333333333336 5957.8 3291.866666666667
55536.13333333333 6240.4 3473.4666666666667
55007.833333333336 7000.033333333334 3242.133333333333
55469.53333333333 6423.966666666666 3356.5
55563.36666666667 6441.466666666666 3245.1666666666665
56267.13333333333 6120.533333333334 2862.3333333333335
55980.3 6190.1 3079.6
56541.5 5838.6 2869.9
56414.166666666664 6279.733333333334 2556.1
57463.5 5240.7 2545.8
56252.1 6273.8 2724.1
56696.3 5933.3 2620.4
57555.5 5082.066666666667 2612.4333333333334
57254.76666666667 5446.9 2548.3333333333335
57919.9 5154.033333333334 2176.0666666666666
56921.5 5574.533333333334 2753.9666666666667
57279.0 5598.333333333333 2372.6666666666665
56620.96666666667 5725.033333333334 2904.0
57131.0 5552.5 2566.5
57469.96666666667 5344.533333333334 2435.5
57468.13333333333 5413.466666666666 2368.4
57469.066666666666 5229.0 2551.9333333333334
57452.9 5284.2 2512.9
57418.53333333333 5248.666666666667 2582.8
56633.5 5933.366666666667 2683.133333333333
56643.96666666667 5773.6 2832.4333333333334
57395.76666666667 5244.9 2609.3333333333335
57694.833333333336 5147.966666666666 2407.2
57373.76666666667 5422.666666666667 2453.5666666666666
56245.333333333336 6196.2 2808.4666666666667
57348.933333333334 5545.533333333334 2355.5333333333333
57421.46666666667 5391.033333333334 2437.5
56922.53333333333 5498.0 2829.4666666666667
57880.5 4932.4 2437.1
56832.2 5680.266666666666 2737.5333333333333
57869.26666666667 5114.4 2266.3333333333335
58070.1 4943.966666666666 2235.9333333333334
56874.4 5624.933333333333 2750.6666666666665
56844.23333333333 5710.1 2695.6666666666665
56552.066666666666 5806.266666666666 2891.6666666666665
57776.86666666667 5014.9 2458.233333333333
55897.86666666667 6224.366666666667 3127.766666666667
57065.8 5295.2 2889.0
56993.666666666664 5233.566666666667 3022.766666666667
58233.433333333334 4482.466666666666 2534.1
57731.36666666667 5108.833333333333 2409.8
56115.9 6293.4 2840.7
56860.23333333333 5666.633333333333 2723.133333333333
55628.1 6361.866666666667 3260.0333333333333
57416.26666666667 5240.166666666667 2593.5666666666666
57554.86666666667 5193.066666666667 2502.0666666666666
56603.13333333333 5958.0 2688.866666666667
57225.63333333333 5486.766666666666 2537.6
56238.566666666666 6098.333333333333 2913.1
57551.3 5409.3 2289.4
57385.833333333336 5470.133333333333 2394.0333333333333
56349.3 5965.933333333333 2934.766666666667
55826.166666666664 6360.266666666666 3063.5666666666666
57781.833333333336 5013.533333333334 2454.633333333333
56663.9 5792.5 2793.6
56548.0 5972.933333333333 2729.0666666666666
56810.833333333336 5684.033333333334 2755.133333333333
56189.63333333333 6214.833333333333 2845.5333333333333
58335.3 4617.533333333334 2297.1666666666665
57412.166666666664 5256.966666666666 2580.866666666667
56020.53333333333 6371.066666666667 2858.4
56663.433333333334 5719.533333333334 2867.0333333333333
56601.8 5800.366666666667 2847.8333333333335
57269.433333333334 5583.5 2397.0666666666666
56332.6 6070.433333333333 2846.9666666666667
56873.23333333333 5645.266666666666 2731.5
58237.26666666667 4605.0 2407.733333333333
56945.36666666667 5754.066666666667 2550.5666666666666
57306.3 5254.6 2689.1
57836.933333333334 5080.366666666667 2332.7
57993.8 4756.433333333333 2499.766666666667
55364.833333333336 6634.933333333333 3250.233333333333
57008.166666666664 5702.933333333333 2538.9
57870.96666666667 5103.133333333333 2275.9
57242.666666666664 5514.433333333333 2492.9
57335.13333333333 5232.566666666667 2682.3
57048.4 5529.4 2672.2
57080.63333333333 5345.733333333334 2823.633333333333
57865.63333333333 4707.266666666666 2677.1
57922.3 5023.333333333333 2304.366666666667
56990.96666666667 5537.9 2721.133333333333
57143.066666666666 5314.066666666667 2792.866666666667
56880.666666666664 5669.833333333333 2699.5
56526.36666666667 5752.8 2970.8333333333335
56945.73333333333 5433.066666666667 2871.2
57090.53333333333 5474.866666666667 2684.6
57177.8 5143.6 2928.6
56382.23333333333 5807.133333333333 3060.633333333333
57284.03333333333 5148.266666666666 2817.7
57682.833333333336 4768.233333333334 2798.9333333333334
56459.0 5815.366666666667 2975.633333333333
55904.833333333336 5959.933333333333 3385.233333333333
56474.566666666666 5834.466666666666 2940.9666666666667
56620.63333333333 5775.933333333333 2853.4333333333334
55524.86666666667 6055.533333333334 3669.6
57404.9 5072.766666666666 2772.3333333333335
56870.03333333333 5687.0 2692.9666666666667
57318.666666666664 5102.7 2828.633333333333
57925.5 4937.5 2387.0
57446.8 5165.533333333334 2637.6666666666665
57465.0 5238.5 2546.5
57307.5 4980.033333333334 2962.4666666666667
56592.96666666667 5709.6 2947.4333333333334
57388.53333333333 4899.5 2961.9666666666667
56620.9 5407.7 3221.4
58349.6 4357.4 2543.0
56103.4 5640.833333333333 3505.766666666667
56499.73333333333 5510.266666666666 3240.0
57246.46666666667 5213.733333333334 2789.8
56931.53333333333 5131.766666666666 3186.7
56694.7 5479.466666666666 3075.8333333333335
56419.833333333336 5452.033333333334 3378.133333333333
58160.26666666667 4416.633333333333 2673.1
57356.8 4916.466666666666 2976.733333333333
57739.933333333334 4836.5 2673.5666666666666
57558.26666666667 5153.2 2538.5333333333333
57949.86666666667 4624.666666666667 2675.4666666666667
56389.76666666667 5377.033333333334 3483.2
57187.6 4908.433333333333 3153.9666666666667
57729.53333333333 4690.333333333333 2830.133333333333
57551.73333333333 5063.866666666667 2634.4
57233.53333333333 4871.5 3144.9666666666667
57820.333333333336 4590.8 2838.866666666667
57599.96666666667 4754.366666666667 2895.6666666666665
56637.4 5314.033333333334 3298.5666666666666
56092.4 5583.833333333333 3573.766666666667
56040.5 5584.966666666666 3624.5333333333333
56342.833333333336 5589.3 3317.866666666667
56754.666666666664 5393.5 3101.8333333333335
55826.73333333333 5722.6 3700.6666666666665
57393.666666666664 4617.933333333333 3238.4
56008.3 5522.466666666666 3719.233333333333
57116.36666666667 5028.5 3105.133333333333
57130.433333333334 5031.066666666667 3088.5
57577.73333333333 4873.533333333334 2798.733333333333
57043.76666666667 5166.233333333334 3040.0
57646.3 4699.3 2904.4
56879.1 5340.866666666667 3030.0333333333333
56370.63333333333 5518.066666666667 3361.3
56336.333333333336 5397.466666666666 3516.2
56813.03333333333 5325.233333333334 3111.733333333333
56504.9 5541.3 3203.8
54950.166666666664 6438.466666666666 3861.366666666667
55454.933333333334 6252.133333333333 3542.9333333333334
56868.76666666667 5228.033333333334 3153.2
57623.4 4879.066666666667 2747.5333333333333
57256.8 5041.9 2951.3
57357.433333333334 4926.566666666667 2966.0
56980.63333333333 5130.866666666667 3138.5
57221.8 4982.2 3046.0
56202.96666666667 5701.066666666667 3345.9666666666667
56545.066666666666 5514.066666666667 3190.866666666667
57789.13333333333 4666.333333333333 2794.5333333333333
56406.166666666664 5747.3 3096.5333333333333
56644.7 5642.466666666666 2962.8333333333335
56214.7 5781.4 3253.9
55295.433333333334 6267.933333333333 3686.633333333333
55967.76666666667 5831.433333333333 3450.8
55747.73333333333 5882.466666666666 3619.8
55913.3 5925.2 3411.5
56208.9 5595.366666666667 3445.733333333333
55475.0 5789.266666666666 3985.733333333333
56537.433333333334 5330.2 3382.366666666667
56567.86666666667 5472.3 3209.8333333333335
55778.166666666664 5906.266666666666 3565.5666666666666
56227.6 5827.133333333333 3195.266666666667
57594.4 4713.833333333333 2941.766666666667
56959.4 5130.566666666667 3160.0333333333333
58036.833333333336 4730.1 2483.0666666666666
57258.26666666667 5195.0 2796.733333333333
56270.7 5750.1 3229.2
56644.23333333333 5495.2 3110.5666666666666
56289.0 6015.133333333333 2945.866666666667
57737.566666666666 4937.933333333333 2574.5
56778.1 5724.0 2747.9
56586.8 5471.433333333333 3191.766666666667
56964.36666666667 5377.433333333333 2908.2
58367.4 4554.8 2327.8
56500.86666666667 5477.266666666666 3271.866666666667
57980.3 4622.6 2647.1
56984.933333333334 5200.866666666667 3064.2
57066.666666666664 5271.366666666667 2911.9666666666667
57165.7 5221.433333333333 2862.866666666667
57804.0 4845.766666666666 2600.233333333333
56881.63333333333 5345.133333333333 3023.233333333333
58274.46666666667 4725.6 2249.9333333333334
57425.36666666667 5113.066666666667 2711.5666666666666
57096.4 5180.933333333333 2972.6666666666665
57418.86666666667 5082.666666666667 2748.4666666666667
57167.13333333333 5029.366666666667 3053.5
56397.53333333333 5726.5 3125.9666666666667
56256.36666666667 5911.366666666667 3082.266666666667
56531.7 5615.133333333333 3103.1666666666665
57070.86666666667 5295.0 2884.133333333333
56100.36666666667 6073.966666666666 3075.6666666666665
56215.9 5949.7 3084.4
56224.76666666667 6009.5 3015.733333333333
57260.36666666667 5292.0 2697.633333333333
57661.566666666666 4970.066666666667 2618.366666666667
57221.833333333336 5191.766666666666 2836.4
57131.53333333333 5207.066666666667 2911.4
57740.8 4816.833333333333 2692.366666666667
58369.23333333333 4641.866666666667 2238.9
57895.46666666667 4722.7 2631.8333333333335
57123.73333333333 5309.0 2817.266666666667
57766.63333333333 5042.866666666667 2440.5
56243.23333333333 5777.3 3229.4666666666667
57292.3 4847.533333333334 3110.1666666666665
56865.066666666666 5493.666666666667 2891.266666666667
57409.166666666664 5036.8 2804.0333333333333
57603.86666666667 4863.833333333333 2782.3
57109.63333333333 5228.433333333333 2911.9333333333334
58194.6 4481.966666666666 2573.4333333333334
57379.066666666666 5208.3 2662.633333333333
58779.066666666666 4156.1 2314.8333333333335
58203.166666666664 4625.7 2421.133333333333
57667.4 4874.566666666667 2708.0333333333333
57192.566666666666 5043.166666666667 3014.266666666667
57340.8 4873.733333333334 3035.4666666666667
57168.833333333336 5272.533333333334 2808.633333333333
57555.86666666667 4799.166666666667 2894.9666666666667
58528.8 4236.866666666667 2484.3333333333335
57324.13333333333 4955.266666666666 2970.6
56986.76666666667 5169.533333333334 3093.7
57535.7 4724.866666666667 2989.4333333333334
56888.86666666667 5301.633333333333 3059.5
58227.76666666667 4503.633333333333 2518.6
57660.566666666666 5050.333333333333 2539.1
57093.333333333336 5132.433333333333 3024.233333333333
56968.833333333336 5102.6 3178.5666666666666
56282.03333333333 5666.366666666667 3301.6
57306.53333333333 5101.5 2841.9666666666667
56698.6 5661.866666666667 2889.5333333333333
58208.433333333334 4438.733333333334 2602.8333333333335
57584.86666666667 4906.433333333333 2758.7
57676.333333333336 4946.466666666666 2627.2
57244.23333333333 5277.033333333334 2728.733333333333
56668.8 5487.7 3093.5
58161.1 4585.366666666667 2503.5333333333333
58337.73333333333 4590.2 2322.0666666666666
57383.36666666667 5022.033333333334 2844.6
56957.066666666666 5329.333333333333 2963.6
57180.03333333333 5404.9 2665.0666666666666
56700.433333333334 5632.966666666666 2916.6
57276.63333333333 5326.066666666667 2647.3
56614.5 5739.8 2895.7
56420.76666666667 5835.666666666667 2993.5666666666666
58276.9 4496.7 2476.4
56691.5 5551.8 3006.7
57908.6 4753.6 2587.8
58262.76666666667 4648.5 2338.733333333333
58367.6 4460.766666666666 2421.633333333333
57497.5 5018.633333333333 2733.866666666667
57233.7 5265.066666666667 2751.233333333333
56515.8 5887.633333333333 2846.5666666666666
57005.86666666667 5399.8 2844.3333333333335
58182.066666666666 4643.333333333333 2424.6
56468.63333333333 5690.4 3090.9666666666667
57706.36666666667 4925.2 2618.4333333333334
57675.3 4704.266666666666 2870.4333333333334
57340.166666666664 5018.9 2890.9333333333334
57332.933333333334 5193.733333333334 2723.3333333333335
56340.8 5627.866666666667 3281.3333333333335
58546.13333333333 4422.766666666666 2281.1
57023.0 5490.566666666667 2736.4333333333334
57938.433333333334 4775.533333333334 2536.0333333333333
57928.73333333333 4571.2 2750.0666666666666
57111.566666666666 5195.366666666667 2943.0666666666666
57937.03333333333 4748.166666666667 2564.8
57408.53333333333 5018.0 2823.4666666666667
57005.73333333333 5453.333333333333 2790.9333333333334
56886.73333333333 5419.7 2943.5666666666666
57727.066666666666 4853.966666666666 2668.9666666666667
57587.1 4903.033333333334 2759.866666666667
57370.53333333333 4926.366666666667 2953.1
57204.833333333336 5063.033333333334 2982.133333333333
56876.63333333333 5366.266666666666 3007.1
56131.23333333333 5749.033333333334 3369.733333333333
57537.36666666667 5038.266666666666 2674.366666666667
56383.433333333334 5722.633333333333 3143.9333333333334
56654.933333333334 5449.8 3145.266666666667
56795.166666666664 5207.133333333333 3247.7
56710.0 5388.9 3151.1
55896.26666666667 5627.033333333334 3726.7
56715.96666666667 5488.5 3045.5333333333333
56770.433333333334 5365.1 3114.4666666666667
57874.9 4785.0 2590.1
58014.9 4717.166666666667 2517.9333333333334
56343.333333333336 5831.566666666667 3075.1
56748.96666666667 5687.1 2813.9333333333334
57369.7 5281.633333333333 2598.6666666666665
57027.833333333336 5293.966666666666 2928.2
56780.166666666664 5331.633333333333 3138.2
57266.1 5193.366666666667 2790.5333333333333
57670.6 4783.3 2796.1
56440.933333333334 5584.033333333334 3225.0333333333333
57424.433333333334 4850.866666666667 2974.7
56783.9 5301.766666666666 3164.3333333333335
56868.0 5369.233333333334 3012.766666666667
56858.0 5618.533333333334 2773.4666666666667
58055.96666666667 4743.166666666667 2450.866666666667
56276.0 5787.5 3186.5
57406.5 5172.866666666667 2670.633333333333
56118.666666666664 5982.433333333333 3148.9
57576.46666666667 4998.466666666666 2675.0666666666666
57531.36666666667 5037.666666666667 2680.9666666666667
56885.23333333333 5650.3 2714.4666666666667
57704.8 4879.7 2665.5
57308.13333333333 5301.533333333334 2640.3333333333335
58050.26666666667 4749.733333333334 2450.0
56326.86666666667 5907.666666666667 3015.4666666666667
57237.73333333333 5173.433333333333 2838.8333333333335
57391.333333333336 5069.566666666667 2789.1
56575.3 5755.3 2919.4
57318.1 5211.566666666667 2720.3333333333335
57128.03333333333 5299.7 2822.266666666667
58041.13333333333 4613.466666666666 2595.4
56691.833333333336 5687.733333333334 2870.4333333333334
56553.76666666667 5813.133333333333 2883.1
56596.566666666666 5637.166666666667 3016.266666666667
57534.73333333333 5066.633333333333 2648.633333333333
57811.8 5110.9 2327.3
56874.333333333336 5625.633333333333 2750.0333333333333
56383.166666666664 5669.933333333333 3196.9
57134.066666666666 5295.433333333333 2820.5
58184.63333333333 4551.7 2513.6666666666665
57059.0 5279.866666666667 2911.133333333333
56987.03333333333 5024.133333333333 3238.8333333333335
56847.1 5333.733333333334 3069.1666666666665
56327.86666666667 5639.266666666666 3282.866666666667
57797.03333333333 4612.266666666666 2840.7
56391.36666666667 5580.7 3277.9333333333334
57153.03333333333 5124.133333333333 2972.8333333333335
57540.86666666667 4817.166666666667 2891.9666666666667
58049.76666666667 4615.4 2584.8333333333335
57348.433333333334 5236.033333333334 2665.5333333333333
58018.23333333333 4531.3 2700.4666666666667
58073.333333333336 4595.333333333333 2581.3333333333335
56577.63333333333 5550.566666666667 3121.8
57702.3 4873.633333333333 2674.0666666666666
57182.46666666667 5096.266666666666 2971.266666666667
56699.933333333334 5460.9 3089.1666666666665
56929.13333333333 5203.5 3117.366666666667
57361.1 4816.266666666666 3072.633333333333
57199.666666666664 5045.866666666667 3004.4666666666667
56938.4 5399.933333333333 2911.6666666666665
57336.2 5046.9 2866.9
56528.433333333334 5605.766666666666 3115.8
55822.86666666667 5851.033333333334 3576.1
56697.46666666667 5372.7 3179.8333333333335
57233.13333333333 4989.633333333333 3027.233333333333
55880.03333333333 5811.4 3558.5666666666666
55762.73333333333 6085.533333333334 3401.733333333333
57608.666666666664 4904.266666666666 2737.0666666666666
57128.23333333333 5016.266666666666 3105.5
57767.066666666666 4877.4 2605.5333333333333
55913.9 5840.566666666667 3495.5333333333333
57160.333333333336 4917.533333333334 3172.133333333333
58015.76666666667 4632.466666666666 2601.766666666667
57043.36666666667 5154.4 3052.233333333333
57822.23333333333 4649.233333333334 2778.5333333333333
56908.96666666667 5407.166666666667 2933.866666666667
56731.46666666667 5320.6 3197.9333333333334
56113.3 5955.066666666667 3181.633333333333
56389.53333333333 5638.566666666667 3221.9
57935.5 4610.333333333333 2704.1666666666665
57091.96666666667 5252.566666666667 2905.4666666666667
55815.666666666664 5993.066666666667 3441.266666666667
56451.566666666666 5788.966666666666 3009.4666666666667
56386.2 5632.666666666667 3231.133333333333
56662.46666666667 5614.833333333333 2972.7
56970.13333333333 5307.8 2972.0666666666666
56842.566666666666 5441.966666666666 2965.4666666666667
57099.9 5331.6 2818.5
57572.3 5079.666666666667 2598.0333333333333
56870.333333333336 5215.9 3163.766666666667
56774.63333333333 5387.233333333334 3088.133333333333
57464.5 4814.433333333333 2971.0666666666666
58075.666666666664 4378.2 2796.133333333333
56596.73333333333 5466.833333333333 3186.4333333333334
56689.36666666667 5368.666666666667 3191.9666666666667
57869.03333333333 4723.033333333334 2657.9333333333334
56476.6 5414.966666666666 3358.4333333333334
55848.53333333333 5884.233333333334 3517.233333333333
56945.73333333333 5285.1 3019.1666666666665
56385.833333333336 5653.033333333334 3211.133333333333
57805.6 4658.8 2785.6
56577.6 5227.9 3444.5
56609.833333333336 5498.966666666666 3141.2
57190.6 4913.633333333333 3145.766666666667
57122.666666666664 5036.2 3091.133333333333
56203.2 5654.966666666666 3391.8333333333335
56484.433333333334 5273.633333333333 3491.9333333333334
56409.13333333333 5678.866666666667 3162.0
57214.9 4920.933333333333 3114.1666666666665
57030.566666666666 5145.8 3073.633333333333
58023.86666666667 4524.7 2701.4333333333334
56466.4 5663.066666666667 3120.5333333333333
57176.4 5138.2 2935.4
56566.63333333333 5120.266666666666 3563.1
56566.5 5507.966666666666 3175.5333333333333
56781.13333333333 5271.266666666666 3197.6
57186.26666666667 5047.066666666667 3016.6666666666665
57112.46666666667 5279.833333333333 2857.7
58210.9 4468.9 2570.2
57043.6 5158.5 3047.9
56630.933333333334 5410.466666666666 3208.6
56658.166666666664 5427.2 3164.633333333333
55789.433333333334 6169.733333333334 3290.8333333333335
56387.53333333333 5938.1 2924.366666666667
55552.566666666666 6112.4 3585.0333333333333
56027.833333333336 5734.433333333333 3487.733333333333
56918.36666666667 5091.766666666666 3239.866666666667
57247.3 5087.4 2915.3
56827.5 5340.933333333333 3081.5666666666666
56322.166666666664 5793.2 3134.633333333333
57029.566666666666 5097.566666666667 3122.866666666667
56447.9 5460.466666666666 3341.633333333333
57499.53333333333 4908.233333333334 2842.233333333333
56726.86666666667 5267.166666666667 3255.9666666666667
57490.13333333333 5039.733333333334 2720.133333333333
57572.46666666667 4825.833333333333 2851.7
56844.63333333333 5117.2 3288.1666666666665
56178.23333333333 5889.833333333333 3181.9333333333334
56090.666666666664 5927.333333333333 3232.0
56493.833333333336 5356.633333333333 3399.5333333333333
57197.9 5190.0 2862.1
58178.933333333334 4573.933333333333 2497.133333333333
57633.666666666664 4787.633333333333 2828.7
57079.1 5041.2 3129.7
57968.166666666664 4659.4 2622.4333333333334
57998.2 4791.966666666666 2459.8333333333335
56779.3 5372.2 3098.5
56530.333333333336 5429.366666666667 3290.3
56639.13333333333 5496.133333333333 3114.733333333333
56441.9 5657.6 3150.5
57626.7 4869.7 2753.6
56522.3 5598.266666666666 3129.4333333333334
56937.53333333333 5557.066666666667 2755.4
56378.76666666667 5721.233333333334 3150.0
57599.566666666666 4813.733333333334 2836.7
56328.433333333334 5651.766666666666 3269.8
57643.833333333336 4758.566666666667 2847.6
57298.333333333336 4769.533333333334 3182.133333333333
57196.4 4931.266666666666 3122.3333333333335
56559.46666666667 5478.233333333334 3212.3
57585.86666666667 4769.333333333333 2894.8
57023.2 5434.966666666666 2791.8333333333335
57382.03333333333 5010.933333333333 2857.0333333333333
56826.26666666667 5310.933333333333 3112.8
57989.666666666664 4688.133333333333 2572.2
57418.46666666667 5013.033333333334 2818.5
55634.5 6281.8 3333.7
57145.0 5129.733333333334 2975.266666666667
56151.36666666667 6004.966666666666 3093.6666666666665
57463.0 5055.966666666666 2731.0333333333333
57458.333333333336 4955.466666666666 2836.2
56527.96666666667 5522.933333333333 3199.1
57915.26666666667 4813.833333333333 2520.9
57097.8 5114.633333333333 3037.5666666666666
55705.1 6272.733333333334 3272.1666666666665
56351.566666666666 5641.866666666667 3256.5666666666666
55882.96666666667 5974.1 3392.9333333333334
56903.566666666666 5483.0 2863.4333333333334
57359.8 5328.2 2562.0
56569.7 5664.966666666666 3015.3333333333335
56170.8 5712.233333333334 3366.9666666666667
56530.0 5687.333333333333 3032.6666666666665
56504.8 5749.933333333333 2995.266666666667
57171.666666666664 5316.2 2762.133333333333
57291.53333333333 5102.333333333333 2856.133333333333
56459.5 5805.1 2985.4
57238.7 5338.233333333334 2673.0666666666666
56823.0 5544.266666666666 2882.733333333333
57499.333333333336 5198.4 2552.266666666667
55176.6 6354.966666666666 3718.4333333333334
56289.8 5781.8 3178.4
57497.5 5116.133333333333 2636.366666666667
55940.166666666664 5906.966666666666 3402.866666666667
55698.96666666667 6259.133333333333 3291.9
57280.9 5248.533333333334 2720.5666666666666
56686.76666666667 5761.6 2801.633333333333
57113.6 5190.833333333333 2945.5666666666666
57321.63333333333 5051.866666666667 2876.5
58095.066666666666 4538.033333333334 2616.9
55628.73333333333 5865.166666666667 3756.1
57033.666666666664 5135.066666666667 3081.266666666667
56474.86666666667 5697.5 3077.633333333333
55872.0 5796.533333333334 3581.4666666666667
56841.13333333333 5551.0 2857.866666666667
56154.9 5670.3 3424.8
57174.566666666666 5054.466666666666 3020.9666666666667
57169.03333333333 4986.866666666667 3094.1
56868.86666666667 5286.033333333334 3095.1
57276.566666666666 4957.8 3015.633333333333
57063.46666666667 4957.466666666666 3229.0666666666666
56433.73333333333 5300.2 3516.0666666666666
57355.166666666664 4812.766666666666 3082.0666666666666
56821.96666666667 4984.9 3443.133333333333
56841.066666666666 5046.0 3362.9333333333334
58343.2 4210.9 2695.9
56761.36666666667 5082.333333333333 3406.3
57828.53333333333 4414.933333333333 3006.5333333333333
56825.566666666666 5125.566666666667 3298.866666666667
57808.333333333336 4723.3 2718.366666666667
57028.63333333333 5010.1 3211.266666666667
56597.4 5378.8 3273.8
56948.7 5106.2 3195.1
56757.8 5126.0 3366.2
56568.36666666667 5200.5 3481.133333333333
55452.13333333333 5825.966666666666 3971.9
56860.2 5093.1 3296.7
56331.46666666667 5176.166666666667 3742.366666666667
57164.7 5034.8 3050.5
56412.86666666667 5362.6 3474.5333333333333
57699.13333333333 4683.333333333333 2867.5333333333333
56992.4 4955.266666666666 3302.3333333333335
56816.4 5176.566666666667 3257.0333333333333
57014.23333333333 4675.433333333333 3560.3333333333335
56891.36666666667 5154.366666666667 3204.266666666667
57265.03333333333 4700.766666666666 3284.2
56104.3 5462.3 3683.4
56341.13333333333 5468.333333333333 3440.5333333333333
57024.9 5121.066666666667 3104.0333333333333
54864.76666666667 6243.1 4142.133333333333
55773.7 5563.933333333333 3912.366666666667
57714.26666666667 4490.266666666666 3045.4666666666667
57141.1 4786.933333333333 3321.9666666666667
56574.833333333336 4938.033333333334 3737.133333333333
57383.933333333334 4616.1 3249.9666666666667
56413.23333333333 5277.633333333333 3559.133333333333
55301.23333333333 5915.866666666667 4032.9
56267.46666666667 5296.1 3686.4333333333334
57023.6 5143.533333333334 3082.866666666667
57055.9 4789.1 3405.0
56132.066666666666 5500.2 3617.733333333333
55498.433333333334 5836.5 3915.0666666666666
56722.333333333336 5186.566666666667 3341.1
57525.833333333336 4795.6 2928.5666666666666
56872.6 5210.866666666667 3166.5333333333333
56627.5 5276.666666666667 3345.8333333333335
56380.433333333334 5400.2 3469.366666666667
57108.666666666664 5178.533333333334 2962.8
57309.73333333333 4894.766666666666 3045.5
56665.166666666664 5458.4 3126.4333333333334
57739.4 4737.5 2773.1
57502.0 4761.9 2986.1
58218.8 4282.433333333333 2748.766666666667
 
587.4333333333333
0.43333333333333335
0.5333333333333333
6.8
6.0942207792207785
0.0
0.0
 
8273.8 13211.366666666667 10827.133333333333 320.97644150311095 
8067.233333333334 12163.433333333332 10240.4 574.9318348001498 
7714.0 11788.266666666666 10087.8 875.0033628506807 
7925.566666666667 11882.966666666667 10155.9 1359.5074539454843 
8444.233333333334 12237.966666666667 10566.866666666667 2193.990043859715 
8499.8 12871.733333333334 11288.333333333334 2571.233584920324 
9177.8 13662.833333333334 12077.9 2784.092099889418 
9160.533333333333 14158.533333333333 12700.4 2698.210918862101 
9609.366666666667 14431.266666666666 13117.166666666666 2832.9698854147155 
10003.5 14673.233333333334 13488.333333333334 2918.6252692549165 
10351.933333333332 14865.333333333334 13707.966666666667 3110.4431760156335 
10734.633333333333 15010.2 13922.766666666666 3110.99500906775 
10589.0 15122.0 14063.2 2940.801538809899 
11073.966666666667 15235.066666666668 14265.166666666666 2870.371013939952 
11133.366666666667 15432.0 14449.4 2655.994464163408 
11070.233333333334 15554.266666666666 14588.833333333334 2524.394796557957 
10860.8 15683.166666666666 14659.0 2364.7771436931075 
11516.5 15946.033333333333 14998.233333333334 2043.7845131846295 
11983.5 16343.633333333333 15367.366666666667 1542.1390645968202 
11137.7 16393.4 15317.6 1359.2777439998545 
12033.9 16615.7 15733.466666666667 1342.7209030340016 
11633.033333333333 16608.566666666666 15705.833333333334 1203.4218845534685 
11796.166666666666 16657.666666666668 15796.333333333334 1049.0229759161616 
12633.766666666666 16752.0 16031.233333333334 1119.5515633006316 
12436.3 16655.433333333334 15903.533333333333 1147.468534112277 
12290.933333333332 16686.0 15971.5 1173.6410393869726 
11718.866666666667 16605.333333333332 15773.766666666666 1097.9197459033353 
12577.433333333332 16745.7 16008.666666666666 1128.5321210906375 
12268.2 16605.3 15805.866666666667 1144.6868554325242 
12249.466666666667 16713.6 15977.833333333334 1128.320483924866 
12112.166666666666 16647.833333333332 15896.633333333333 1114.9856817715443 
12869.033333333333 16677.5 16038.466666666667 1199.2999367686689 
12635.333333333334 16655.7 15995.066666666668 1194.3521810774425 
12406.833333333334 16741.2 16119.5 1101.26286417004 
12405.866666666667 16728.2 16024.033333333333 1093.7444883416683 
12863.0 16796.866666666665 16160.666666666666 1140.30452409287 
12356.066666666668 16769.7 16071.0 1066.0561670631303 
12351.5 16675.9 15965.333333333334 1149.6167126965017 
12738.866666666667 16661.833333333332 16013.0 1019.4409176929613 
12493.633333333333 16717.3 16116.533333333333 1136.281586384095 
12236.5 16575.366666666665 15838.8 1204.9899393770888 
12773.166666666666 16753.033333333333 16099.066666666668 1108.3140519124831 
12615.833333333334 16739.4 16037.366666666667 902.491372504161 
12027.566666666668 16716.666666666668 15967.1 978.4415341075144 
12600.466666666667 16736.9 16056.866666666667 1027.258903641682 
12649.566666666668 16747.4 16080.166666666666 1061.4473652622735 
12778.866666666667 16748.333333333332 16073.366666666667 1097.3291154232425 
12893.133333333333 16799.566666666666 16145.433333333332 1118.2160074571163 
12468.333333333334 16784.0 16080.833333333334 1132.4930690001302 
12025.866666666667 16737.3 16051.033333333333 1104.6995739918514 
12713.7 16756.933333333334 16086.0 1143.279868477822 
12209.233333333334 16801.5 16106.333333333334 1004.3399635802829 
12796.6 16871.766666666666 16215.066666666668 804.21772784351 
12565.433333333332 16857.133333333335 16164.5 606.9917239962998 
12784.166666666666 16856.133333333335 16241.666666666666 454.0417408613933 
12631.733333333334 16912.266666666666 16260.333333333334 413.4996557838148 
12322.1 16964.933333333334 16366.266666666666 530.9169270652843 
12688.766666666666 16914.166666666668 16227.366666666667 483.3615849214519 
12564.6 16918.166666666668 16282.1 318.1304727099666 
12926.966666666667 16937.866666666665 16368.866666666667 466.477184389071 
12573.233333333334 16947.2 16345.266666666666 403.77091813717027 
12801.266666666666 16984.533333333333 16449.0 327.1545980113988 
12971.366666666667 16899.333333333332 16291.3 617.8535220152643 
12601.0 16962.266666666666 16365.133333333333 344.223699874886 
12642.666666666666 16859.066666666666 16246.233333333334 580.7594869364311 
12861.2 16910.733333333334 16331.0 442.5638541498844 
12937.833333333334 16961.366666666665 16378.0 447.9577859575609 
13000.233333333334 16978.3 16384.433333333334 538.1383306259544 
12892.733333333334 16933.233333333334 16366.3 468.288505090612 
12913.266666666666 16958.433333333334 16368.6 559.9732570995393 
12599.833333333334 16959.5 16358.133333333333 393.1807373488972 
12679.333333333334 16903.966666666667 16269.6 448.48333042228745 
12584.366666666667 16869.766666666666 16255.666666666666 584.5701298105016 
13320.333333333334 16950.1 16353.2 635.3932984118313 
13002.733333333334 16958.933333333334 16403.3 412.47987708493093 
13188.5 16951.666666666668 16366.566666666668 474.4315642019522 
12466.166666666666 16845.433333333334 16218.266666666666 570.1415182995261 
12529.666666666666 16963.933333333334 16373.833333333334 460.30408475750545 
13035.466666666667 16968.866666666665 16372.9 533.9411999462113 
12369.566666666668 16894.266666666666 16283.9 545.4052108295263 
12616.533333333333 16969.966666666667 16418.866666666665 438.16197055934055 
12489.633333333333 16895.833333333332 16284.0 371.24368367241834 
13008.8 16989.2 16434.833333333332 517.4117943078692 
12657.633333333333 17024.966666666667 16457.966666666667 560.3841740766379 
12598.666666666666 16921.666666666668 16286.866666666667 457.30069174085764 
12486.333333333334 16922.233333333334 16289.433333333332 402.9323131743095 
12364.733333333334 16901.366666666665 16240.7 611.9491683683103 
13106.966666666667 16990.933333333334 16406.366666666665 552.8011767353611 
12403.1 16803.1 16151.5 563.2589508091876 
12443.266666666666 16906.533333333333 16292.166666666666 500.4794272606132 
12784.9 16904.3 16271.7 745.702138256288 
13136.266666666666 16979.266666666666 16444.566666666666 578.9269643055156 
12654.1 16990.9 16406.7 488.3369461754862 
12137.466666666667 16904.766666666666 16202.1 519.8557101093854 
12438.966666666667 16936.133333333335 16288.266666666666 526.4554613429113 
12551.766666666666 16794.833333333332 16111.4 534.7157737215787 
13285.5 16946.2 16356.766666666666 603.9115388678855 
12838.7 16987.8 16379.8 551.2234664816076 
12501.4 16940.3 16265.966666666667 464.6443825359586 
12884.4 16937.133333333335 16343.366666666667 520.6239439365039 
12314.433333333332 16903.6 16207.1 573.7620203533863 
12671.666666666666 16997.466666666667 16400.766666666666 492.82049481643037 
12325.533333333333 16983.1 16373.8 504.2228098767446 
12470.1 16863.433333333334 16216.1 567.9011169795904 
12452.3 16852.1 16150.766666666666 591.4381447887101 
12719.133333333333 16982.333333333332 16407.2 538.8720274796236 
12745.3 16888.333333333332 16261.6 632.8317614764081 
12220.2 16886.766666666666 16256.4 459.47286100486934 
12280.533333333333 16913.6 16280.133333333333 558.2831570488621 
12334.566666666668 16934.866666666665 16208.966666666667 569.1347486414014 
13180.566666666668 17023.6 16478.4 414.47976790188454 
13069.566666666668 16915.633333333335 16357.7 653.1365291167434 
12651.433333333332 16806.966666666667 16190.866666666667 594.143404126198 
12572.433333333332 16888.6 16254.1 643.0802541933109 
12584.466666666667 16897.433333333334 16250.0 424.88300468089625 
12766.533333333333 16950.866666666665 16361.8 491.5263143176228 
12600.1 16903.366666666665 16223.133333333333 553.5002311552262 
12555.1 16943.766666666666 16288.7 544.8884020298714 
13178.633333333333 16988.933333333334 16457.5 504.40236914590326 
12422.566666666668 16939.633333333335 16314.0 473.9199039218897 
13027.366666666667 16921.033333333333 16336.3 470.3145443920127 
12652.133333333333 16993.633333333335 16425.0 546.4459104065104 
12832.433333333332 16986.2 16423.966666666667 440.5505052393728 
11845.566666666668 16836.3 16085.966666666667 617.6102123867806 
12016.633333333333 16960.733333333334 16321.433333333332 535.0279350962279 
12789.5 16986.233333333334 16434.066666666666 513.5300421808078 
12799.933333333332 16912.933333333334 16349.533333333333 553.6818379418513 
11948.266666666666 16994.733333333334 16339.733333333334 464.8524926133975 
11709.1 16971.2 16312.2 543.2351909317607 
12243.3 16967.4 16300.3 591.9842858274758 
12698.733333333334 16986.066666666666 16393.466666666667 534.0240263009396 
12728.5 17030.433333333334 16436.466666666667 439.24688274363416 
12312.733333333334 16936.366666666665 16301.466666666667 457.8688753344126 
12246.733333333334 16947.733333333334 16309.533333333333 498.7953165154802 
12536.733333333334 16937.2 16292.666666666666 496.807248224992 
12468.5 16916.5 16230.1 470.6061693886582 
12198.4 16965.733333333334 16282.033333333333 461.1189942833505 
12058.133333333333 16984.233333333334 16315.2 458.3920483603527 
12146.566666666668 16948.066666666666 16299.533333333333 573.2693896512451 
11319.8 16916.566666666666 16206.733333333334 455.3634458076073 
11853.033333333333 16940.233333333334 16321.133333333333 397.2837796280582 
12098.733333333334 16991.933333333334 16362.933333333332 497.91829729161174 
11733.3 16903.266666666666 16222.866666666667 582.2960929706543 
11371.6 16899.4 16126.5 536.750135537943 
12013.766666666666 16891.533333333333 16227.866666666667 602.8801653544241 
11713.166666666666 16918.933333333334 16251.2 523.1640717786341 
11692.566666666668 16780.033333333333 16060.1 549.4491411101363 
12568.333333333334 16935.033333333333 16337.733333333334 579.0264015281743 
12178.033333333333 16953.0 16292.266666666666 461.8059082438081 
12540.6 16941.033333333333 16323.566666666668 588.0472228769838 
12677.633333333333 17024.366666666665 16428.366666666665 356.88324810472386 
12158.4 16966.9 16355.5 457.41952807752597 
11888.333333333334 16984.566666666666 16366.433333333332 393.58234391858116 
12502.966666666667 16985.433333333334 16309.066666666668 533.2916866031195 
12354.133333333333 16964.366666666665 16239.066666666668 590.565822467459 
12434.2 16932.066666666666 16317.2 458.11003299789604 
11957.466666666667 16909.733333333334 16214.566666666668 565.5772326668665 
13026.033333333333 16999.1 16455.266666666666 537.8477254556143 
12265.266666666666 16857.466666666667 16134.2 606.3852128254231 
12450.966666666667 16892.966666666667 16200.533333333333 580.0436813053154 
12339.266666666666 16937.366666666665 16320.233333333334 595.6999474008146 
12189.0 16938.0 16248.933333333332 506.1668175831189 
12042.5 16899.266666666666 16236.366666666667 518.5733566451541 
12227.033333333333 16855.9 16178.733333333334 543.1849980541723 
12507.166666666666 16997.9 16423.266666666666 492.87268933152404 
12392.933333333332 16972.4 16312.633333333333 516.0491804728175 
12116.0 16982.666666666668 16381.233333333334 417.74215691819614 
11699.4 17001.333333333332 16376.566666666668 343.9725454160549 
12280.5 17022.966666666667 16402.033333333333 448.7736494542035 
12044.433333333332 16898.3 16165.166666666666 578.0864761338817 
12465.766666666666 16919.4 16277.766666666666 532.123600616749 
12711.7 16966.733333333334 16364.6 590.9246742747052 
11961.9 16976.866666666665 16366.366666666667 444.05472860898556 
11277.666666666666 16921.633333333335 16283.333333333334 477.29615998175956 
12319.666666666666 16970.233333333334 16372.666666666666 552.2792695326843 
12291.466666666667 16933.833333333332 16344.966666666667 369.5907512972214 
12087.1 16855.7 16208.466666666667 457.3279811397214 
11778.166666666666 16811.5 16126.433333333332 487.529287211434 
11904.1 16785.466666666667 16116.133333333333 449.7687431706805 
11497.366666666667 16860.466666666667 16177.1 482.19164481908365 
11688.466666666667 16898.533333333333 16239.866666666667 459.52929286390435 
11374.666666666666 16811.233333333334 16087.1 499.34654032378506 
12336.1 16938.8 16290.133333333333 560.6284223975808 
11640.0 16816.833333333332 16103.433333333332 652.7361917344557 
12231.266666666666 16904.866666666665 16275.633333333333 561.2113581847358 
12671.733333333334 16911.4 16278.766666666666 678.7419789581312 
12186.033333333333 16956.733333333334 16352.5 696.0153647729337 
12328.433333333332 16951.366666666665 16274.933333333332 464.96291572554503 
12226.133333333333 16976.733333333334 16348.8 555.7860442652369 
12091.9 16951.633333333335 16259.466666666667 638.3974328129948 
11638.6 16939.833333333332 16175.466666666667 561.7899536303581 
12381.8 16839.9 16156.466666666667 737.7774542502639 
12360.066666666668 16930.866666666665 16244.733333333334 694.706126918266 
12089.366666666667 16871.566666666666 16204.566666666668 562.2839829165013 
11645.1 16777.666666666668 15983.466666666667 759.1754797878492 
11804.166666666666 16841.533333333333 16065.8 560.4084082167217 
12365.2 16927.4 16246.1 498.68700036529265 
12248.033333333333 17017.266666666666 16362.133333333333 489.44506331150166 
12590.966666666667 16919.6 16305.1 539.9807579905046 
12364.766666666666 16945.233333333334 16313.7 581.5621626275215 
12103.1 16911.033333333333 16258.8 595.1961805433009 
11811.866666666667 16942.2 16292.133333333333 563.2103181267586 
12008.633333333333 16836.566666666666 16160.333333333334 477.402753564651 
12313.6 16877.533333333333 16209.8 503.1355476741166 
12709.933333333332 17004.533333333333 16374.033333333333 619.4894928711687 
11948.566666666668 16898.666666666668 16205.6 503.50695956792197 
12224.3 16916.0 16242.766666666666 523.287380148062 
12212.266666666666 16845.633333333335 16170.6 656.1366620859814 
11359.333333333334 16824.866666666665 16035.433333333332 486.5048979997816 
12085.666666666666 16855.6 16126.233333333334 648.2385103751036 
12283.966666666667 16848.8 16087.333333333334 688.7770318147633 
11759.033333333333 16890.933333333334 16124.733333333334 582.1802828830414 
12068.666666666666 16863.333333333332 16150.9 661.8639983662305 
12047.7 16772.0 16023.566666666668 726.9263696474965 
12371.966666666667 16869.8 16190.1 774.4097059481285 
12239.4 16955.766666666666 16210.366666666667 651.5229197810312 
11625.866666666667 16835.4 16095.8 630.5723511223753 
11889.9 16878.166666666668 16177.9 511.7959482710532 
12629.733333333334 16944.433333333334 16339.733333333334 577.127787024291 
12255.833333333334 16904.666666666668 16254.466666666667 531.5223757179832 
12799.1 16987.2 16429.9 510.5338137675113 
12063.966666666667 16980.633333333335 16320.733333333334 532.144646584826 
12175.866666666667 16892.6 16178.7 519.7849821480672 
12271.7 16874.733333333334 16227.966666666667 464.9127397217196 
12105.7 16881.2 16208.8 529.4214691528857 
12686.3 16996.6 16390.866666666665 513.6389583701333 
12119.133333333333 16940.633333333335 16277.5 565.7077042666707 
12011.666666666666 16912.233333333334 16214.066666666668 527.5980840880046 
12158.666666666666 16946.466666666667 16280.166666666666 528.036936102853 
12459.0 17065.2 16478.6 435.8901620056744 
11848.0 16904.266666666666 16197.433333333332 578.2715721104672 
12118.633333333333 16983.1 16407.966666666667 500.0158415268237 
12499.333333333334 16938.033333333333 16266.6 649.7562255697645 
11801.933333333332 16942.466666666667 16289.966666666667 491.3923633694138 
12407.8 16958.666666666668 16304.733333333334 588.8124986407436 
11881.566666666668 17046.666666666668 16394.933333333334 509.2902063984082 
12103.1 16948.733333333334 16260.466666666667 546.3281289156217 
12504.066666666668 17068.366666666665 16477.1 368.7320562865849 
12483.933333333332 16951.0 16345.966666666667 467.3829897537043 
11935.166666666666 16950.7 16286.933333333332 484.06374258860683 
12024.266666666666 16972.366666666665 16341.466666666667 482.33725660694205 
11945.966666666667 16916.433333333334 16285.933333333332 667.386817786773 
12079.7 16891.3 16201.7 564.712481710826 
11789.4 16915.066666666666 16192.0 399.0784262940473 
11675.033333333333 16910.766666666666 16217.466666666667 583.2399466200284 
12338.333333333334 16959.1 16293.166666666666 540.3783532550748 
11677.933333333332 16931.466666666667 16177.033333333333 510.7416001375949 
11765.833333333334 16945.933333333334 16187.666666666666 596.215859213572 
12193.866666666667 16921.033333333333 16195.433333333332 520.6343155762548 
12102.1 16969.633333333335 16330.8 491.9832585227535 
12448.3 16966.833333333332 16378.833333333334 455.7969772217059 
12527.733333333334 16927.2 16313.0 470.0101995347191 
12349.633333333333 16930.966666666667 16296.566666666668 510.5078086245759 
12208.0 17030.033333333333 16379.433333333332 448.5151538378856 
12502.533333333333 17091.2 16487.633333333335 430.61630665309855 
12483.8 16980.833333333332 16400.966666666667 532.6284674454918 
11983.133333333333 16917.8 16305.2 471.6816270890072 
12041.833333333334 17064.033333333333 16407.266666666666 536.4150662810779 
11996.133333333333 16910.033333333333 16175.966666666667 484.01594865826 
12338.366666666667 16927.0 16292.8 702.8322791866253 
12399.733333333334 16920.3 16271.933333333332 514.5423925953796 
12226.866666666667 16972.833333333332 16335.133333333333 449.72945002770547 
12297.533333333333 16980.566666666666 16356.633333333333 459.81654058983145 
12076.5 16936.466666666667 16294.366666666667 458.1243900708384 
12638.966666666667 17000.9 16436.666666666668 628.3336623341313 
12596.366666666667 16947.966666666667 16346.166666666666 404.7543777815543 
12171.466666666667 17117.166666666668 16521.0 436.74341017734116 
12546.933333333332 17004.366666666665 16452.766666666666 460.3545774726261 
12182.733333333334 16982.266666666666 16370.5 522.1442383735232 
11807.0 16916.0 16292.3 461.19718667832336 
12258.166666666666 16930.1 16305.133333333333 592.175312067484 
12112.166666666666 16955.533333333333 16310.633333333333 511.2729392843361 
12041.566666666668 16969.066666666666 16340.566666666668 450.57115691580225 
12517.4 17032.166666666668 16478.933333333334 456.2241079411155 
12265.933333333332 16967.8 16309.933333333332 626.0691502453133 
12467.5 16929.4 16263.866666666667 550.9557074353213 
11986.933333333332 16988.566666666666 16329.066666666668 525.2988738698083 
12135.833333333334 16916.766666666666 16257.4 508.5199265187814 
12581.533333333333 17005.833333333332 16445.433333333334 506.373757548052 
12137.6 17001.766666666666 16386.7 460.2799973928913 
12171.8 16947.966666666667 16281.5 468.2777135418681 
12110.7 16898.766666666666 16253.666666666666 568.603419108804 
11843.966666666667 16864.8 16172.6 466.33189432706246 
12031.066666666668 16928.7 16320.933333333332 567.6725614295623 
11886.966666666667 16900.466666666667 16255.466666666667 444.45810626224636 
12851.0 17008.1 16435.166666666668 523.238741345138 
12207.233333333334 16940.433333333334 16357.166666666666 407.1729246346758 
12054.6 17023.4 16379.433333333332 461.6766013371506 
11802.033333333333 16953.233333333334 16326.133333333333 346.1769019510752 
12252.1 16890.366666666665 16232.133333333333 636.5472698690788 
12576.633333333333 17048.366666666665 16440.333333333332 439.9524114416618 
12624.833333333334 17054.066666666666 16476.033333333333 422.7196730695179 
12317.466666666667 16985.766666666666 16328.466666666667 495.5968367085844 
12305.833333333334 16945.333333333332 16273.933333333332 578.6600464291046 
12283.9 16944.766666666666 16326.0 414.5744191336462 
11961.733333333334 16921.8 16252.9 655.7483544267064 
12484.366666666667 16939.266666666666 16337.566666666668 484.7714471789771 
11967.2 16917.2 16246.4 529.0920298019995 
11910.466666666667 16901.8 16217.333333333334 495.80464342767556 
12692.6 17023.733333333334 16454.666666666668 478.86740347523227 
11644.833333333334 16947.333333333332 16243.0 541.591953411422 
12094.266666666666 16999.266666666666 16406.7 428.1908429660772 
12437.933333333332 17040.966666666667 16467.033333333333 547.5501467648622 
12682.833333333334 17022.433333333334 16469.166666666668 476.9586270200896 
12405.7 16977.933333333334 16350.966666666667 457.8632878199925 
11745.333333333334 16960.966666666667 16322.8 495.5464384562427 
11722.433333333332 16952.633333333335 16241.566666666668 566.6962881473637 
12094.533333333333 16949.0 16290.633333333333 481.8211655329763 
12622.933333333332 17056.766666666666 16450.233333333334 449.59629817574483 
11656.833333333334 16913.633333333335 16212.3 620.0599793568362 
12175.8 16989.266666666666 16383.333333333334 461.20858790308284 
11745.3 17002.066666666666 16355.1 559.0663127036005 
12078.466666666667 16955.866666666665 16319.5 459.9578658239615 
12502.933333333332 16958.9 16335.5 618.364643232454 
11726.566666666668 16904.566666666666 16180.5 548.898951234803 
12550.8 17054.833333333332 16500.933333333334 412.04966596542994 
12039.666666666666 16983.8 16303.2 475.35148995243503 
12546.866666666667 17009.366666666665 16414.8 457.21506245237964 
12637.3 16959.133333333335 16392.5 544.3730730543776 
11922.6 16948.5 16291.366666666667 512.3265893071638 
12742.066666666668 16952.5 16411.7 583.0982624452474 
12618.133333333333 16960.433333333334 16333.166666666666 621.8563801679255 
12197.866666666667 16926.0 16296.1 546.4391457426892 
11962.0 16949.633333333335 16268.9 609.7187020804482 
12499.966666666667 16996.266666666666 16380.333333333334 441.9807003076543 
12345.9 16948.666666666668 16357.233333333334 495.54582555221083 
12072.366666666667 16956.3 16316.333333333334 413.6586941214004 
12605.266666666666 16939.266666666666 16296.766666666666 517.9882438605897 
12288.333333333334 16905.266666666666 16261.366666666667 570.9168900403398 
12082.433333333332 16846.766666666666 16150.633333333333 600.1730145919964 
12767.266666666666 16984.7 16360.833333333334 565.29982467517 
11940.466666666667 16880.333333333332 16198.466666666667 562.3705617986931 
12066.333333333334 16890.0 16225.566666666668 531.3368199383722 
11594.7 16942.166666666668 16229.2 507.30090610340284 
11731.866666666667 16905.633333333335 16230.433333333332 556.6707483882292 
11523.333333333334 16824.466666666667 16091.5 706.4051290395143 
11679.3 16946.033333333333 16241.6 448.08942522670657 
12148.766666666666 16926.066666666666 16240.133333333333 442.6184041210519 
12443.266666666666 16970.7 16403.066666666666 466.78625991394006 
12885.266666666666 17011.066666666666 16424.133333333335 522.9276466841917 
12447.1 16895.066666666666 16201.466666666667 604.7286870986029 
12216.033333333333 16930.166666666668 16268.066666666668 471.10248460393416 
11785.7 17007.7 16351.666666666666 355.6229599824323 
12002.9 16981.833333333332 16284.466666666667 502.7268506190348 
12124.3 16880.066666666666 16238.7 504.59981074114603 
12220.433333333332 16954.933333333334 16322.066666666668 366.0992696280918 
12106.2 17027.866666666665 16362.0 585.0673337317683 
11715.233333333334 16916.7 16196.233333333334 583.5523884889095 
12045.9 16929.233333333334 16319.466666666667 559.6343836232131 
12135.666666666666 16902.066666666666 16236.5 524.6794573832677 
11829.566666666668 16918.9 16260.166666666666 552.5105691296773 
12083.033333333333 16964.966666666667 16283.033333333333 471.15292445470607 
12172.766666666666 17021.966666666667 16435.1 396.47025991869793 
11645.533333333333 16879.433333333334 16183.433333333332 542.7996383974889 
12069.233333333334 17006.7 16348.1 437.647523318328 
12067.9 16912.533333333333 16171.533333333333 603.5327489043159 
12280.8 17010.666666666668 16364.766666666666 404.6859751022325 
12942.133333333333 16956.0 16359.533333333333 560.0581693994927 
12293.066666666668 16984.5 16291.633333333333 534.9591825550808 
12194.6 17013.366666666665 16378.6 433.75872287098366 
11939.466666666667 16976.9 16341.333333333334 395.5157195920847 
12434.4 17027.2 16434.633333333335 441.4125651436156 
12275.9 16875.433333333334 16205.766666666666 566.5683857909632 
12274.7 16959.766666666666 16314.433333333332 595.0328591300186 
12107.433333333332 16964.9 16334.8 542.958945961847 
12497.866666666667 16901.666666666668 16240.066666666668 505.60607470418887 
11935.1 16972.133333333335 16334.3 501.5200331658417 
12134.466666666667 16968.3 16305.033333333333 590.6107214852549 
12561.466666666667 17026.866666666665 16419.133333333335 438.1807338936246 
12260.8 16922.466666666667 16256.6 520.233188099337 
12220.833333333334 16905.7 16241.666666666666 526.9397247841118 
11741.2 16904.433333333334 16232.533333333333 555.5479356255205 
12712.033333333333 16980.6 16363.233333333334 428.5080918463242 
12315.666666666666 17037.1 16422.9 504.5176782498971 
12058.366666666667 16922.466666666667 16286.966666666667 660.127495345491 
11394.433333333332 16847.3 16193.166666666666 749.3365195661797 
12179.533333333333 16929.2 16305.866666666667 499.3246477882792 
12456.133333333333 17014.833333333332 16441.566666666666 456.9938152997501 
12092.633333333333 16942.033333333333 16289.333333333334 441.12072421654995 
12339.5 16863.4 16249.433333333332 580.4611716366373 
12377.333333333334 16945.333333333332 16252.4 604.5168263442578 
12017.966666666667 16860.1 16179.133333333333 657.0689054006776 
12754.233333333334 16960.333333333332 16370.166666666666 513.9938799895058 
11923.133333333333 16903.233333333334 16185.933333333332 541.7071969451965 
12744.666666666666 16904.2 16292.633333333333 625.4944922041901 
12489.0 16990.533333333333 16339.433333333332 554.4105447329724 
12153.266666666666 17029.433333333334 16421.0 461.6903919294834 
12169.8 16985.766666666666 16342.833333333334 493.83117909306264 
12202.366666666667 16992.266666666666 16406.333333333332 426.66509075229794 
12337.4 17016.8 16423.7 472.15362754086726 
12269.6 16896.4 16220.133333333333 491.7279727880269 
12467.066666666668 17000.8 16377.466666666667 517.9838404815345 
12425.066666666668 16907.7 16295.7 450.2905284369195 
11665.066666666668 16918.133333333335 16235.666666666666 615.2299455397865 
11861.4 16915.266666666666 16255.833333333334 506.9842203330066 
12326.433333333332 16923.266666666666 16303.333333333334 599.704512794982 
11949.9 16943.066666666666 16294.1 622.7293264332427 
11654.666666666666 16965.933333333334 16277.266666666666 592.7134771540125 
12087.866666666667 16967.133333333335 16321.433333333332 511.41577486207626 
11366.666666666666 16960.533333333333 16215.8 628.4400032355252 
11744.866666666667 16851.666666666668 16099.2 504.21888864526557 
12154.766666666666 16899.866666666665 16226.333333333334 488.25860691054123 
12233.533333333333 16953.333333333332 16295.1 525.1830788718668 
12072.733333333334 16818.666666666668 16106.633333333333 635.9192889038671 
11686.633333333333 16851.066666666666 16110.633333333333 393.70380293368316 
12588.233333333334 16996.166666666668 16361.633333333333 504.86666138474385 
12301.433333333332 16923.033333333333 16276.7 569.6582191688861 
12287.666666666666 16987.7 16390.766666666666 401.7025176255016 
11513.0 16877.833333333332 16116.366666666667 525.4891263279281 
12304.833333333334 16922.633333333335 16273.4 609.7427654347365 
12674.9 16977.4 16415.966666666667 568.3027049420444 
12250.2 16909.133333333335 16273.633333333333 536.8783365178951 
12650.5 16975.333333333332 16378.866666666667 580.3449331599651 
12239.5 16928.066666666666 16272.1 481.0501460346936 
12555.4 16877.466666666667 16227.833333333334 554.5933569342095 
12307.733333333334 16885.0 16167.666666666666 535.7483242053944 
12347.566666666668 16852.233333333334 16191.266666666666 605.2477886507859 
12595.433333333332 16983.933333333334 16397.733333333334 486.95142217222804 
12229.733333333334 16899.6 16293.166666666666 418.17281688050645 
11840.233333333334 16800.8 16111.9 529.3258756821423 
12365.166666666666 16884.666666666668 16218.766666666666 451.55533744800056 
11634.966666666667 16919.833333333332 16190.033333333333 593.6312053792323 
12570.033333333333 16879.933333333334 16243.5 490.17302557362365 
11934.466666666667 16937.2 16274.333333333334 457.9392332322415 
12031.066666666668 16942.966666666667 16262.266666666666 499.44215625480024 
12153.033333333333 16956.1 16302.633333333333 495.9777593579956 
12451.5 16989.033333333333 16371.9 358.49320216707065 
12043.733333333334 16903.7 16245.2 608.5094419974106 
11880.466666666667 16899.233333333334 16243.166666666666 613.1167372078866 
12144.8 16944.233333333334 16323.866666666667 449.27320678328175 
12939.233333333334 16982.066666666666 16402.5 422.41584171682473 
11916.733333333334 16910.566666666666 16215.6 528.0191678970252 
11710.566666666668 16900.533333333333 16224.366666666667 412.40324899032703 
12756.9 16983.033333333333 16395.633333333335 459.6986543136468 
12106.3 16884.366666666665 16186.366666666667 530.6296591995421 
11680.133333333333 16796.0 16107.633333333333 578.3952046635395 
11864.933333333332 16918.466666666667 16267.166666666666 605.5079426031963 
12204.533333333333 16913.7 16192.0 600.7694618847845 
12586.366666666667 16987.366666666665 16376.533333333333 448.6075119497865 
11879.733333333334 16843.633333333335 16187.8 595.0744415617257 
12230.933333333332 16929.333333333332 16221.4 493.12495745669435 
11793.0 16940.866666666665 16279.0 525.2234143676385 
12457.933333333332 16952.966666666667 16277.666666666666 545.8542583266468 
12364.6 16819.033333333333 16155.666666666666 507.7406108328237 
11877.4 16870.866666666665 16173.833333333334 656.3278947633145 
11874.533333333333 16930.0 16199.233333333334 567.0582176657194 
12679.233333333334 16920.366666666665 16284.666666666666 613.7146790922743 
12335.433333333332 16933.266666666666 16270.3 535.0661130489701 
11981.333333333334 16982.3 16406.866666666665 402.45232968224525 
11983.966666666667 16925.4 16209.166666666666 476.89737284055377 
12189.066666666668 16949.9 16298.6 550.2664760519822 
12150.0 16902.666666666668 16174.9 628.2590888054598 
12386.333333333334 16943.166666666668 16213.566666666668 576.3390424818441 
11835.166666666666 16935.866666666665 16232.933333333332 501.51424993602006 
12422.9 16929.866666666665 16291.5 322.5405731583753 
12687.066666666668 16917.8 16300.033333333333 524.0815798454792 
12495.033333333333 16996.633333333335 16438.6 510.8338513319832 
12192.233333333334 16906.1 16274.133333333333 509.6856973774239 
12375.033333333333 16866.033333333333 16216.8 508.8788814639489 
12252.1 16883.966666666667 16223.9 532.6409778953675 
11908.766666666666 16844.066666666666 16124.433333333332 582.0312274936609 
12023.733333333334 16899.966666666667 16220.9 445.55059533121477 
11842.033333333333 16806.733333333334 16071.366666666667 571.1239532710915 
12273.8 16791.5 16128.566666666668 539.7981420041302 
11789.033333333333 16898.033333333333 16242.4 588.6525571166746 
12207.933333333332 16944.233333333334 16307.8 499.4039667443584 
11620.633333333333 16916.8 16249.166666666666 647.1488515017236 
11820.733333333334 16911.666666666668 16193.2 592.2840996233707 
11935.1 16948.4 16265.233333333334 522.622878161469 
12304.566666666668 16852.6 16185.266666666666 583.3415427993755 
12338.333333333334 16944.566666666666 16340.233333333334 460.77842481802224 
12214.833333333334 16901.2 16221.6 470.91219740697585 
12676.233333333334 16949.5 16351.533333333333 574.2886270083284 
12519.2 16987.966666666667 16346.633333333333 461.5774362625044 
12361.433333333332 16905.9 16230.133333333333 603.2992110056169 
11981.9 16861.066666666666 16174.166666666666 523.5732207098108 
11741.2 16861.966666666667 16160.366666666667 481.60067506412634 
11774.133333333333 16918.4 16184.0 640.5476352309794 
12292.3 16957.966666666667 16308.066666666668 539.485563394528 
12719.833333333334 17033.266666666666 16442.7 486.7048482739138 
12531.633333333333 16931.533333333333 16355.066666666668 478.04430675641555 
11401.566666666668 16941.733333333334 16269.533333333333 512.9856207644722 
12448.066666666668 16981.466666666667 16409.1 426.36886065158785 
12648.133333333333 17024.266666666666 16428.366666666665 502.6494377020848 
11762.733333333334 16904.233333333334 16242.7 531.1619501934731 
11497.833333333334 16885.9 16198.566666666668 467.21838755197405 
11690.133333333333 16901.033333333333 16226.966666666667 431.136368733194 
12186.166666666666 16930.766666666666 16203.666666666666 588.4244656519459 
11734.133333333333 17029.366666666665 16361.733333333334 484.2522938625186 
12406.133333333333 16891.733333333334 16213.766666666666 581.4058865275523 
12011.333333333334 16961.166666666668 16292.7 462.79290976994616 
12122.966666666667 16869.666666666668 16197.466666666667 522.2451983716292 
11849.366666666667 16996.466666666667 16350.933333333332 560.5542340695797 
11746.933333333332 16893.766666666666 16180.4 516.2452527626768 
12281.066666666668 16974.1 16354.1 588.1883765710891 
12286.733333333334 16887.3 16286.066666666668 608.1499544611601 
12040.7 16926.866666666665 16282.033333333333 591.0803256185519 
12221.933333333332 16861.733333333334 16209.2 518.356062631341 
12691.5 16972.766666666666 16343.7 503.984354915904 
12081.566666666668 16942.233333333334 16297.7 497.09854053296124 
12614.766666666666 16948.6 16327.033333333333 482.71591346371747 
12141.2 16904.9 16245.9 468.27730388449686 
12990.9 16999.866666666665 16416.366666666665 438.31534335706556 
11660.966666666667 16998.333333333332 16334.533333333333 523.6653183729725 
11481.866666666667 16852.4 16104.6 521.2045196785359 
12180.333333333334 16919.733333333334 16291.566666666668 431.7611376675766 
11393.066666666668 16908.366666666665 16180.333333333334 550.0782484742006 
12898.966666666667 16943.4 16347.8 508.75073628120356 
12502.233333333334 16950.633333333335 16336.833333333334 557.1466242282086 
12080.1 16898.266666666666 16207.433333333332 536.6689488564313 
13024.466666666667 17016.5 16414.0 513.7211257092706 
12436.733333333334 16919.633333333335 16280.633333333333 618.1479099338246 
11956.9 16885.433333333334 16117.833333333334 548.5920751240297 
12179.933333333332 16882.066666666666 16184.0 548.6770221785004 
11709.0 16830.9 16123.5 697.325685506182 
12175.2 16952.4 16278.566666666668 473.9719520534241 
12114.766666666666 17004.5 16354.266666666666 433.01282172445866 
12369.266666666666 16877.1 16230.0 698.9368757858847 
12063.6 16848.133333333335 16154.866666666667 696.2481753417144 
11888.2 16924.0 16224.266666666666 626.5764523716695 
12436.933333333332 16943.5 16225.6 533.9738870019769 
12043.966666666667 16954.266666666666 16315.5 451.54836212008735 
12860.233333333334 16952.9 16318.1 630.3232313662571 
11989.566666666668 16860.1 16221.9 462.34841227512936 
12471.033333333333 16966.4 16331.2 527.34017009896 
11978.433333333332 16947.266666666666 16268.466666666667 547.2016516381832 
12255.533333333333 16959.433333333334 16369.3 520.4801565221612 
11616.3 16773.433333333334 16020.366666666667 631.1168116037544 
12353.1 16900.733333333334 16185.733333333334 614.6810867795139 
12836.8 16961.733333333334 16360.666666666666 501.745365698578 
12120.733333333334 16812.9 16128.266666666666 610.6259374154066 
11933.366666666667 16851.566666666666 16115.166666666666 472.75965869444576 
12589.833333333334 16974.8 16330.566666666668 590.6889074067104 
12103.166666666666 16957.366666666665 16263.033333333333 460.9012651558056 
12124.566666666668 16931.866666666665 16291.333333333334 601.9249741915975 
12203.0 16956.566666666666 16319.1 483.32340656472803 
11908.766666666666 16998.2 16422.4 524.460882875612 
11871.133333333333 16833.2 16061.833333333334 546.6349091385298 
11762.533333333333 16934.1 16269.733333333334 553.1387527354937 
11421.0 16948.8 16214.333333333334 580.3462344918669 
11740.4 16853.866666666665 16103.633333333333 667.79412313144 
12014.233333333334 16971.533333333333 16272.866666666667 514.5996264627049 
11835.3 16869.233333333334 16147.566666666668 556.3713473132053 
12300.9 16959.566666666666 16289.766666666666 600.9991146231232 
12068.7 16937.533333333333 16281.9 521.7141407578162 
11850.466666666667 16974.7 16251.833333333334 670.2559821938679 
12091.5 16938.8 16300.666666666666 519.3097797397362 
12297.9 16911.5 16257.966666666667 475.22254622907406 
11389.6 16896.633333333335 16166.3 479.35876543565985 
12340.266666666666 16948.366666666665 16301.966666666667 631.982552589688 
12120.033333333333 16900.533333333333 16212.333333333334 611.1867007897198 
11872.233333333334 16897.133333333335 16222.366666666667 703.2849408312396 
12685.966666666667 17034.033333333333 16439.333333333332 479.9527866826533 
12238.066666666668 16923.866666666665 16210.133333333333 544.0137663699329 
12572.966666666667 16938.266666666666 16356.8 536.1591337156036 
11687.6 16915.933333333334 16227.2 531.9303829763188 
12390.033333333333 17004.866666666665 16383.533333333333 410.90952004871644 
12354.933333333332 16894.5 16256.333333333334 603.9163167746559 
12185.633333333333 16909.666666666668 16206.933333333332 532.7978457580739 
11637.966666666667 16919.033333333333 16249.933333333332 649.8982564815649 
11611.433333333332 16920.0 16213.766666666666 543.721866194268 
11756.366666666667 16929.7 16183.366666666667 597.3764918374343 
11213.6 16838.666666666668 16022.5 657.24617331205 
12321.866666666667 16950.8 16230.866666666667 523.122120329257 
11864.966666666667 16853.366666666665 16133.4 601.9889149034781 
11764.033333333333 16968.133333333335 16285.933333333332 464.62743330304755 
11822.6 16852.6 16168.4 500.6219824711391 
11820.5 17008.3 16357.8 385.7265084659509 
12221.666666666666 16917.733333333334 16243.5 601.0135700076441 
12027.233333333334 16887.1 16230.5 545.1260640133315 
11828.966666666667 16884.3 16219.9 603.6564947606101 
12294.933333333332 16924.1 16243.333333333334 567.0330408754367 
12246.7 16919.633333333335 16272.633333333333 632.8275472477122 
11447.633333333333 16836.566666666666 16116.666666666666 632.3791115919134 
11264.266666666666 16922.366666666665 16164.566666666668 592.8275992600585 
11626.933333333332 16915.566666666666 16266.6 448.6563064678053 
11293.566666666668 16792.2 15946.8 518.6518482244777 
11263.566666666668 16842.0 16060.7 634.1232897999149 
12089.866666666667 16952.066666666666 16341.4 509.6056442649224 
11762.233333333334 16962.5 16256.433333333332 463.0429168974394 
11613.266666666666 16863.966666666667 16158.433333333332 554.132280336664 
11884.466666666667 16908.1 16288.0 514.6616419227945 
11905.333333333334 16901.366666666665 16160.0 618.3860566021842 
11155.2 16852.7 16001.3 642.8356845519181 
11807.833333333334 16867.633333333335 16132.633333333333 635.0605382341295 
11450.6 16974.3 16268.6 580.8174486589282 
12301.2 16918.733333333334 16239.666666666666 556.1515070354282 
11358.133333333333 16860.2 16125.933333333332 545.4253058139329 
11617.7 16813.2 16032.866666666667 557.7036057700259 
11497.466666666667 16927.033333333333 16212.666666666666 437.0327253192832 
11757.766666666666 16971.466666666667 16334.2 575.3775450374592 
11309.833333333334 16952.666666666668 16245.133333333333 576.285417132865 
11810.266666666666 16890.966666666667 16202.766666666666 503.5670060235835 
11874.366666666667 16932.433333333334 16165.6 619.3952889714291 
11927.933333333332 16962.366666666665 16289.1 380.151591692928 
11698.233333333334 16980.966666666667 16301.0 459.19864437953197 
11678.866666666667 16941.0 16228.466666666667 516.3539554736976 
12376.733333333334 16984.5 16371.1 435.07818339542916 
12183.533333333333 16988.9 16326.0 556.5043171440811 
11987.4 16978.366666666665 16421.566666666666 448.87979571373023 
 
1.1966666666666665 1.4555555555555555 1.5799999999999996 1.5000000000000002 1.4433333333333331 1.4877777777777774 1.5211111111111109 1.4600000000000004 1.4477777777777778 1.5244444444444445 1.5644444444444445 1.4844444444444445 1.5166666666666666 1.448888888888889 1.5022222222222223 1.521111111111111 1.528888888888889 1.4977777777777779 1.4611111111111117 1.5355555555555556 1.5077777777777779 1.4888888888888885 1.4977777777777777 1.4866666666666668 1.4033333333333333 1.5222222222222224 1.4666666666666666 1.5344444444444447 1.4777777777777779 1.4444444444444442 1.5022222222222223 
1.4977777777777777 1.1144444444444448 1.4833333333333332 1.5199999999999998 1.4922222222222223 1.3111111111111111 1.4644444444444438 1.4944444444444445 1.461111111111111 1.428888888888889 1.4577777777777778 1.5144444444444443 1.5044444444444445 1.473333333333333 1.4588888888888891 1.528888888888889 1.4655555555555557 1.5 1.505555555555556 1.5488888888888888 1.5033333333333334 1.4033333333333333 1.4311111111111114 1.5433333333333334 1.5100000000000002 1.493333333333333 1.4666666666666666 1.5166666666666666 1.5200000000000002 1.5955555555555558 1.5444444444444447 
1.5388888888888892 1.5322222222222217 1.4588888888888893 1.4522222222222223 1.5044444444444443 1.508888888888889 1.5211111111111113 1.4644444444444447 1.4511111111111108 1.477777777777778 1.4877777777777779 1.4766666666666666 1.527777777777778 1.487777777777778 1.53 1.4544444444444442 1.5333333333333337 1.462222222222222 1.528888888888889 1.5011111111111108 1.564444444444444 1.5166666666666666 1.5744444444444443 1.433333333333333 1.5255555555555558 1.5155555555555555 1.5155555555555553 1.48 1.4766666666666668 1.5744444444444443 1.5511111111111113 
1.512222222222222 1.5433333333333332 1.5377777777777775 1.4877777777777779 1.5111111111111113 1.5577777777777777 1.0400000000000003 1.543333333333334 1.3622222222222222 1.5344444444444447 1.046666666666667 1.568888888888889 1.5322222222222224 1.4199999999999997 1.436666666666667 1.4955555555555553 1.8611111111111112 1.4477777777777776 1.8622222222222222 1.6199999999999997 1.5455555555555556 1.3211111111111111 1.5188888888888892 1.575555555555556 1.5100000000000002 1.4877777777777779 1.0333333333333337 1.5255555555555556 1.4688888888888885 1.52 1.0711111111111116 
1.5700000000000003 1.568888888888889 1.3999999999999997 1.4766666666666663 1.5011111111111108 1.494444444444444 1.353333333333333 1.4366666666666665 1.0833333333333335 1.4455555555555557 1.4199999999999997 1.481111111111111 1.5011111111111108 1.4711111111111108 1.5355555555555556 1.4955555555555555 1.4511111111111108 1.4533333333333336 1.5455555555555556 1.5655555555555558 1.6000000000000003 1.5633333333333332 1.527777777777778 1.4955555555555555 1.4600000000000002 1.5188888888888887 1.4677777777777776 1.4477777777777778 1.4644444444444447 1.5122222222222226 1.4966666666666664 
1.4655555555555557 1.5155555555555555 1.514444444444444 1.5133333333333339 1.4177777777777776 1.5533333333333332 1.4933333333333336 1.4611111111111112 1.5844444444444445 1.4922222222222215 1.5344444444444443 1.406666666666667 1.5566666666666669 1.4388888888888889 1.4711111111111115 1.4411111111111112 1.5266666666666666 1.4611111111111115 1.8366666666666664 1.5866666666666664 1.4577777777777776 1.4666666666666672 1.47 1.4899999999999998 1.4655555555555553 1.4422222222222227 1.4288888888888889 1.4844444444444447 1.5599999999999996 1.5455555555555556 1.4522222222222223 
1.5033333333333332 1.4955555555555555 1.4888888888888885 1.6011111111111112 1.4700000000000002 1.5555555555555556 1.7499999999999998 1.5377777777777775 1.5377777777777777 1.6233333333333335 1.6 1.5233333333333332 1.4666666666666663 1.5322222222222226 1.4888888888888892 1.5177777777777781 1.7288888888888885 1.5522222222222226 1.1166666666666667 1.4800000000000002 1.4933333333333336 1.546666666666667 1.5155555555555555 1.4977777777777779 1.49 1.5144444444444447 1.5577777777777775 1.4288888888888887 1.555555555555556 1.4499999999999997 1.4800000000000002 
 
870.0
1305.0
1529.2666666666667
1675.2333333333333
1784.4666666666667
1805.7333333333333
1860.8333333333333
1947.8333333333333
2031.9333333333334
2085.1
2125.7
2156.633333333333
2121.8333333333335
2100.5666666666666
2097.6666666666665
2115.0666666666666
2106.366666666667
2109.266666666667
2101.5333333333333
2047.4
2125.7
2168.233333333333
2173.0666666666666
2204.9666666666667
2249.4333333333334
2206.9
2183.7
2236.866666666667
2258.133333333333
2310.3333333333335
2344.1666666666665
2341.266666666667
2321.9333333333334
2319.0333333333333
2273.6
2329.6666666666665
2326.766666666667
2326.766666666667
2275.5333333333333
2291.9666666666667
2295.8333333333335
2322.9
2312.266666666667
2340.3
2387.6666666666665
2387.6666666666665
2382.8333333333335
2397.3333333333335
2475.633333333333
2488.2
2519.133333333333
2574.233333333333
2563.6
2520.1
2564.5666666666666
2494.9666666666667
2575.2
2507.5333333333333
2462.1
2525.9
2497.866666666667
2481.4333333333334
2501.733333333333
2449.5333333333333
2473.7
2431.1666666666665
2380.9
2408.9333333333334
2475.633333333333
2455.3333333333335
2453.4
2373.1666666666665
2467.9
2550.0666666666666
2508.5
2534.6
2538.4666666666667
2523.0
2473.7
2478.5333333333333
2544.266666666667
2565.5333333333333
2555.866666666667
2593.5666666666666
2593.5666666666666
2526.866666666667
2519.133333333333
2398.3
2430.2
2444.7
2386.7
2405.0666666666666
2419.5666666666666
2434.0666666666666
2393.4666666666667
2428.266666666667
2434.0666666666666
2441.8
2460.1666666666665
2456.3
2491.1
2501.733333333333
2506.5666666666666
2474.6666666666665
2448.5666666666666
2478.5333333333333
2449.5333333333333
2519.133333333333
2589.7
2556.8333333333335
2558.766666666667
2539.4333333333334
2461.133333333333
2438.9
2500.766666666667
2501.733333333333
2460.1666666666665
2418.6
2477.5666666666666
2472.733333333333
2534.6
2614.8333333333335
2643.8333333333335
2648.6666666666665
2594.5333333333333
2580.0333333333333
2524.9333333333334
2512.366666666667
2455.3333333333335
2489.1666666666665
2543.3
2572.3
2569.4
2565.5333333333333
2560.7
2633.2
2644.8
2656.4
2648.6666666666665
2524.9333333333334
2505.6
2457.266666666667
2483.366666666667
2537.5
2606.133333333333
2601.3
2625.4666666666667
2624.5
2639.0
2622.5666666666666
2596.4666666666667
2572.3
2544.266666666667
2568.4333333333334
2604.2
2684.4333333333334
2678.633333333333
2744.366666666667
2729.866666666667
2737.6
2674.766666666667
2653.5
2686.366666666667
2599.366666666667
2603.233333333333
2560.7
2651.5666666666666
2730.8333333333335
2736.633333333333
2542.3333333333335
2517.2
2562.633333333333
2575.2
2639.0
2486.266666666667
2470.8
2482.4
2559.733333333333
2678.633333333333
2605.1666666666665
2533.633333333333
2588.733333333333
2608.0666666666666
2670.9
2679.6
2651.5666666666666
2578.1
2496.9
2523.0
2472.733333333333
2496.9
2491.1
2470.8
2463.0666666666666
2499.8
2498.8333333333335
2540.4
2530.733333333333
2515.266666666667
2468.866666666667
2402.1666666666665
2518.1666666666665
2500.766666666667
2542.3333333333335
2576.1666666666665
2601.3
2610.0
2633.2
2681.5333333333333
2639.0
2585.8333333333335
2568.4333333333334
2573.266666666667
2604.2
2577.133333333333
2648.6666666666665
2649.633333333333
2624.5
2650.6
2721.1666666666665
2671.866666666667
2679.6
2630.3
2616.766666666667
2658.3333333333335
2703.766666666667
2608.0666666666666
2565.5333333333333
2548.133333333333
2546.2
2537.5
2538.4666666666667
2491.1
2492.0666666666666
2446.633333333333
2446.633333333333
2503.6666666666665
2574.233333333333
2603.233333333333
2558.766666666667
2599.366666666667
2562.633333333333
2559.733333333333
2466.9333333333334
2519.133333333333
2550.0666666666666
2557.8
2549.1
2578.1
2705.7
2682.5
2643.8333333333335
2641.9
2610.0
2647.7
2600.3333333333335
2545.233333333333
2590.6666666666665
2561.6666666666665
2619.6666666666665
2642.866666666667
2733.733333333333
2641.9
2560.7
2585.8333333333335
2554.9
2635.133333333333
2600.3333333333335
2630.3
2635.133333333333
2612.9
2633.2
2649.633333333333
2625.4666666666667
2658.3333333333335
2693.133333333333
2681.5333333333333
2587.766666666667
2573.266666666667
2583.9
2611.9333333333334
2594.5333333333333
2626.4333333333334
2617.733333333333
2658.3333333333335
2673.8
2680.5666666666666
2692.1666666666665
2734.7
2750.1666666666665
2727.9333333333334
2791.733333333333
2761.766666666667
2807.2
2745.3333333333335
2728.9
2754.0333333333333
2769.5
2753.0666666666666
2682.5
2587.766666666667
2605.1666666666665
2533.633333333333
2456.3
2504.633333333333
2552.9666666666667
2533.633333333333
2564.5666666666666
2564.5666666666666
2556.8333333333335
2646.733333333333
2642.866666666667
2617.733333333333
2555.866666666667
2674.766666666667
2618.7
2603.233333333333
2583.9
2617.733333333333
2573.266666666667
2555.866666666667
2521.0666666666666
2487.233333333333
2523.9666666666667
2643.8333333333335
2610.0
2626.4333333333334
2693.133333333333
2680.5666666666666
2668.0
2648.6666666666665
2614.8333333333335
2631.266666666667
2596.4666666666667
2603.233333333333
2702.8
2731.8
2737.6
2729.866666666667
2666.0666666666666
2659.3
2591.633333333333
2581.0
2653.5
2700.866666666667
2668.0
2555.866666666667
2584.866666666667
2597.4333333333334
2620.633333333333
2553.9333333333334
2614.8333333333335
2621.6
2625.4666666666667
2669.9333333333334
2628.366666666667
2567.4666666666667
2627.4
2626.4333333333334
2649.633333333333
2669.9333333333334
2650.6
2563.6
2535.5666666666666
2524.9333333333334
2555.866666666667
2619.6666666666665
2514.3
2556.8333333333335
2642.866666666667
2658.3333333333335
2636.1
2529.766666666667
2547.1666666666665
2551.0333333333333
2569.4
2532.6666666666665
2540.4
2555.866666666667
2665.1
2646.733333333333
2662.2
2623.5333333333333
2713.4333333333334
2763.7
2762.733333333333
2691.2
2752.1
2750.1666666666665
2702.8
2688.3
2689.266666666667
2715.366666666667
2625.4666666666667
2624.5
2582.9333333333334
2650.6
2636.1
2588.733333333333
2600.3333333333335
2607.1
2630.3
2618.7
2577.133333333333
2646.733333333333
2751.133333333333
2702.8
2668.0
2571.3333333333335
2615.8
2570.366666666667
2500.766666666667
2580.0333333333333
2621.6
2697.0
2681.5333333333333
2672.8333333333335
2688.3
2686.366666666667
2725.0333333333333
2656.4
2721.1666666666665
2689.266666666667
2668.0
2628.366666666667
2626.4333333333334
2639.0
2625.4666666666667
2573.266666666667
2581.0
2470.8
2497.866666666667
2494.9666666666667
2522.0333333333333
2469.8333333333335
2470.8
2523.0
2508.5
2433.1
2466.9333333333334
2548.133333333333
2508.5
2485.3
2535.5666666666666
2564.5666666666666
2610.0
2641.9
2586.8
2606.133333333333
2524.9333333333334
2528.8
2586.8
2599.366666666667
2570.366666666667
2613.866666666667
2566.5
2592.6
2599.366666666667
2554.9
2580.0333333333333
2563.6
2552.0
2614.8333333333335
2674.766666666667
2668.9666666666667
2708.6
2666.0666666666666
2690.233333333333
2726.9666666666667
2642.866666666667
2614.8333333333335
2603.233333333333
2641.9
2586.8
2540.4
2551.0333333333333
2593.5666666666666
2648.6666666666665
2618.7
2609.0333333333333
2656.4
2659.3
2575.2
2588.733333333333
2559.733333333333
2635.133333333333
2572.3
2541.366666666667
2523.0
2522.0333333333333
2522.0333333333333
2565.5333333333333
2636.1
2581.0
2668.0
2651.5666666666666
2648.6666666666665
2629.3333333333335
2609.0333333333333
2636.1
2704.733333333333
2733.733333333333
2737.6
2806.233333333333
2799.4666666666667
2835.233333333333
2782.0666666666666
2767.5666666666666
2718.266666666667
2682.5
2652.5333333333333
2712.4666666666667
2720.2
2724.0666666666666
2726.0
2732.766666666667
2743.4
2789.8
2760.8
2596.4666666666667
2612.9
2706.6666666666665
2621.6
2648.6666666666665
2571.3333333333335
2612.9
2688.3
2604.2
2569.4
2585.8333333333335
2568.4333333333334
2537.5
2522.0333333333333
2549.1
2617.733333333333
2647.7
2618.7
2563.6
2532.6666666666665
2552.0
2531.7
2492.0666666666666
2497.866666666667
2535.5666666666666
2520.1
2532.6666666666665
2507.5333333333333
2541.366666666667
2608.0666666666666
2596.4666666666667
2552.9666666666667
2531.7
2565.5333333333333
2530.733333333333
2484.3333333333335
2494.0
2547.1666666666665
2557.8
2567.4666666666667
2595.5
2577.133333333333
2639.0
2603.233333333333
2578.1
2569.4
2645.766666666667
2626.4333333333334
2668.0
2623.5333333333333
2670.9
2738.5666666666666
2648.6666666666665
2691.2
2701.8333333333335
2739.5333333333333
2757.9
2746.3
2827.5
2834.266666666667
2824.6
2806.233333333333
2747.266666666667
2690.233333333333
2668.0
2676.7
2715.366666666667
2738.5666666666666
2719.233333333333
2795.6
2725.0333333333333
2641.9
2664.133333333333
2705.7
2693.133333333333
2732.766666666667
2740.5
2722.133333333333
2747.266666666667
2783.0333333333333
2782.0666666666666
