16572.066666666666 32840.4 15837.533333333333
14117.033333333333 31278.833333333332 19854.133333333335
13416.733333333334 29328.1 22505.166666666668
14020.666666666666 27706.566666666666 23522.766666666666
17200.533333333333 26598.633333333335 21450.833333333332
20956.733333333334 24500.233333333334 19793.033333333333
24569.566666666666 21877.066666666666 18803.366666666665
27611.966666666667 20616.6 17021.433333333334
30449.966666666667 19117.066666666666 15682.966666666667
32543.1 18053.266666666666 14653.633333333333
35694.73333333333 15936.3 13618.966666666667
38440.53333333333 15315.966666666667 11493.5
39534.5 14800.766666666666 10914.733333333334
41750.46666666667 13302.766666666666 10196.766666666666
43822.4 11819.033333333333 9608.566666666668
44526.833333333336 11901.2 8821.966666666667
44458.333333333336 11875.533333333333 8916.133333333333
46725.5 10507.866666666667 8016.633333333333
47272.833333333336 10068.1 7909.066666666667
46838.46666666667 10157.1 8254.433333333332
47866.3 9713.8 7669.9
48252.2 9644.133333333333 7353.666666666667
49144.433333333334 9524.633333333333 6580.933333333333
50218.8 9304.666666666666 5726.533333333334
49917.4 9388.1 5944.5
50680.833333333336 9045.266666666666 5523.9
51193.166666666664 8823.433333333332 5233.4
51518.1 8628.8 5103.1
52374.1 8083.133333333333 4792.766666666666
52239.46666666667 7951.233333333334 5059.3
52641.833333333336 7539.133333333333 5069.033333333334
52420.96666666667 7616.033333333334 5213.0
52305.3 7898.266666666666 5046.433333333333
52812.73333333333 7720.633333333333 4716.633333333333
52296.86666666667 8143.433333333333 4809.7
52592.36666666667 8311.0 4346.633333333333
53202.566666666666 7706.0 4341.433333333333
52864.63333333333 7889.433333333333 4495.933333333333
54509.566666666666 6933.566666666667 3806.866666666667
52949.26666666667 7866.9 4433.833333333333
53266.86666666667 7814.5 4168.633333333333
53070.86666666667 8042.033333333334 4137.1
52668.63333333333 8320.933333333332 4260.433333333333
52293.6 8271.3 4685.1
52809.8 7570.0 4870.2
53690.0 6539.633333333333 5020.366666666667
53162.2 7125.8 4962.0
52742.36666666667 7547.866666666667 4959.766666666666
53534.13333333333 7089.6 4626.266666666666
52973.3 7754.5 4522.2
53293.6 7927.7 4028.7
53842.03333333333 7792.233333333334 3615.733333333333
54694.26666666667 6881.733333333334 3674.0
53859.4 7520.733333333334 3869.866666666667
54658.166666666664 7008.766666666666 3583.0666666666666
55518.7 6540.066666666667 3191.233333333333
54897.6 7068.666666666667 3283.733333333333
53779.4 8058.733333333334 3411.866666666667
53051.1 8360.966666666667 3837.9333333333334
54874.23333333333 7165.0 3210.766666666667
54983.8 6948.766666666666 3317.4333333333334
54314.96666666667 7809.0 3126.0333333333333
54900.23333333333 7144.533333333334 3205.233333333333
54932.63333333333 6968.466666666666 3348.9
55232.566666666666 6918.266666666666 3099.1666666666665
56032.666666666664 6454.566666666667 2762.766666666667
56377.8 6233.566666666667 2638.633333333333
55154.36666666667 6908.5 3187.133333333333
55829.3 6476.3 2944.4
55623.0 6564.4 3062.6
56131.566666666666 6215.533333333334 2902.9
55966.73333333333 6479.066666666667 2804.2
56541.0 5888.466666666666 2820.5333333333333
56021.13333333333 6115.9 3112.9666666666667
55118.36666666667 6794.166666666667 3337.4666666666667
55319.3 6760.766666666666 3169.9333333333334
54333.36666666667 7543.966666666666 3372.6666666666665
55270.0 6701.5 3278.5
56006.53333333333 6413.033333333334 2830.4333333333334
56036.666666666664 6444.866666666667 2768.4666666666667
56182.833333333336 6190.6 2876.5666666666666
56233.8 6134.5 2881.7
56092.46666666667 6360.166666666667 2797.366666666667
57107.933333333334 5687.066666666667 2455.0
56179.333333333336 6523.933333333333 2546.733333333333
56141.5 6586.166666666667 2522.3333333333335
56857.23333333333 6038.033333333334 2354.733333333333
56909.9 5888.2 2451.9
56956.0 5790.433333333333 2503.5666666666666
56464.86666666667 6378.8 2406.3333333333335
56761.96666666667 5994.4 2493.633333333333
56973.5 6018.666666666667 2257.8333333333335
56887.96666666667 5806.6 2555.4333333333334
57094.96666666667 5820.166666666667 2334.866666666667
57194.333333333336 5735.966666666666 2319.7
57706.36666666667 5320.8 2222.8333333333335
55549.36666666667 6950.4 2750.233333333333
56496.53333333333 6241.733333333334 2511.733333333333
55950.666666666664 6434.233333333334 2865.1
57584.13333333333 5211.8 2454.0666666666666
56809.26666666667 5845.566666666667 2595.1666666666665
55871.8 6571.166666666667 2807.0333333333333
57073.066666666666 5784.1 2392.8333333333335
56146.166666666664 6206.8 2897.0333333333333
56883.63333333333 5878.533333333334 2487.8333333333335
55802.7 6510.4 2936.9
56242.666666666664 6062.3 2945.0333333333333
56383.566666666666 6079.433333333333 2787.0
56571.6 5748.8 2929.6
56582.7 6004.733333333334 2662.5666666666666
56534.6 5904.3 2811.1
56617.0 6111.933333333333 2521.0666666666666
55839.566666666666 6629.066666666667 2781.366666666667
56343.166666666664 6161.833333333333 2745.0
56545.666666666664 5951.8 2752.5333333333333
56235.8 6227.033333333334 2787.1666666666665
57321.1 5538.033333333334 2390.866666666667
55631.96666666667 6584.866666666667 3033.1666666666665
56899.566666666666 5806.233333333334 2544.2
56797.76666666667 5844.233333333334 2608.0
56201.73333333333 6201.633333333333 2846.633333333333
56493.46666666667 5934.433333333333 2822.1
56507.46666666667 6088.3 2654.233333333333
56816.1 5850.633333333333 2583.266666666667
56968.73333333333 5664.0 2617.266666666667
55180.03333333333 6905.2 3164.766666666667
56487.13333333333 6261.0 2501.866666666667
56741.6 6040.866666666667 2467.5333333333333
55622.333333333336 6762.133333333333 2865.5333333333333
56834.333333333336 5865.833333333333 2549.8333333333335
55890.8 6685.1 2674.1
55643.0 6675.4 2931.6
58058.36666666667 4979.4 2212.233333333333
55559.76666666667 6826.666666666667 2863.5666666666666
55554.933333333334 6751.033333333334 2944.0333333333333
56742.6 5912.133333333333 2595.266666666667
56549.96666666667 6128.3 2571.733333333333
56448.03333333333 6186.366666666667 2615.6
57371.46666666667 5529.5 2349.0333333333333
55909.26666666667 6459.8 2880.9333333333334
56259.36666666667 6261.2 2729.4333333333334
56645.833333333336 5898.966666666666 2705.2
56842.166666666664 5795.766666666666 2612.0666666666666
57342.433333333334 5435.7 2471.866666666667
56542.333333333336 6122.666666666667 2585.0
56254.833333333336 6253.366666666667 2741.8
56663.26666666667 5836.233333333334 2750.5
56306.23333333333 6138.1 2805.6666666666665
57410.433333333334 5211.633333333333 2627.9333333333334
56077.2 6516.3 2656.5
56270.13333333333 6220.533333333334 2759.3333333333335
56348.566666666666 5944.333333333333 2957.1
56030.833333333336 6133.333333333333 3085.8333333333335
55446.26666666667 6663.6 3140.133333333333
56214.86666666667 6312.633333333333 2722.5
55929.76666666667 6333.966666666666 2986.266666666667
55218.2 6816.366666666667 3215.4333333333334
56089.76666666667 6193.233333333334 2967.0
55781.666666666664 6473.7 2994.633333333333
56607.36666666667 5932.3 2710.3333333333335
55457.86666666667 6424.7 3367.4333333333334
55587.4 6533.0 3129.6
56043.5 6232.9 2973.6
57168.36666666667 5578.4 2503.233333333333
54968.7 7092.366666666667 3188.9333333333334
55753.933333333334 6461.7 3034.366666666667
54580.566666666666 7288.466666666666 3380.9666666666667
55166.933333333334 7058.133333333333 3024.9333333333334
55289.96666666667 6676.933333333333 3283.1
56552.0 5769.566666666667 2928.4333333333334
56131.5 6088.666666666667 3029.8333333333335
55651.066666666666 6430.033333333334 3168.9
55434.666666666664 6653.033333333334 3162.3
56385.73333333333 6018.033333333334 2846.233333333333
57187.73333333333 5590.433333333333 2471.8333333333335
55825.933333333334 6400.0 3024.0666666666666
56855.23333333333 5488.7 2906.0666666666666
56281.066666666666 6108.166666666667 2860.766666666667
56591.1 5852.5 2806.4
56021.23333333333 6170.2 3058.5666666666666
55713.03333333333 6379.433333333333 3157.5333333333333
54511.566666666666 7230.933333333333 3507.5
56357.86666666667 5994.366666666667 2897.766666666667
55285.5 6744.1 3220.4
55474.23333333333 6459.933333333333 3315.8333333333335
55823.433333333334 6416.533333333334 3010.0333333333333
55483.4 6594.166666666667 3172.4333333333334
56146.03333333333 6039.566666666667 3064.4
55970.9 6175.033333333334 3104.0666666666666
56272.5 5969.266666666666 3008.233333333333
56849.1 5676.533333333334 2724.366666666667
55844.23333333333 6404.4 3001.366666666667
55001.566666666666 6873.7 3374.733333333333
56828.7 5582.833333333333 2838.4666666666667
55858.53333333333 6376.966666666666 3014.5
56350.8 5833.166666666667 3066.0333333333333
56274.5 5956.166666666667 3019.3333333333335
56505.833333333336 5847.433333333333 2896.733333333333
56720.03333333333 5923.333333333333 2606.633333333333
56117.76666666667 6088.3 3043.9333333333334
57076.36666666667 5405.866666666667 2767.766666666667
56437.433333333334 5883.566666666667 2929.0
57287.76666666667 5400.033333333334 2562.2
55991.5 6348.0 2910.5
56058.9 6156.966666666666 3034.133333333333
55996.3 6222.566666666667 3031.133333333333
56267.36666666667 6170.433333333333 2812.2
55870.9 6264.566666666667 3114.5333333333333
56024.333333333336 6115.966666666666 3109.7
56840.8 5682.4 2726.8
56129.8 6101.166666666667 3019.0333333333333
56876.63333333333 5387.166666666667 2986.2
56962.96666666667 5435.233333333334 2851.8
55025.23333333333 6690.233333333334 3534.5333333333333
55964.933333333334 5916.833333333333 3368.233333333333
56617.3 5536.866666666667 3095.8333333333335
55497.96666666667 6428.933333333333 3323.1
55729.5 6393.966666666666 3126.5333333333333
56528.1 5730.333333333333 2991.5666666666666
54824.333333333336 6832.566666666667 3593.1
56158.166666666664 5813.333333333333 3278.5
55383.066666666666 6477.566666666667 3389.366666666667
56713.63333333333 5593.866666666667 2942.5
56020.86666666667 5967.966666666666 3261.1666666666665
56382.63333333333 5829.566666666667 3037.8
55586.76666666667 6181.6 3481.633333333333
56184.03333333333 5785.2 3280.766666666667
55429.53333333333 6422.333333333333 3398.133333333333
56394.333333333336 5711.9 3143.766666666667
55251.833333333336 6369.266666666666 3628.9
55545.53333333333 6229.933333333333 3474.5333333333333
55084.3 6733.166666666667 3432.5333333333333
56051.73333333333 6032.9 3165.366666666667
55322.46666666667 6596.133333333333 3331.4
55895.0 6197.633333333333 3157.366666666667
56145.433333333334 5972.466666666666 3132.1
56299.26666666667 5825.266666666666 3125.4666666666667
55419.4 6453.933333333333 3376.6666666666665
56230.46666666667 5948.466666666666 3071.0666666666666
55315.0 6559.566666666667 3375.4333333333334
56020.6 6165.766666666666 3063.633333333333
56650.333333333336 5827.933333333333 2771.733333333333
56002.0 6154.733333333334 3093.266666666667
55039.6 6897.0 3313.4
55085.76666666667 6927.266666666666 3236.9666666666667
56205.7 5945.6 3098.7
55227.26666666667 6703.8 3318.9333333333334
55452.73333333333 6462.533333333334 3334.733333333333
55199.833333333336 6573.0 3477.1666666666665
55016.666666666664 6825.433333333333 3407.9
56668.36666666667 5632.466666666666 2949.1666666666665
55679.3 6372.366666666667 3198.3333333333335
55324.63333333333 6556.666666666667 3368.7
55040.36666666667 6794.566666666667 3415.0666666666666
56099.23333333333 6065.5 3085.266666666667
55797.566666666666 6281.533333333334 3170.9
55854.8 6299.833333333333 3095.366666666667
55609.6 6470.666666666667 3169.733333333333
55970.26666666667 6129.633333333333 3150.1
55823.2 6321.066666666667 3105.733333333333
54910.166666666664 6693.6 3646.233333333333
55975.333333333336 6338.933333333333 2935.733333333333
55644.833333333336 6514.066666666667 3091.1
55863.86666666667 6312.633333333333 3073.5
55720.4 6230.3 3299.3
56195.1 6114.966666666666 2939.9333333333334
55967.3 6011.0 3271.7
55372.53333333333 6670.433333333333 3207.0333333333333
56261.23333333333 6030.966666666666 2957.8
56110.666666666664 6012.633333333333 3126.7
57240.066666666666 5325.466666666666 2684.4666666666667
56556.23333333333 5799.533333333334 2894.233333333333
55986.4 6139.966666666666 3123.633333333333
55800.73333333333 6244.333333333333 3204.9333333333334
56033.46666666667 6157.3 3059.233333333333
55325.36666666667 6596.266666666666 3328.366666666667
56725.566666666666 5734.466666666666 2789.9666666666667
55218.333333333336 6597.366666666667 3434.3
56692.2 5525.766666666666 3032.0333333333333
55661.36666666667 6260.1 3328.5333333333333
56378.066666666666 6024.466666666666 2847.4666666666667
55949.53333333333 6177.7 3122.766666666667
56343.76666666667 5828.333333333333 3077.9
56281.8 5811.533333333334 3156.6666666666665
56487.333333333336 5909.766666666666 2852.9
55630.76666666667 6396.833333333333 3222.4
56006.933333333334 6135.733333333334 3107.3333333333335
57233.0 5255.333333333333 2761.6666666666665
56265.53333333333 6076.733333333334 2907.733333333333
56047.4 6164.533333333334 3038.0666666666666
55235.36666666667 6553.833333333333 3460.8
56511.166666666664 5832.2 2906.633333333333
56506.86666666667 5905.733333333334 2837.4
56568.666666666664 5766.066666666667 2915.266666666667
55139.86666666667 6666.233333333334 3443.9
55009.933333333334 6955.766666666666 3284.3
56635.46666666667 5880.966666666666 2733.5666666666666
56733.73333333333 5829.366666666667 2686.9
56475.76666666667 5793.366666666667 2980.866666666667
56639.96666666667 5852.166666666667 2757.866666666667
55598.36666666667 6479.9 3171.733333333333
56807.13333333333 5736.066666666667 2706.8
56369.2 5994.6 2886.2
55339.36666666667 6977.733333333334 2932.9
56938.6 5752.566666666667 2558.8333333333335
56256.433333333334 6292.833333333333 2700.733333333333
56410.9 6178.5 2660.6
55890.5 6521.133333333333 2838.366666666667
55826.833333333336 6605.3 2817.866666666667
56025.6 6390.433333333333 2833.9666666666667
55271.36666666667 6757.7 3220.9333333333334
56776.26666666667 5811.266666666666 2662.4666666666667
57345.666666666664 5457.233333333334 2447.1
56539.166666666664 6021.5 2689.3333333333335
56025.5 6441.6 2782.9
55828.833333333336 6445.533333333334 2975.633333333333
55210.833333333336 6966.733333333334 3072.4333333333334
55509.0 6588.433333333333 3152.5666666666666
56113.566666666666 6350.733333333334 2785.7
56881.166666666664 5730.4 2638.4333333333334
55974.03333333333 6394.666666666667 2881.3
56669.26666666667 5996.3 2584.4333333333334
56845.53333333333 5695.333333333333 2709.133333333333
55980.03333333333 6378.233333333334 2891.733333333333
56558.833333333336 5906.0 2785.1666666666665
55832.666666666664 6373.966666666666 3043.366666666667
56651.36666666667 5909.9 2688.733333333333
56390.7 6191.766666666666 2667.5333333333333
56519.86666666667 5861.366666666667 2868.766666666667
55908.666666666664 6402.966666666666 2938.366666666667
56011.26666666667 6251.466666666666 2987.266666666667
55038.3 6856.133333333333 3355.5666666666666
54970.166666666664 6890.033333333334 3389.8
56684.3 5735.533333333334 2830.1666666666665
55527.333333333336 6579.566666666667 3143.1
56498.26666666667 5902.433333333333 2849.3
56451.3 5927.966666666666 2870.733333333333
56136.53333333333 6087.633333333333 3025.8333333333335
55767.1 6321.366666666667 3161.5333333333333
56439.933333333334 5982.566666666667 2827.5
56396.73333333333 6018.5 2834.766666666667
56314.7 6025.2 2910.1
55804.4 6302.166666666667 3143.4333333333334
55998.0 6124.433333333333 3127.5666666666666
56079.96666666667 6312.033333333334 2858.0
57081.3 5514.0 2654.7
56282.23333333333 6180.533333333334 2787.233333333333
55472.73333333333 6573.333333333333 3203.9333333333334
56919.63333333333 5664.8 2665.5666666666666
56355.333333333336 6002.4 2892.266666666667
56372.23333333333 6107.033333333334 2770.733333333333
56000.333333333336 6405.766666666666 2843.9
55751.933333333334 6379.566666666667 3118.5
56812.933333333334 5704.666666666667 2732.4
56361.833333333336 6179.433333333333 2708.733333333333
56058.433333333334 6080.033333333334 3111.5333333333333
55921.433333333334 6295.366666666667 3033.2
57241.23333333333 5380.1 2628.6666666666665
55693.066666666666 6463.6 3093.3333333333335
56321.73333333333 6068.133333333333 2860.133333333333
55491.333333333336 6527.7 3230.9666666666667
56303.666666666664 6066.0 2880.3333333333335
57016.566666666666 5611.5 2621.9333333333334
56309.26666666667 6128.9 2811.8333333333335
56645.76666666667 5806.7 2797.5333333333333
55700.96666666667 6663.4 2885.633333333333
56082.46666666667 6253.366666666667 2914.1666666666665
57254.53333333333 5437.533333333334 2557.9333333333334
56292.96666666667 6116.266666666666 2840.766666666667
56559.666666666664 6067.3 2623.0333333333333
56637.7 5902.233333333334 2710.0666666666666
56599.1 5817.333333333333 2833.5666666666666
56453.6 5971.7 2824.7
55608.53333333333 6638.2 3003.266666666667
56452.73333333333 5975.366666666667 2821.9
55637.2 6454.933333333333 3157.866666666667
55815.03333333333 6374.7 3060.266666666667
56110.7 5953.6 3185.7
56233.86666666667 6194.966666666666 2821.1666666666665
55108.1 6734.433333333333 3407.4666666666667
55631.13333333333 6413.6 3205.266666666667
55204.566666666666 6953.933333333333 3091.5
55766.933333333334 6380.9 3102.1666666666665
56338.666666666664 5907.033333333334 3004.3
55904.566666666666 6402.233333333334 2943.2
55978.166666666664 6296.266666666666 2975.5666666666666
56354.3 5978.433333333333 2917.266666666667
55744.9 6378.233333333334 3126.866666666667
56032.23333333333 6381.9 2835.866666666667
56628.1 5900.8 2721.1
56551.933333333334 6014.233333333334 2683.8333333333335
55771.9 6283.566666666667 3194.5333333333333
56389.333333333336 5937.533333333334 2923.133333333333
56981.5 5519.666666666667 2748.8333333333335
55713.13333333333 6450.266666666666 3086.6
55685.5 6328.533333333334 3235.9666666666667
56482.96666666667 5976.733333333334 2790.3
56208.433333333334 5903.466666666666 3138.1
56422.13333333333 6058.366666666667 2769.5
55286.5 6457.266666666666 3506.233333333333
55335.9 6514.933333333333 3399.1666666666665
55377.833333333336 6563.4 3308.766666666667
56684.7 5789.933333333333 2775.366666666667
56614.5 5747.5 2888.0
55838.46666666667 6196.266666666666 3215.266666666667
54620.0 7178.833333333333 3451.1666666666665
54866.333333333336 6932.033333333334 3451.633333333333
55948.1 6143.566666666667 3158.3333333333335
54593.76666666667 6925.9 3730.3333333333335
56676.36666666667 5730.866666666667 2842.766666666667
55550.166666666664 6461.833333333333 3238.0
56435.76666666667 5955.666666666667 2858.5666666666666
56484.833333333336 5896.166666666667 2869.0
56108.7 6262.166666666667 2879.133333333333
56532.433333333334 5833.366666666667 2884.2
56316.03333333333 5995.8 2938.1666666666665
57065.1 5486.266666666666 2698.633333333333
55642.066666666666 6531.8 3076.133333333333
56564.566666666666 5804.166666666667 2881.266666666667
56252.1 6062.366666666667 2935.5333333333333
56806.4 5796.566666666667 2647.0333333333333
56385.933333333334 6002.066666666667 2862.0
55879.2 6148.9 3221.9
55870.53333333333 6232.0 3147.4666666666667
56057.2 6131.866666666667 3060.9333333333334
55268.23333333333 6749.233333333334 3232.5333333333333
55485.5 6294.333333333333 3470.1666666666665
55888.53333333333 6288.6 3072.866666666667
56169.46666666667 5895.366666666667 3185.1666666666665
56961.933333333334 5555.533333333334 2732.5333333333333
56033.26666666667 6183.8 3032.9333333333334
55514.23333333333 6494.333333333333 3241.4333333333334
56294.0 5921.9 3034.1
56019.36666666667 6082.0 3148.633333333333
56149.23333333333 6037.4 3063.366666666667
56177.86666666667 6099.0 2973.133333333333
55632.46666666667 6339.466666666666 3278.0666666666666
57213.333333333336 5302.0 2734.6666666666665
54934.5 6879.066666666667 3436.4333333333334
56244.03333333333 5899.033333333334 3106.9333333333334
57004.1 5515.1 2730.8
56207.433333333334 5893.866666666667 3148.7
56800.26666666667 5604.433333333333 2845.3
56139.2 5907.633333333333 3203.1666666666665
55919.066666666666 6349.5 2981.4333333333334
57491.666666666664 5113.0 2645.3333333333335
55507.36666666667 6546.866666666667 3195.766666666667
54958.2 6687.166666666667 3604.633333333333
55764.2 6393.166666666667 3092.633333333333
55495.26666666667 6469.4 3285.3333333333335
56576.4 5692.933333333333 2980.6666666666665
56132.066666666666 6125.966666666666 2991.9666666666667
56260.5 5806.8 3182.7
55863.26666666667 6246.966666666666 3139.766666666667
56046.73333333333 5923.233333333334 3280.0333333333333
55326.36666666667 6375.866666666667 3547.766666666667
55545.53333333333 6505.466666666666 3199.0
56260.066666666666 5996.733333333334 2993.2
55998.833333333336 6067.033333333334 3184.133333333333
55806.333333333336 6305.466666666666 3138.2
56336.86666666667 5980.0 2933.133333333333
55158.7 6655.233333333334 3436.0666666666666
56797.63333333333 5604.6 2847.766666666667
55719.03333333333 6385.533333333334 3145.4333333333334
55173.666666666664 6809.566666666667 3266.766666666667
55841.1 6426.5 2982.4
55849.666666666664 6367.6 3032.733333333333
56943.46666666667 5570.533333333334 2736.0
56600.1 5838.333333333333 2811.5666666666666
56751.5 5728.466666666666 2770.0333333333333
55934.76666666667 6030.333333333333 3284.9
57811.166666666664 5003.266666666666 2435.5666666666666
56945.333333333336 5626.533333333334 2678.133333333333
55327.4 6830.966666666666 3091.633333333333
56048.7 6259.366666666667 2941.9333333333334
56647.5 5815.666666666667 2786.8333333333335
56404.36666666667 5916.466666666666 2929.1666666666665
56472.53333333333 6014.566666666667 2762.9
55948.53333333333 6210.6 3090.866666666667
55095.73333333333 6666.866666666667 3487.4
56369.36666666667 5843.066666666667 3037.5666666666666
54779.13333333333 6863.033333333334 3607.8333333333335
55381.46666666667 6407.933333333333 3460.6
55857.066666666666 6475.1 2917.8333333333335
55918.833333333336 6283.366666666667 3047.8
55778.9 6394.266666666666 3076.8333333333335
56911.166666666664 5549.166666666667 2789.6666666666665
55763.63333333333 6340.7 3145.6666666666665
56428.066666666666 5762.133333333333 3059.8
56876.13333333333 5552.933333333333 2820.9333333333334
57244.8 5410.8 2594.4
56868.9 5874.3 2506.8
56228.5 5868.5 3153.0
57018.0 5480.1 2751.9
55927.53333333333 6217.7 3104.766666666667
56950.6 5542.166666666667 2757.233333333333
56282.3 6022.766666666666 2944.9333333333334
56357.03333333333 5910.233333333334 2982.733333333333
57064.46666666667 5432.633333333333 2752.9
55522.03333333333 6549.566666666667 3178.4
56409.96666666667 5913.333333333333 2926.7
56593.2 5860.7 2796.1
56198.066666666666 6110.2 2941.733333333333
56804.53333333333 5634.066666666667 2811.4
56252.5 6106.566666666667 2890.9333333333334
55686.46666666667 6352.733333333334 3210.8
54806.73333333333 6794.9 3648.366666666667
55859.2 6159.333333333333 3231.4666666666667
56051.73333333333 5908.0 3290.266666666667
55857.53333333333 6181.566666666667 3210.9
56688.5 5695.8 2865.7
55725.73333333333 6383.333333333333 3140.9333333333334
56841.23333333333 5676.966666666666 2731.8
56073.3 6144.433333333333 3032.266666666667
57070.26666666667 5754.666666666667 2425.0666666666666
55216.3 6886.366666666667 3147.3333333333335
55900.13333333333 6314.6 3035.266666666667
56140.166666666664 5938.6 3171.233333333333
55772.7 6212.466666666666 3264.8333333333335
55603.433333333334 6565.733333333334 3080.8333333333335
55700.333333333336 6289.333333333333 3260.3333333333335
55866.73333333333 6363.066666666667 3020.2
56763.0 5818.966666666666 2668.0333333333333
54700.7 7082.7 3466.6
54569.73333333333 7168.466666666666 3511.8
55689.833333333336 6427.833333333333 3132.3333333333335
56215.46666666667 5902.5 3132.0333333333333
55166.13333333333 6816.2 3267.6666666666665
55462.433333333334 6624.3 3163.266666666667
55262.3 6559.533333333334 3428.1666666666665
55172.333333333336 6790.233333333334 3287.4333333333334
56149.566666666666 5942.1 3158.3333333333335
56377.8 5885.433333333333 2986.766666666667
56610.333333333336 5762.366666666667 2877.3
55899.066666666666 6406.5 2944.4333333333334
56330.36666666667 6103.933333333333 2815.7
55197.5 6739.166666666667 3313.3333333333335
56841.86666666667 5624.4 2783.733333333333
56053.03333333333 6310.466666666666 2886.5
57094.96666666667 5594.533333333334 2560.5
55845.666666666664 6528.666666666667 2875.6666666666665
55172.566666666666 6910.8 3166.633333333333
56063.36666666667 6130.733333333334 3055.9
56530.933333333334 5842.966666666666 2876.1
56600.5 5815.0 2834.5
56068.53333333333 6373.466666666666 2808.0
55177.9 6725.966666666666 3346.133333333333
57202.03333333333 5399.133333333333 2648.8333333333335
55741.46666666667 6448.0 3060.5333333333333
55206.5 6681.766666666666 3361.733333333333
55655.03333333333 6355.633333333333 3239.3333333333335
56362.23333333333 5959.366666666667 2928.4
55680.23333333333 6216.466666666666 3353.3
56014.53333333333 6115.666666666667 3119.8
56460.833333333336 5847.3 2941.866666666667
56123.333333333336 6028.4 3098.266666666667
55520.8 6328.166666666667 3401.0333333333333
56477.6 5944.8 2827.6
55907.53333333333 6320.5 3021.9666666666667
56264.5 5994.133333333333 2991.366666666667
56427.36666666667 6130.6 2692.0333333333333
55890.23333333333 6239.766666666666 3120.0
55635.8 6450.7 3163.5
56641.13333333333 5846.1 2762.766666666667
56143.9 6224.566666666667 2881.5333333333333
55542.4 6455.533333333334 3252.0666666666666
55605.666666666664 6392.466666666666 3251.866666666667
55866.73333333333 6242.666666666667 3140.6
55369.666666666664 6538.833333333333 3341.5
56346.63333333333 5837.533333333334 3065.8333333333335
55136.7 6788.033333333334 3325.266666666667
55442.9 6664.333333333333 3142.766666666667
55066.3 6699.6 3484.1
56275.7 6039.8 2934.5
56032.53333333333 6123.133333333333 3094.3333333333335
57515.3 5185.4 2549.3
55497.9 6476.166666666667 3275.9333333333334
55445.0 6732.9 3072.1
55049.3 6804.566666666667 3396.133333333333
55815.36666666667 6199.5 3235.133333333333
55751.23333333333 6340.066666666667 3158.7
56246.0 6115.4 2888.6
55389.23333333333 6607.966666666666 3252.8
56480.8 6036.333333333333 2732.866666666667
55159.63333333333 6835.733333333334 3254.633333333333
55453.26666666667 6572.5 3224.233333333333
55879.86666666667 6414.466666666666 2955.6666666666665
55318.566666666666 6708.1 3223.3333333333335
56422.9 5950.9 2876.2
56797.73333333333 5793.933333333333 2658.3333333333335
55612.5 6463.166666666667 3174.3333333333335
56335.86666666667 5985.866666666667 2928.266666666667
56909.63333333333 5786.1 2554.266666666667
55797.3 6481.566666666667 2971.133333333333
55986.166666666664 6387.1 2876.733333333333
56908.23333333333 5643.133333333333 2698.633333333333
55171.86666666667 6732.866666666667 3345.266666666667
55897.23333333333 6381.0 2971.766666666667
56187.433333333334 5932.633333333333 3129.9333333333334
57052.933333333334 5506.133333333333 2690.9333333333334
 
584.9666666666667
0.03333333333333333
0.9333333333333333
9.2
9.668924547674548
0.0
0.0
 
8693.7 12819.8 10948.033333333333 295.5806932501212 
8697.3 11638.1 10300.8 415.49838467395597 
8395.466666666667 11148.7 9965.666666666666 625.1993723783015 
8531.566666666668 11079.5 9924.3 1106.71152444227 
8787.2 11567.133333333333 10449.566666666668 1520.2731851362914 
9318.633333333333 12269.3 10990.9 1940.5669972974395 
9363.866666666667 12731.766666666666 11451.2 2395.235310500133 
9752.6 13091.733333333334 11933.566666666668 2528.7359166192105 
10033.866666666667 13428.2 12351.233333333334 2701.6006698087544 
10172.1 13837.466666666667 12663.533333333333 2794.718362316079 
10664.8 14099.433333333332 13082.233333333334 2926.3426489391154 
10915.733333333334 14529.066666666668 13569.333333333334 2633.135635680185 
11096.066666666668 14690.8 13736.533333333333 2479.7746091799013 
11298.966666666667 14870.033333333333 14029.9 2581.177462257616 
11308.233333333334 15212.433333333332 14295.933333333332 2499.6451551948107 
11436.266666666666 15368.4 14444.966666666667 2360.707007845084 
11336.5 15385.866666666667 14428.7 2252.2981552183537 
11623.8 15578.333333333334 14745.433333333332 2310.279270131643 
11915.9 15607.566666666668 14810.866666666667 2480.3407916162564 
11824.0 15500.633333333333 14733.0 2561.5243565111764 
11706.033333333333 15713.433333333332 14894.266666666666 2496.0537525818186 
11929.0 15766.0 14964.4 2393.89290180938 
12361.4 15913.033333333333 15130.866666666667 2203.6539893499107 
12282.833333333334 16069.033333333333 15323.766666666666 1968.2002723864819 
12089.433333333332 16078.0 15271.866666666667 1935.3384107465836 
12440.366666666667 16130.1 15390.3 1696.5347950061814 
12416.633333333333 16212.066666666668 15470.566666666668 1561.3346258534361 
12242.633333333333 16223.6 15516.066666666668 1622.9317128100138 
12811.2 16300.5 15632.7 1570.8905639795535 
12677.4 16270.7 15592.633333333333 1615.1979559793904 
12752.5 16294.7 15631.9 1748.226263197454 
12756.4 16249.033333333333 15595.366666666667 1842.448948154482 
12547.866666666667 16294.633333333333 15600.433333333332 1820.1431231270433 
12659.933333333332 16337.633333333333 15684.2 1777.915043995822 
12342.966666666667 16276.233333333334 15623.2 1641.5785247742494 
12499.666666666666 16355.9 15699.1 1577.4415646863122 
12641.766666666666 16397.133333333335 15760.666666666666 1669.0015823839115 
12656.266666666666 16349.4 15711.466666666667 1628.7209047115607 
12873.5 16553.166666666668 15944.833333333334 1529.374078104431 
12329.233333333334 16379.733333333334 15726.066666666668 1508.0605904052177 
12749.333333333334 16421.5 15784.366666666667 1491.1289323864655 
12495.4 16419.9 15767.933333333332 1440.7625477503223 
12457.733333333334 16423.166666666668 15715.333333333334 1525.3656887594018 
12586.0 16290.866666666667 15635.333333333334 1715.3369968544894 
12621.366666666667 16350.366666666667 15668.466666666667 1898.614751104371 
12949.366666666667 16373.2 15741.566666666668 2093.012894449849 
12438.366666666667 16355.266666666666 15694.5 1963.504495198997 
12197.6 16320.1 15652.866666666667 2002.480702473254 
12704.566666666668 16388.133333333335 15765.266666666666 1975.5377781477346 
12649.3 16403.666666666668 15719.7 1546.430280463149 
12427.366666666667 16469.8 15801.066666666668 1419.1723766962832 
12489.366666666667 16528.733333333334 15897.166666666666 1266.906771146866 
12824.633333333333 16594.233333333334 15976.566666666668 1353.2341293689315 
12639.0 16540.0 15873.533333333333 1334.0076334947346 
12580.733333333334 16595.066666666666 15982.1 1118.5419728378547 
12751.066666666668 16720.466666666667 16107.3 973.648017167053 
12834.4 16673.433333333334 16035.933333333332 940.0130357252146 
12725.533333333333 16605.433333333334 15911.366666666667 934.9051613220813 
12550.033333333333 16500.9 15795.9 1042.286234998173 
13050.933333333332 16656.166666666668 16040.8 1098.3432575171269 
12807.3 16654.966666666667 16041.166666666666 1095.5938626557238 
12804.433333333332 16661.5 15993.5 888.23421423256 
12623.866666666667 16699.833333333332 16044.033333333333 765.2451200613943 
12867.233333333334 16710.633333333335 16032.933333333332 637.3476117647434 
12784.633333333333 16748.233333333334 16087.8 452.57027962516486 
12995.233333333334 16818.533333333333 16201.433333333332 381.716547686602 
13033.266666666666 16834.333333333332 16248.433333333332 490.74690523731283 
12722.266666666666 16731.066666666666 16071.3 499.53616385603146 
12788.433333333332 16780.066666666666 16163.033333333333 433.4679651113538 
12823.266666666666 16732.2 16130.6 518.2054283775884 
13213.633333333333 16796.0 16197.4 433.881341689945 
12718.666666666666 16810.833333333332 16190.766666666666 440.8469326194749 
12880.066666666668 16825.533333333333 16246.566666666668 571.6370295524558 
12644.566666666668 16769.0 16165.433333333332 494.2821437869943 
12555.3 16709.3 16052.633333333333 527.4675074774219 
12720.433333333332 16708.766666666666 16089.433333333332 431.5592091474819 
12552.033333333333 16646.066666666666 15970.6 498.7164702179652 
12681.566666666668 16684.6 16073.7 462.3754033971388 
12972.9 16799.9 16192.2 374.84996687563773 
13031.666666666666 16800.7 16201.3 444.64913058875254 
12796.333333333334 16792.466666666667 16205.1 449.7381934711199 
13117.033333333333 16811.6 16209.833333333334 442.5726555543669 
12757.133333333333 16791.366666666665 16204.066666666668 318.85980426792236 
12950.233333333334 16875.566666666666 16339.833333333334 496.2124621123051 
13015.133333333333 16807.733333333334 16237.833333333334 375.987456942087 
13157.7 16830.333333333332 16236.533333333333 382.9082984214368 
13325.566666666668 16881.1 16324.733333333334 397.5239289792641 
13446.3 16830.233333333334 16320.4 455.40838156538143 
13500.566666666668 16837.433333333334 16319.833333333334 443.95295909464204 
13251.2 16822.466666666667 16280.366666666667 493.45708695555953 
13181.266666666666 16824.833333333332 16301.333333333334 480.24629537584383 
13503.733333333334 16881.466666666667 16346.1 495.64118338437817 
13197.366666666667 16840.433333333334 16307.8 524.7889893407952 
13133.366666666667 16874.333333333332 16350.566666666668 377.3472107283216 
13327.766666666666 16890.0 16362.0 477.62159952553793 
13245.966666666667 16930.233333333334 16422.966666666667 425.1234440332204 
13090.466666666667 16756.833333333332 16154.5 453.25353537874713 
13318.066666666668 16837.0 16273.0 413.71725127192815 
13034.233333333334 16781.233333333334 16183.1 443.33648357276724 
13276.7 16902.3 16387.566666666666 453.8038661017432 
13342.033333333333 16827.733333333334 16295.966666666667 431.4542240428809 
12833.666666666666 16800.966666666667 16181.033333333333 504.36697915968557 
13160.633333333333 16859.9 16342.466666666667 419.78307612384776 
12946.6 16789.466666666667 16199.5 531.2680390662824 
13339.5 16879.3 16314.133333333333 422.20740137730627 
12961.466666666667 16790.766666666666 16161.1 554.3603797771506 
13057.166666666666 16817.1 16204.333333333334 550.3575618531 
13002.5 16810.3 16234.233333333334 424.9835781141041 
13192.666666666666 16845.566666666666 16238.7 630.0106422381556 
12903.6 16838.4 16266.5 440.1954156962567 
13074.733333333334 16845.766666666666 16246.866666666667 549.490165618195 
13083.133333333333 16853.8 16284.166666666666 541.2627057785032 
12654.1 16806.266666666666 16180.266666666666 439.15905901064053 
12556.5 16884.333333333332 16234.333333333334 562.7508000882807 
13137.9 16857.666666666668 16253.833333333334 539.0925364804161 
12953.266666666666 16812.366666666665 16219.366666666667 369.43320325421047 
13252.3 16917.7 16367.633333333333 463.48186000700764 
12684.166666666666 16740.933333333334 16134.466666666667 521.5532620079285 
13005.433333333332 16866.0 16310.033333333333 420.5548521497129 
13105.8 16870.0 16293.633333333333 574.2337598922584 
12724.733333333334 16801.9 16210.1 568.4832806101982 
12895.8 16839.333333333332 16241.7 495.4891835348174 
13101.5 16824.633333333335 16259.866666666667 426.1312728099953 
12970.7 16878.666666666668 16297.866666666667 455.2775106093719 
13334.166666666666 16875.333333333332 16309.666666666666 561.4459346682951 
12591.8 16722.466666666667 16076.033333333333 490.6888457396737 
12980.933333333332 16873.466666666667 16273.033333333333 446.7486653589465 
13342.2 16878.366666666665 16301.9 478.202648814635 
12674.6 16807.033333333333 16150.266666666666 470.01614629476063 
13360.433333333332 16868.666666666668 16302.933333333332 517.020474234607 
13110.633333333333 16788.133333333335 16196.233333333334 497.0251020935572 
12902.633333333333 16778.266666666666 16145.633333333333 490.6333754557587 
13365.666666666666 16938.133333333335 16459.166666666668 436.9268024127916 
12562.633333333333 16795.133333333335 16144.2 560.7135834511829 
12702.2 16775.966666666667 16135.666666666666 410.94380651265556 
13178.0 16866.5 16289.266666666666 442.4591137419742 
13359.366666666667 16845.066666666666 16272.333333333334 451.30756905783096 
12915.1 16851.966666666667 16257.833333333334 352.7596715738477 
13119.9 16907.966666666667 16376.833333333334 333.773401010659 
13145.2 16779.933333333334 16177.433333333332 524.6387209838363 
13166.233333333334 16800.066666666666 16227.466666666667 503.9226693319787 
12787.433333333332 16853.266666666666 16268.566666666668 403.94844596804705 
13191.066666666668 16849.3 16297.5 325.441276320834 
12981.866666666667 16867.166666666668 16361.666666666666 557.2246828903241 
13051.6 16846.966666666667 16270.333333333334 434.01152928874546 
12877.2 16804.633333333335 16225.866666666667 423.9502592679162 
12587.2 16860.966666666667 16265.8 365.7602397746372 
12826.866666666667 16821.4 16224.666666666666 541.6365976269411 
13322.833333333334 16901.4 16352.8 506.85384316717307 
12808.8 16838.333333333332 16216.633333333333 445.9589406859984 
12854.466666666667 16810.5 16225.5 479.6277132665849 
12667.366666666667 16839.266666666666 16213.666666666666 579.2693088902797 
12753.2 16801.433333333334 16169.1 627.3006939791048 
12849.633333333333 16762.1 16105.133333333333 498.9109134460335 
12835.1 16855.366666666665 16223.8 612.5806589067815 
12752.6 16839.233333333334 16168.933333333332 541.7906878532004 
12749.333333333334 16742.2 16074.8 606.4020808561482 
13029.1 16813.266666666666 16186.9 646.8453315901722 
12668.066666666668 16797.166666666668 16153.3 488.17706248177336 
12739.333333333334 16847.566666666666 16264.266666666666 473.26241240985945 
12675.866666666667 16754.533333333333 16083.6 600.7793646589402 
12716.566666666668 16755.433333333334 16120.333333333334 515.1823047340729 
12403.8 16806.733333333334 16181.5 603.4797110646442 
13032.166666666666 16892.466666666667 16341.033333333333 395.64208095477187 
12701.233333333334 16741.966666666667 16052.533333333333 541.2855250851131 
12499.566666666668 16823.666666666668 16146.533333333333 468.4052501129051 
12152.233333333334 16714.933333333334 15994.5 541.7578259702392 
12532.2 16764.0 16088.766666666666 449.33880511010574 
12874.533333333333 16745.9 16075.133333333333 558.7147590676301 
13143.566666666668 16834.9 16236.9 614.6246998507842 
13022.4 16798.866666666665 16184.766666666666 460.99806748209056 
12388.533333333333 16788.133333333335 16122.6 582.7699491794915 
12677.433333333332 16752.633333333335 16101.766666666666 506.2224325553166 
12622.9 16831.766666666666 16228.466666666667 379.6246129767901 
13012.866666666667 16896.7 16346.2 396.4052299520446 
12831.333333333334 16775.033333333333 16154.733333333334 515.0638225825354 
12885.533333333333 16877.566666666666 16269.4 428.8460263699938 
12794.8 16843.066666666666 16216.6 483.63227525328244 
12712.2 16845.533333333333 16253.1 424.63083378388785 
12646.633333333333 16828.933333333334 16170.833333333334 421.6948904915338 
12893.3 16786.933333333334 16130.133333333333 573.2587747063083 
12562.1 16668.466666666667 15974.933333333332 507.95265068048747 
12678.333333333334 16870.6 16220.5 504.1027530838001 
12592.033333333333 16724.133333333335 16081.033333333333 459.81791988182084 
12783.4 16741.266666666666 16090.333333333334 639.7113279527813 
12789.033333333333 16802.133333333335 16155.933333333332 452.9023203492978 
12470.133333333333 16785.766666666666 16105.666666666666 545.6778816807181 
12538.966666666667 16828.6 16182.7 478.5772494244442 
12222.966666666667 16794.566666666666 16161.266666666666 491.8206668424307 
12737.133333333333 16828.8 16200.933333333332 498.74943943159803 
13209.966666666667 16845.3 16287.066666666668 467.98587300615554 
12715.7 16770.0 16158.9 484.8254276884962 
12374.1 16724.433333333334 16037.233333333334 512.6114700455131 
13056.3 16838.4 16273.566666666668 625.7829786222484 
12579.5 16793.466666666667 16158.9 547.0231204742018 
12649.366666666667 16832.566666666666 16203.033333333333 527.2589449217528 
12792.233333333334 16836.833333333332 16200.166666666666 523.180060038819 
12359.0 16880.033333333333 16235.466666666667 560.502653081242 
12657.966666666667 16880.9 16285.866666666667 481.0986625538583 
12726.8 16848.766666666666 16181.966666666667 451.9049313738457 
12837.0 16914.566666666666 16305.5 567.2029466308039 
12931.366666666667 16838.833333333332 16225.466666666667 450.62843045388666 
13001.1 16947.933333333334 16347.1 474.4781410490197 
12414.233333333334 16835.2 16182.6 424.076886110683 
12738.0 16808.233333333334 16176.966666666667 561.9304677231478 
12447.6 16827.366666666665 16171.0 420.9030953398499 
12440.766666666666 16870.333333333332 16220.033333333333 436.5171371206406 
12582.766666666666 16755.866666666665 16150.2 377.17453121863883 
12565.566666666668 16806.3 16165.966666666667 540.9325518645248 
13096.166666666666 16874.6 16286.033333333333 439.90100527782874 
12497.4 16816.166666666668 16185.666666666666 524.4069550983812 
12696.3 16864.066666666666 16263.633333333333 496.62327159416196 
13204.3 16850.866666666665 16285.633333333333 439.14823199765544 
12197.4 16714.233333333334 16023.566666666668 536.8319427695949 
12585.433333333332 16813.8 16134.166666666666 561.5328427122002 
12764.5 16839.9 16226.6 459.6897185421199 
12249.666666666666 16776.333333333332 16092.066666666668 437.5466324353961 
12631.333333333334 16803.733333333334 16134.833333333334 554.8874387357013 
12651.5 16864.366666666665 16228.266666666666 526.4773702005939 
12544.033333333333 16722.533333333333 15997.7 636.4523938729956 
12581.8 16811.266666666666 16162.466666666667 579.2843955164758 
12404.766666666666 16757.366666666665 16073.866666666667 527.8859031815282 
12875.766666666666 16873.233333333334 16251.666666666666 557.653632643059 
12743.133333333333 16805.4 16150.566666666668 590.6861954070403 
12816.566666666668 16820.9 16209.066666666668 569.8089308414417 
12714.866666666667 16779.266666666666 16085.066666666668 553.3892650446578 
12659.933333333332 16832.066666666666 16164.933333333332 636.4444128646794 
12537.1 16753.766666666666 16077.7 526.6489532886208 
12571.8 16847.4 16199.666666666666 523.3289671792386 
12432.033333333333 16732.266666666666 16036.766666666666 540.1985505348937 
12512.666666666666 16778.366666666665 16081.633333333333 540.2735311344103 
12399.833333333334 16706.6 16039.766666666666 502.06113029745245 
12717.6 16817.9 16163.166666666666 592.5919865772363 
12288.433333333332 16783.133333333335 16073.666666666666 521.9144619145513 
12290.133333333333 16850.566666666666 16148.333333333334 535.8451236649965 
12278.666666666666 16835.633333333335 16175.866666666667 342.6544187175566 
12530.5 16835.733333333334 16191.933333333332 403.83551822218124 
12711.633333333333 16734.066666666666 16078.766666666666 643.4375302493111 
12577.466666666667 16796.966666666667 16190.466666666667 476.63348998761893 
12748.4 16755.233333333334 16068.5 666.7336457186883 
12263.066666666668 16824.133333333335 16170.2 552.909217081189 
12471.366666666667 16882.133333333335 16262.366666666667 486.7776540109917 
12347.933333333332 16822.5 16165.4 483.01339042860224 
12031.7 16764.7 16047.133333333333 497.6659138194796 
12293.566666666668 16764.333333333332 16059.466666666667 452.2210474732213 
12859.833333333334 16817.333333333332 16185.266666666666 471.2599301635751 
12303.066666666668 16744.6 16065.433333333332 555.3839772825844 
12783.233333333334 16749.733333333334 16086.4 568.5831835946843 
12371.066666666668 16749.633333333335 16046.8 573.1377234138405 
12613.1 16757.666666666668 16035.433333333332 538.9648049733859 
12895.933333333332 16849.4 16246.4 501.9896539438505 
12211.433333333332 16811.733333333334 16122.733333333334 544.7647868575941 
12456.033333333333 16752.933333333334 16070.2 495.67446844341964 
12741.4 16725.6 16037.0 618.265249710834 
12555.8 16814.766666666666 16175.933333333332 516.9452166332522 
12678.166666666666 16795.133333333335 16137.233333333334 467.00057601677554 
12536.966666666667 16842.8 16150.633333333333 577.9463117126212 
12568.1 16768.866666666665 16118.5 580.106390816949 
12470.133333333333 16825.733333333334 16156.633333333333 464.6817466467417 
12752.5 16812.266666666666 16146.3 557.7702926235257 
12720.6 16709.533333333333 16000.933333333332 758.3936745223785 
12774.8 16809.9 16178.466666666667 533.7618580519887 
12668.566666666668 16782.033333333333 16129.8 487.6912254012096 
12349.966666666667 16802.5 16153.6 505.51156894114047 
12180.0 16752.866666666665 16116.6 515.4507280041421 
12570.066666666668 16824.7 16200.033333333333 414.9554638753417 
12902.6 16788.266666666666 16144.1 526.3570100226651 
12638.2 16749.1 16091.066666666668 478.4990791817452 
12698.633333333333 16843.333333333332 16204.866666666667 407.40356609468523 
12859.233333333334 16827.3 16173.033333333333 500.23260023046595 
12998.866666666667 16909.266666666666 16330.166666666666 491.0450791707191 
12850.666666666666 16852.666666666668 16240.7 540.4874589972771 
12908.966666666667 16774.533333333333 16160.8 488.2241735787635 
12687.833333333334 16804.466666666667 16134.1 504.9138461163446 
12671.7 16803.766666666666 16171.933333333332 540.2517362818519 
12747.4 16729.7 16074.233333333334 454.1779134998874 
13048.866666666667 16870.066666666666 16268.133333333333 562.3272817299355 
12411.066666666668 16723.5 16053.033333333333 532.3602081506675 
13054.566666666668 16850.2 16240.533333333333 573.9469182772916 
12579.0 16752.433333333334 16107.933333333332 574.3297959844637 
12813.7 16828.4 16227.633333333333 503.61347921242583 
12702.566666666668 16799.966666666667 16157.333333333334 583.3495564410761 
12506.4 16860.0 16201.133333333333 542.8203723762277 
12753.1 16819.333333333332 16187.0 655.032954896164 
12325.466666666667 16860.966666666667 16238.033333333333 477.5367112124004 
12460.0 16767.866666666665 16115.333333333334 544.9714631672621 
12660.466666666667 16810.766666666666 16164.566666666668 580.8898321636481 
13266.233333333334 16904.866666666665 16321.666666666666 508.0389630727156 
12603.633333333333 16830.133333333335 16210.266666666666 570.1894461005435 
12700.166666666666 16820.666666666668 16175.433333333332 385.52195210591515 
13052.933333333332 16741.2 16052.066666666668 574.0228635593613 
12833.966666666667 16840.1 16235.0 492.9593384178185 
12644.533333333333 16838.133333333335 16241.466666666667 447.0539037844193 
12937.6 16836.1 16239.866666666667 590.0699267412671 
12528.2 16745.833333333332 16044.133333333333 512.1389489191386 
12557.666666666666 16759.466666666667 16047.033333333333 536.0411786628174 
12892.3 16842.866666666665 16264.7 428.13315257444543 
13160.433333333332 16871.766666666666 16279.2 442.6632983054579 
12746.333333333334 16844.633333333335 16224.1 475.88729443009896 
12930.066666666668 16878.366666666665 16262.8 456.3715113077648 
12753.2 16763.066666666666 16117.2 629.4119347984014 
12934.166666666666 16867.3 16284.533333333333 510.3572705032777 
12677.9 16855.566666666666 16222.8 363.0888926970916 
12528.5 16783.7 16115.266666666666 408.4116390223092 
12634.833333333334 16865.666666666668 16312.5 424.6198688238694 
12806.833333333334 16862.2 16230.066666666668 552.1728094034008 
12603.566666666668 16862.133333333335 16249.5 543.3011212332748 
12737.3 16812.166666666668 16179.8 469.73888065605126 
12789.266666666666 16804.266666666666 16175.4 396.0666143466275 
12724.466666666667 16809.033333333333 16193.766666666666 331.3782747857799 
12796.7 16696.833333333332 16079.633333333333 672.5510532459392 
12850.033333333333 16887.633333333335 16286.0 461.8787965112348 
13117.666666666666 16933.466666666667 16364.366666666667 391.05339604145564 
12976.233333333334 16867.433333333334 16259.5 460.35738182416486 
13044.233333333334 16867.533333333333 16198.933333333332 536.9141003094547 
13018.133333333333 16784.4 16159.9 565.7126166762295 
12402.3 16747.6 16088.4 418.7604032538576 
12608.733333333334 16774.766666666666 16110.2 541.5234334726428 
12891.233333333334 16812.933333333334 16207.266666666666 424.7353201962631 
13039.466666666667 16876.533333333333 16298.833333333334 475.2677822963481 
12978.5 16812.7 16183.766666666666 618.6773089961091 
12890.933333333332 16878.166666666668 16283.0 410.66872659115387 
13151.066666666668 16882.333333333332 16288.233333333334 510.6729923455039 
12889.8 16835.066666666666 16183.4 546.8781732098414 
13209.666666666666 16844.233333333334 16251.866666666667 481.77851573334254 
12595.0 16788.7 16153.366666666667 433.04516097567057 
12859.9 16880.366666666665 16270.8 439.6677393214106 
12861.5 16848.566666666666 16246.833333333334 419.44054207161867 
12715.433333333332 16840.466666666667 16239.766666666666 453.70667555640443 
12992.933333333332 16805.533333333333 16171.566666666668 555.5179578055461 
12531.266666666666 16824.7 16176.966666666667 511.58942239955576 
12360.766666666666 16755.466666666667 16042.8 506.3473814158285 
12623.133333333333 16692.466666666667 16032.6 464.0353222905919 
12984.633333333333 16863.566666666666 16259.966666666667 493.83596264346744 
12802.0 16775.5 16112.933333333332 518.3483473709762 
12566.3 16826.833333333332 16239.366666666667 476.78031617180784 
12747.6 16835.033333333333 16232.566666666668 505.9148438445172 
12767.7 16813.666666666668 16185.533333333333 521.5480119584178 
12918.633333333333 16767.233333333334 16135.166666666666 596.8362733800807 
12747.366666666667 16843.066666666666 16235.7 419.6130316533715 
12802.333333333334 16836.9 16230.766666666666 532.1362631465325 
12613.3 16812.733333333334 16215.066666666668 457.05550112771954 
12647.3 16753.566666666666 16140.666666666666 532.7030003252803 
12892.066666666668 16775.8 16161.6 581.9018190382291 
12875.433333333332 16838.9 16196.8 380.6919712838713 
13221.333333333334 16904.133333333335 16317.266666666666 573.5746244193319 
13026.933333333332 16858.5 16224.066666666668 424.8755689741536 
12611.9 16748.433333333334 16101.433333333332 570.6680200529123 
12943.433333333332 16861.233333333334 16300.033333333333 434.95222496269656 
12634.566666666668 16837.166666666668 16220.866666666667 528.8327349508116 
12711.666666666666 16839.233333333334 16234.566666666668 438.16728020750776 
12649.5 16819.3 16190.3 507.3629913582583 
12914.6 16790.566666666666 16137.9 456.91101868963506 
12974.6 16877.633333333335 16282.666666666666 451.4741107379985 
12911.533333333333 16829.666666666668 16239.866666666667 430.8749866389448 
12787.066666666668 16815.166666666668 16169.166666666666 563.7885041790443 
12543.1 16811.2 16163.433333333332 635.5253395595034 
13135.6 16888.833333333332 16335.8 413.92891620019344 
12693.6 16739.033333333333 16134.566666666668 490.4972218745654 
12853.433333333332 16856.266666666666 16220.7 441.97040926589955 
12713.533333333333 16779.6 16100.6 356.4510471298967 
12809.066666666668 16815.366666666665 16216.933333333332 397.18916847713194 
12749.266666666666 16895.0 16313.966666666667 394.5044499115313 
13011.9 16830.466666666667 16224.333333333334 456.31418038695887 
12710.866666666667 16851.5 16259.3 440.90784260054465 
12672.3 16816.8 16156.033333333333 443.01587506042665 
12818.4 16815.2 16191.266666666666 461.40068715934024 
12958.966666666667 16909.966666666667 16344.166666666666 438.48084995559134 
12696.066666666668 16815.266666666666 16219.766666666666 522.6493366599743 
12676.6 16878.266666666666 16268.266666666666 402.0160448705167 
12852.133333333333 16878.966666666667 16267.233333333334 308.7693150053757 
12899.9 16855.9 16251.233333333334 528.5310872807977 
12980.733333333334 16859.233333333334 16237.433333333332 407.8873048336323 
12503.933333333332 16787.166666666668 16135.066666666668 603.4094471326156 
12815.3 16820.4 16237.7 391.88310119217937 
12888.4 16742.2 16122.466666666667 488.86847515461653 
12684.633333333333 16804.933333333334 16150.066666666668 469.20538703452905 
12661.766666666666 16807.1 16167.1 491.9577048215968 
12926.8 16839.1 16215.766666666666 521.4104775616914 
12723.2 16726.433333333334 16044.633333333333 566.4779647572847 
12725.7 16766.033333333333 16117.166666666666 462.14712832843867 
12789.566666666668 16762.5 16085.866666666667 548.4526417314648 
12756.2 16791.166666666668 16140.9 486.5848082982723 
13038.333333333334 16805.833333333332 16207.866666666667 689.2529737976392 
12907.466666666667 16804.366666666665 16170.566666666668 517.7487613591067 
12680.7 16804.433333333334 16174.833333333334 489.73649558830226 
13026.6 16837.933333333334 16218.3 457.2601670092566 
12552.666666666666 16790.633333333335 16136.266666666666 483.9347342359298 
12469.4 16853.666666666668 16194.233333333334 442.79025395778547 
12837.366666666667 16872.2 16265.266666666666 456.1768163528016 
12924.1 16859.366666666665 16261.4 455.4597197704021 
12455.866666666667 16771.633333333335 16132.166666666666 484.36413701080556 
12684.166666666666 16870.766666666666 16221.2 512.4400055941509 
12712.4 16848.533333333333 16297.8 417.08813696867475 
12566.833333333334 16775.7 16137.266666666666 525.9243481718642 
12575.733333333334 16779.0 16119.533333333333 408.9836446064262 
12710.233333333334 16859.866666666665 16243.766666666666 438.29792024248644 
12692.8 16816.766666666666 16181.633333333333 454.7831991424289 
12931.766666666666 16865.733333333334 16239.8 468.67603843166546 
12317.266666666666 16735.7 16052.666666666666 626.0293929911669 
12740.0 16749.3 16068.266666666666 492.8925379836866 
12454.066666666668 16767.866666666665 16081.433333333332 564.1276084953357 
12582.033333333333 16871.933333333334 16265.566666666668 453.07421761414173 
12723.2 16849.433333333334 16247.133333333333 526.5926048136688 
12360.666666666666 16803.933333333334 16136.9 544.8989594411061 
12360.833333333334 16710.733333333334 15991.433333333332 545.3813172654727 
12424.433333333332 16732.766666666666 16016.0 532.1161461560813 
12654.7 16811.966666666667 16153.533333333333 524.334157765828 
12205.8 16695.366666666665 15960.866666666667 691.1403270441297 
12540.066666666668 16864.8 16258.0 431.5073116414137 
12552.8 16782.5 16105.766666666666 436.8681729716135 
12724.866666666667 16864.666666666668 16232.233333333334 432.7029763911707 
12936.0 16847.533333333333 16236.166666666666 437.8127845704522 
12789.733333333334 16828.833333333332 16197.566666666668 419.8974968833333 
12830.633333333333 16858.633333333335 16239.266666666666 442.95112032819134 
12830.166666666666 16818.933333333334 16212.433333333332 540.4458788815025 
13249.133333333333 16873.333333333332 16311.066666666668 404.5083512391584 
12468.066666666668 16784.266666666666 16131.2 455.5943107634246 
12731.366666666667 16847.7 16242.833333333334 465.908259329142 
12949.666666666666 16812.6 16206.2 517.9866867658535 
12856.366666666667 16897.766666666666 16290.5 468.17772159725814 
12718.4 16831.766666666666 16226.866666666667 464.848334405965 
12513.566666666668 16781.433333333334 16140.3 570.6748557628943 
12697.066666666668 16785.9 16146.8 535.7479401111437 
12912.9 16821.433333333334 16174.133333333333 571.4454497150185 
12671.666666666666 16771.366666666665 16078.2 661.2296361073562 
12672.533333333333 16726.5 16076.1 598.4931684377583 
12538.4 16798.366666666665 16156.1 495.7012897569126 
12643.033333333333 16804.866666666665 16172.933333333332 513.4332875630266 
12893.866666666667 16878.966666666667 16297.5 339.10580748000575 
12450.9 16794.2 16174.633333333333 540.6088902545185 
12729.033333333333 16801.9 16101.9 653.2672408746665 
12974.7 16821.4 16200.533333333333 545.4239789171154 
12913.733333333334 16767.066666666666 16161.6 551.7574364398423 
12719.6 16814.433333333334 16183.133333333333 387.15748475265207 
12826.866666666667 16816.466666666667 16194.966666666667 490.352552761786 
12474.133333333333 16778.6 16110.066666666668 555.3566179592274 
12915.466666666667 16912.533333333333 16322.333333333334 437.7766675676843 
12446.733333333334 16699.833333333332 16024.366666666667 499.44077882723576 
13079.833333333334 16792.4 16188.266666666666 671.2962133895223 
12790.633333333333 16884.3 16301.8 423.69624693483735 
12549.033333333333 16807.833333333332 16180.5 472.3687824853232 
12543.033333333333 16862.933333333334 16270.033333333333 420.2294401078216 
12656.366666666667 16797.433333333334 16168.2 481.1414535594842 
12569.1 16830.5 16168.3 494.9811386978966 
12824.1 16939.033333333333 16359.133333333333 396.3097066128403 
12229.9 16790.4 16105.7 413.61595149768266 
12519.833333333334 16694.7 16009.933333333332 542.280451119775 
12514.166666666666 16760.5 16141.633333333333 427.0277668567547 
12508.966666666667 16776.466666666667 16095.566666666668 600.5458372736143 
12809.833333333334 16840.533333333333 16234.166666666666 577.2843920749402 
12512.566666666668 16854.2 16188.433333333332 510.9132217031686 
12728.366666666667 16811.966666666667 16182.333333333334 641.462440920052 
12344.4 16813.566666666666 16146.933333333332 497.0637686566091 
12549.733333333334 16786.4 16151.166666666666 699.7751782616408 
12209.5 16740.0 16052.466666666667 637.6319072247804 
12509.466666666667 16757.266666666666 16109.233333333334 469.3041525019309 
12476.666666666666 16824.633333333335 16201.266666666666 461.12425536821297 
12590.566666666668 16801.666666666668 16155.966666666667 496.6300992131312 
12509.233333333334 16806.7 16141.3 465.6383646851564 
12591.866666666667 16856.033333333333 16214.9 464.2174641264586 
12595.3 16737.2 16046.833333333334 646.0201518184668 
12710.333333333334 16876.666666666668 16269.6 595.407616119691 
12603.433333333332 16755.4 16131.933333333332 492.14504953090614 
12563.6 16727.6 16065.266666666666 598.5438637040543 
12767.433333333332 16784.766666666666 16160.533333333333 571.4133665258843 
12586.533333333333 16778.133333333335 16156.233333333334 473.1791262889302 
12954.566666666668 16858.333333333332 16295.266666666666 495.43538854448246 
13007.166666666666 16825.133333333335 16253.466666666667 520.2098467605804 
12835.633333333333 16837.033333333333 16272.733333333334 487.9626283504372 
12419.933333333332 16787.9 16139.6 495.377319491584 
13470.4 16958.2 16412.1 524.7586664362963 
12985.8 16883.533333333333 16301.266666666666 527.6314431284187 
12555.566666666668 16756.466666666667 16098.033333333333 452.3307289288814 
12719.7 16816.566666666666 16185.2 487.49241259052775 
13014.466666666667 16853.633333333335 16260.6 502.3623227644901 
12811.566666666668 16822.966666666667 16222.033333333333 471.07797066350327 
12494.7 16861.666666666668 16245.533333333333 397.2620368080605 
12977.766666666666 16787.466666666667 16160.333333333334 585.1465810660893 
12527.3 16712.766666666666 16035.366666666667 553.0679674928454 
12820.966666666667 16822.766666666666 16207.7 512.5104024960533 
12666.433333333332 16688.133333333335 15991.7 548.7744396987406 
12800.566666666668 16755.233333333334 16066.733333333334 699.047572057868 
12740.466666666667 16794.433333333334 16168.433333333332 446.9243402287336 
12807.633333333333 16809.433333333334 16161.6 513.357480709106 
12479.533333333333 16788.833333333332 16144.766666666666 527.9685636685412 
12847.433333333332 16867.6 16286.766666666666 432.75858640945677 
12753.1 16780.4 16136.3 610.6228560521896 
12506.766666666666 16853.4 16211.333333333334 581.6128196661417 
13067.266666666666 16874.433333333334 16279.966666666667 564.707115040866 
12935.066666666668 16876.866666666665 16339.533333333333 437.7189400111042 
12853.333333333334 16895.833333333332 16310.733333333334 465.96598314087765 
12744.566666666668 16795.166666666668 16182.1 550.3223537164375 
13087.866666666667 16893.366666666665 16301.233333333334 400.7080143667924 
12595.566666666668 16802.0 16156.866666666667 483.5689256857691 
13015.666666666666 16886.833333333332 16293.933333333332 502.59652373118035 
12812.266666666666 16824.833333333332 16208.266666666666 481.93259683164086 
12546.1 16837.1 16212.0 548.968300542026 
12813.033333333333 16873.6 16305.7 570.9732430975494 
12603.166666666666 16757.066666666666 16108.8 428.9966724812678 
12847.2 16840.4 16222.8 513.1409500972093 
13106.833333333334 16840.633333333335 16254.2 402.156871962505 
12798.3 16806.7 16200.2 487.467250865806 
12985.466666666667 16860.8 16273.8 349.1743614108383 
12821.2 16825.033333333333 16210.766666666666 427.2199892587217 
12489.966666666667 16788.233333333334 16122.166666666666 460.400539627061 
12342.433333333332 16687.433333333334 15990.333333333334 458.83024275505954 
12551.766666666666 16787.466666666667 16137.4 540.4400712999238 
12722.3 16765.133333333335 16150.766666666666 455.2557576669283 
13039.433333333332 16777.1 16139.2 518.735310474748 
12787.733333333334 16843.266666666666 16256.8 454.491333984122 
12632.4 16772.133333333335 16133.066666666668 521.8283789821239 
13334.7 16848.9 16285.466666666667 431.62623066722887 
12844.933333333332 16787.933333333334 16178.7 650.1023568126278 
13350.0 16908.366666666665 16339.0 407.17557310493606 
12624.766666666666 16752.3 16081.466666666667 356.65241700506596 
13013.6 16783.533333333333 16161.066666666668 468.31959196922566 
12635.066666666668 16794.6 16171.466666666667 542.975692519165 
12709.666666666666 16774.066666666666 16125.266666666666 755.4723053972408 
12511.1 16801.7 16126.833333333334 586.0443223663016 
13084.133333333333 16764.133333333335 16118.633333333333 543.6110684835046 
12916.1 16817.5 16159.2 450.4925504378516 
13168.233333333334 16864.733333333334 16284.033333333333 510.3969863416776 
12709.433333333332 16670.766666666666 15997.933333333332 539.2138939645788 
12457.166666666666 16658.366666666665 15980.4 800.9153188696044 
13065.433333333332 16693.266666666666 16130.266666666666 948.9784803203448 
13065.666666666666 16752.766666666666 16182.933333333332 979.2357693062937 
12666.566666666668 16734.833333333332 16064.4 851.3836448198117 
12560.633333333333 16757.2 16104.433333333332 700.2826764957136 
12611.266666666666 16747.433333333334 16057.833333333334 710.5812678520468 
12637.633333333333 16745.3 16063.033333333333 576.9574260241776 
12511.833333333334 16779.6 16173.666666666666 534.5239299289291 
12683.733333333334 16838.033333333333 16213.633333333333 454.84092371826983 
13012.466666666667 16855.166666666668 16247.9 485.0619152919207 
12868.566666666668 16793.0 16170.0 570.9962705657545 
12832.133333333333 16842.933333333334 16226.066666666668 461.8372031595355 
12424.266666666666 16726.1 16062.933333333332 398.2920908914292 
13109.5 16851.0 16280.4 459.7933963568129 
12861.233333333334 16815.166666666668 16191.2 484.48626743524255 
13101.066666666668 16881.266666666666 16328.033333333333 402.166137311435 
12970.133333333333 16748.033333333333 16171.5 542.2961423429084 
12754.466666666667 16703.266666666666 16075.1 603.3798394599102 
13075.833333333334 16798.733333333334 16175.333333333334 515.3088892434646 
12886.166666666666 16833.233333333334 16240.0 485.8039114018468 
13229.6 16848.566666666666 16251.166666666666 509.8892871115367 
12964.466666666667 16807.066666666666 16200.666666666666 419.4250771393304 
12666.7 16738.5 16057.633333333333 645.6815058525372 
13197.966666666667 16905.166666666668 16329.866666666667 409.79415618630327 
12952.7 16768.4 16142.7 574.6325243144526 
12245.233333333334 16768.433333333334 16059.066666666668 536.4750313129422 
12908.866666666667 16780.833333333332 16116.1 516.7625125077608 
12617.566666666668 16844.733333333334 16217.866666666667 532.4949580355982 
12425.4 16770.966666666667 16107.166666666666 577.0178824496404 
12748.6 16807.566666666666 16164.033333333333 472.54955389767184 
12718.2 16853.633333333335 16226.466666666667 420.5340262359541 
12890.5 16806.966666666667 16176.933333333332 624.9746981545201 
12779.8 16745.766666666666 16086.533333333333 587.3909535678374 
12643.666666666666 16827.266666666666 16239.5 570.8727645748512 
12995.033333333333 16773.133333333335 16163.1 487.04550882506527 
12884.766666666666 16829.466666666667 16201.833333333334 576.4209991162899 
12799.133333333333 16847.166666666668 16248.133333333333 464.2120552314664 
12728.766666666666 16795.066666666666 16151.633333333333 460.2493047855209 
12354.7 16811.3 16121.8 526.423278677276 
12786.333333333334 16865.066666666666 16262.333333333334 479.12838049942303 
12824.733333333334 16862.566666666666 16200.866666666667 504.9149207759879 
12340.933333333332 16804.3 16103.633333333333 606.6791405311012 
12728.366666666667 16790.533333333333 16109.966666666667 472.8451266300391 
12267.766666666666 16814.866666666665 16147.133333333333 547.3298928028283 
12864.466666666667 16776.633333333335 16077.366666666667 758.7977046325034 
13090.766666666666 16829.866666666665 16202.7 643.0203610047403 
12448.066666666668 16763.066666666666 16055.633333333333 568.4699199508176 
12419.066666666668 16731.3 16104.433333333332 464.94567735262245 
12624.4 16712.8 16032.733333333334 545.4525146864552 
12710.533333333333 16826.5 16208.666666666666 478.14006920334305 
12959.233333333334 16790.3 16168.333333333334 611.1529735762651 
13299.333333333334 16914.866666666665 16371.1 467.9160537247394 
12452.666666666666 16799.666666666668 16096.766666666666 532.531419313035 
12513.9 16770.866666666665 16111.866666666667 484.99700766545385 
12706.566666666668 16710.666666666668 16039.933333333332 456.87892159739675 
12845.566666666668 16779.6 16132.566666666668 626.6729032491086 
12641.4 16793.5 16133.8 594.3613850175665 
12790.333333333334 16831.766666666666 16210.3 506.0647685820464 
12486.433333333332 16785.766666666666 16088.266666666666 498.40025648736037 
12544.466666666667 16883.266666666666 16249.333333333334 429.92101626022196 
12607.966666666667 16748.233333333334 16064.966666666667 519.7101664496387 
12466.266666666666 16761.2 16097.433333333332 444.8971205670911 
12620.333333333334 16803.9 16167.066666666668 440.12738206619736 
12509.1 16740.3 16084.033333333333 512.1713371085457 
13141.3 16874.933333333334 16229.2 500.4198254132889 
12724.233333333334 16869.9 16288.466666666667 471.86854289916147 
13096.633333333333 16753.433333333334 16118.333333333334 736.9783183151771 
12737.733333333334 16849.2 16215.266666666666 440.91056513134805 
12778.2 16896.766666666666 16310.133333333333 424.4482650060743 
12598.066666666668 16817.6 16157.1 402.0881806270857 
12943.733333333334 16791.866666666665 16185.466666666667 551.0988547136228 
12992.033333333333 16843.9 16295.5 433.58742755450527 
12223.566666666668 16738.833333333332 16057.3 561.9563583292451 
12212.733333333334 16829.933333333334 16167.1 480.05007377703146 
12884.4 16791.366666666665 16180.3 567.7590747843665 
12819.933333333332 16880.166666666668 16310.833333333334 495.32191462836676 
 
1.1644444444444446 1.4566666666666668 1.4444444444444444 1.4588888888888887 1.5055555555555555 1.5588888888888885 1.437777777777778 1.5155555555555553 1.51 1.487777777777778 1.4755555555555557 1.477777777777778 1.4733333333333336 1.481111111111111 1.4344444444444444 1.4566666666666666 1.3833333333333335 1.4977777777777774 1.432222222222222 1.5055555555555553 1.4666666666666672 1.5622222222222224 1.5222222222222221 1.4888888888888887 1.4555555555555555 1.508888888888889 1.5611111111111111 1.461111111111111 1.456666666666667 1.5522222222222224 1.531111111111111 
1.487777777777778 1.1122222222222222 1.5344444444444447 1.5666666666666669 1.5944444444444446 1.222222222222222 1.451111111111111 1.517777777777778 1.5133333333333334 1.5322222222222222 1.5544444444444445 1.5199999999999996 1.5066666666666666 1.5322222222222222 1.581111111111111 1.508888888888889 1.4333333333333336 1.5066666666666664 1.47 1.53 1.484444444444445 1.4788888888888891 1.5066666666666668 1.4966666666666664 1.492222222222222 1.5133333333333332 1.4544444444444444 1.5288888888888887 1.5022222222222223 1.513333333333333 1.5433333333333334 
1.5 1.561111111111111 1.5444444444444445 1.4366666666666665 1.4588888888888887 1.537777777777778 1.5155555555555555 1.5644444444444447 1.498888888888889 1.4444444444444449 1.5200000000000002 1.5099999999999993 1.5055555555555555 1.4400000000000004 1.515555555555555 1.508888888888889 1.5000000000000004 1.4833333333333336 1.5011111111111113 1.5344444444444447 1.4344444444444446 1.4322222222222223 1.52 1.4111111111111112 1.5033333333333334 1.541111111111111 1.4188888888888889 1.5299999999999998 1.49 1.4555555555555557 1.512222222222222 
1.5355555555555556 1.5688888888888886 1.4977777777777779 1.527777777777778 1.4222222222222223 1.5933333333333337 1.0444444444444447 1.0266666666666666 1.2277777777777779 1.4733333333333332 1.04 1.5388888888888888 1.4666666666666666 1.5711111111111111 1.5388888888888885 1.5555555555555558 1.7766666666666668 1.5077777777777779 1.8177777777777775 1.5177777777777777 1.6411111111111107 1.4822222222222226 1.5655555555555554 1.5177777777777777 1.5655555555555556 1.5422222222222222 1.043333333333334 1.0588888888888894 1.4711111111111113 1.4633333333333327 1.0577777777777777 
1.4966666666666666 1.457777777777778 1.417777777777778 1.4744444444444442 1.5011111111111113 1.5222222222222224 1.241111111111111 1.55 1.157777777777778 1.4811111111111113 1.4144444444444446 1.6155555555555554 1.5244444444444443 1.5399999999999998 1.4633333333333336 1.4833333333333334 1.4122222222222223 1.4677777777777776 1.4455555555555555 1.5722222222222222 1.5466666666666664 1.468888888888889 1.4955555555555555 1.4511111111111115 1.5244444444444443 1.5166666666666666 1.472222222222222 1.4666666666666666 1.3766666666666667 1.5122222222222226 1.4800000000000002 
1.5333333333333328 1.492222222222222 1.5033333333333332 1.5055555555555553 1.4188888888888889 1.4533333333333334 1.4733333333333334 1.4344444444444444 1.3855555555555554 1.527777777777778 1.4611111111111115 1.461111111111111 1.518888888888889 1.5333333333333337 1.4855555555555555 1.5555555555555556 1.451111111111111 1.485555555555556 1.832222222222222 1.4688888888888891 1.562222222222222 1.6211111111111107 1.516666666666667 1.5055555555555558 1.4155555555555557 1.4944444444444445 1.5966666666666662 1.4533333333333336 1.5888888888888888 1.4666666666666663 1.4944444444444442 
1.4766666666666666 1.5322222222222222 1.4499999999999997 1.5233333333333332 1.4822222222222219 1.5166666666666664 1.625555555555555 1.57 1.4500000000000002 1.5111111111111108 1.4977777777777779 1.48 1.5344444444444447 1.4833333333333334 1.4777777777777779 1.4100000000000001 1.7066666666666659 1.5322222222222222 1.137777777777778 1.528888888888889 1.4977777777777774 1.502222222222222 1.5155555555555555 1.4744444444444444 1.4755555555555557 1.4677777777777776 1.5244444444444443 1.5633333333333335 1.534444444444445 1.5022222222222226 1.4622222222222223 
 
870.0
1305.0
1527.3333333333333
1660.7333333333333
1765.1333333333334
1799.9333333333334
1865.6666666666667
1885.0
1943.9666666666667
1981.6666666666667
2026.1333333333334
2054.1666666666665
2123.766666666667
2168.233333333333
2193.366666666667
2206.9
2179.8333333333335
2178.866666666667
2157.6
2233.0
2273.6
2292.9333333333334
2368.3333333333335
2397.3333333333335
2418.6
2436.0
2367.366666666667
2391.5333333333333
2401.2
2349.9666666666667
2334.5
2327.733333333333
2339.3333333333335
2445.6666666666665
2473.7
2492.0666666666666
2511.4
2563.6
2603.233333333333
2598.4
2610.0
2636.1
2660.266666666667
2632.233333333333
2710.5333333333333
2695.0666666666666
2669.9333333333334
2734.7
2736.633333333333
2739.5333333333333
2766.6
2761.766666666667
2769.5
2733.733333333333
2714.4
2768.5333333333333
2819.766666666667
2769.5
2714.4
2725.0333333333333
2726.0
2691.2
2712.4666666666667
2747.266666666667
2752.1
2784.0
2783.0333333333333
2812.0333333333333
2887.4333333333334
2901.9333333333334
2953.1666666666665
2927.0666666666666
2956.0666666666666
2951.233333333333
3007.3
3021.8
2924.1666666666665
3009.233333333333
3010.2
2974.4333333333334
2875.8333333333335
2917.4
2907.733333333333
2904.8333333333335
2901.9333333333334
2893.233333333333
2897.1
2897.1
2900.9666666666667
2909.6666666666665
2889.366666666667
2766.6
2796.5666666666666
2721.1666666666665
2689.266666666667
2673.8
2714.4
2778.2
2765.633333333333
2753.0666666666666
2755.0
2856.5
2871.0
2861.3333333333335
2832.3333333333335
2841.0333333333333
2812.0333333333333
2799.4666666666667
2821.7
2803.3333333333335
2854.5666666666666
2863.266666666667
2905.8
2923.2
2784.0
2809.133333333333
2719.233333333333
2743.4
2785.9333333333334
2820.733333333333
2852.633333333333
2837.1666666666665
2911.6
2801.4
2879.7
2850.7
2890.3333333333335
2947.366666666667
2896.133333333333
2869.0666666666666
2824.6
2844.9
2836.2
2771.4333333333334
2885.5
2952.2
2911.6
2906.766666666667
3001.5
2922.233333333333
2816.866666666667
2770.4666666666667
2745.3333333333335
2691.2
2698.9333333333334
2712.4666666666667
2725.0333333333333
2714.4
2752.1
2853.6
2837.1666666666665
2800.4333333333334
2859.4
2840.0666666666666
2860.366666666667
2782.0666666666666
2750.1666666666665
2763.7
2778.2
2772.4
2755.9666666666667
2780.133333333333
2776.266666666667
2774.3333333333335
2719.233333333333
2779.1666666666665
2839.1
2796.5666666666666
2792.7
2698.9333333333334
2725.0333333333333
2758.866666666667
2714.4
2793.6666666666665
2784.0
2784.0
2845.866666666667
2866.1666666666665
2910.633333333333
2976.366666666667
2946.4
2945.4333333333334
3047.9
3038.233333333333
3056.6
3107.8333333333335
3038.233333333333
3016.0
2989.9
2948.3333333333335
2901.9333333333334
2952.2
2922.233333333333
2975.4
2869.0666666666666
2927.0666666666666
2955.1
2856.5
2958.9666666666667
2922.233333333333
2929.9666666666667
2862.3
2925.133333333333
2959.9333333333334
2984.1
2964.766666666667
3003.4333333333334
3074.9666666666667
3131.0333333333333
3125.233333333333
3132.9666666666667
3134.9
3189.0333333333333
3082.7
3125.233333333333
3067.233333333333
2973.4666666666667
3020.8333333333335
2954.133333333333
2925.133333333333
3052.733333333333
3017.9333333333334
2977.3333333333335
2956.0666666666666
2958.9666666666667
2933.8333333333335
2870.0333333333333
2878.733333333333
2928.0333333333333
2958.9666666666667
3009.233333333333
2927.0666666666666
2944.4666666666667
2918.366666666667
2904.8333333333335
2892.266666666667
2916.4333333333334
2911.6
2949.3
2969.6
3027.6
3065.3
3048.866666666667
2977.3333333333335
2972.5
3012.133333333333
2995.7
3124.266666666667
3129.1
3111.7
2991.8333333333335
2987.9666666666667
2903.866666666667
2998.6
3032.4333333333334
2908.7
2978.3
2934.8
2954.133333333333
2978.3
2963.8
2977.3333333333335
2949.3
2835.233333333333
2819.766666666667
2798.5
2869.0666666666666
2850.7
2919.3333333333335
2870.0333333333333
2918.366666666667
2919.3333333333335
2954.133333333333
3018.9
2984.1
2997.633333333333
3005.366666666667
2955.1
3066.266666666667
3004.4
3043.0666666666666
3111.7
2962.8333333333335
2961.866666666667
2984.1
3051.766666666667
3078.8333333333335
3027.6
2917.4
2924.1666666666665
2983.133333333333
3048.866666666667
2975.4
2928.0333333333333
2899.0333333333333
2981.2
3028.5666666666666
3041.133333333333
3045.0
2997.633333333333
2963.8
2912.5666666666666
2951.233333333333
2892.266666666667
2874.866666666667
2842.9666666666667
2872.9333333333334
2838.133333333333
2747.266666666667
2747.266666666667
2764.6666666666665
2727.9333333333334
2718.266666666667
2676.7
2673.8
2772.4
2729.866666666667
2769.5
2853.6
2864.233333333333
2828.4666666666667
2859.4
2871.9666666666667
2791.733333333333
2772.4
2742.4333333333334
2740.5
2775.3
2856.5
2891.3
2912.5666666666666
2921.266666666667
2892.266666666667
2928.0333333333333
2905.8
2878.733333333333
2869.0666666666666
2832.3333333333335
2831.366666666667
2884.5333333333333
2845.866666666667
2731.8
2669.9333333333334
2737.6
2748.233333333333
2793.6666666666665
2831.366666666667
2871.9666666666667
2847.8
2765.633333333333
2789.8
2763.7
2785.9333333333334
2832.3333333333335
2772.4
2869.0666666666666
2811.0666666666666
2864.233333333333
2791.733333333333
2752.1
2735.6666666666665
2820.733333333333
2870.0333333333333
2816.866666666667
2739.5333333333333
2744.366666666667
2824.6
2868.1
2835.233333333333
2758.866666666667
2711.5
2708.6
2700.866666666667
2674.766666666667
2694.1
2729.866666666667
2828.4666666666667
2796.5666666666666
2828.4666666666667
2754.0333333333333
2809.133333333333
2882.6
2920.3
2905.8
2929.0
2894.2
2857.4666666666667
2840.0666666666666
2871.9666666666667
2881.633333333333
2892.266666666667
2812.0333333333333
2756.9333333333334
2771.4333333333334
2812.0333333333333
2798.5
2818.8
2894.2
2785.9333333333334
2842.9666666666667
2905.8
2952.2
2966.7
2970.5666666666666
3046.9333333333334
3117.5
3020.8333333333335
3074.0
2986.0333333333333
3020.8333333333335
3008.266666666667
3043.0666666666666
3013.1
2907.733333333333
2880.6666666666665
2926.1
2920.3
2944.4666666666667
2929.9666666666667
2930.9333333333334
3035.3333333333335
3000.5333333333333
3054.6666666666665
3008.266666666667
3045.0
3017.9333333333334
3039.2
3049.8333333333335
3093.3333333333335
2995.7
2978.3
2951.233333333333
3074.9666666666667
3021.8
3005.366666666667
3004.4
2983.133333333333
2987.0
3005.366666666667
3071.1
3123.3
3075.9333333333334
3084.633333333333
2950.266666666667
2905.8
3032.4333333333334
2885.5
2978.3
3011.1666666666665
2997.633333333333
2932.866666666667
2938.6666666666665
2955.1
2958.0
3029.5333333333333
3012.133333333333
2991.8333333333335
2947.366666666667
2993.766666666667
2986.0333333333333
3099.133333333333
3087.5333333333333
3003.4333333333334
3002.4666666666667
3019.866666666667
3069.1666666666665
3103.9666666666667
2959.9333333333334
2988.9333333333334
2955.1
2987.0
3005.366666666667
2971.5333333333333
2897.1
2912.5666666666666
2864.233333333333
2843.9333333333334
2817.8333333333335
2801.4
2794.633333333333
2792.7
2867.133333333333
2902.9
2847.8
2903.866666666667
2876.8
2959.9333333333334
2876.8
2980.233333333333
2914.5
2929.0
2977.3333333333335
2830.4
2849.733333333333
2870.0333333333333
2890.3333333333335
2862.3
2756.9333333333334
2782.0666666666666
2744.366666666667
2706.6666666666665
2805.266666666667
2832.3333333333335
2815.9
2798.5
2785.9333333333334
2753.0666666666666
2790.766666666667
2829.4333333333334
2774.3333333333335
2802.366666666667
2726.9666666666667
2715.366666666667
2747.266666666667
2754.0333333333333
2752.1
2780.133333333333
2840.0666666666666
2794.633333333333
2783.0333333333333
2761.766666666667
2895.1666666666665
2810.1
2743.4
2813.9666666666667
2893.233333333333
2850.7
2805.266666666667
2896.133333333333
2937.7
2925.133333333333
2952.2
2907.733333333333
2880.6666666666665
2800.4333333333334
2785.9333333333334
2790.766666666667
2813.9666666666667
2831.366666666667
2856.5
2797.5333333333333
2783.0333333333333
2780.133333333333
2755.0
2796.5666666666666
2721.1666666666665
2683.4666666666667
2694.1
2736.633333333333
2724.0666666666666
2757.9
2830.4
2739.5333333333333
2795.6
2742.4333333333334
2806.233333333333
2772.4
2810.1
2855.5333333333333
2906.766666666667
2905.8
2917.4
2917.4
3005.366666666667
2997.633333333333
3021.8
2934.8
2982.1666666666665
2920.3
2929.9666666666667
2892.266666666667
3006.3333333333335
2975.4
2989.9
2890.3333333333335
2886.4666666666667
2917.4
2919.3333333333335
2989.9
3037.266666666667
3134.9
3089.4666666666667
3090.4333333333334
3050.8
2951.233333333333
2932.866666666667
2949.3
2916.4333333333334
2884.5333333333333
2888.4
2794.633333333333
2728.9
2784.9666666666667
2847.8
2813.0
2768.5333333333333
2783.0333333333333
2765.633333333333
2783.0333333333333
2805.266666666667
