16023.966666666667 32924.833333333336 16301.2
14956.166666666666 31086.433333333334 19207.4
16002.933333333332 28441.466666666667 20805.6
19061.066666666666 24942.566666666666 21246.366666666665
23407.8 22146.6 19695.6
29334.066666666666 18929.466666666667 16986.466666666667
33855.26666666667 17727.1 13667.633333333333
39687.833333333336 15152.5 10409.666666666666
42776.86666666667 13732.466666666667 8740.666666666666
45974.066666666666 11803.566666666668 7472.366666666667
46801.9 11221.3 7226.8
49222.933333333334 10217.833333333334 5809.233333333334
51358.5 8942.333333333334 4949.166666666667
51314.1 8925.066666666668 5010.833333333333
54064.9 7212.033333333334 3973.0666666666666
52824.63333333333 8218.033333333333 4207.333333333333
52843.833333333336 8153.2 4252.966666666666
53868.63333333333 7447.233333333334 3934.133333333333
53223.6 7965.9 4060.5
53666.53333333333 7447.733333333334 4135.733333333334
53923.63333333333 7508.1 3818.266666666667
53980.36666666667 7249.933333333333 4019.7
55195.7 6288.2 3766.1
54489.76666666667 6758.4 4001.8333333333335
55191.0 6313.533333333334 3745.4666666666667
54373.73333333333 6917.866666666667 3958.4
55926.2 5755.266666666666 3568.5333333333333
53468.8 7441.633333333333 4339.566666666667
55028.3 6447.233333333334 3774.4666666666667
55951.73333333333 5933.1 3365.1666666666665
55457.53333333333 6050.533333333334 3741.9333333333334
54804.833333333336 6639.9 3805.266666666667
55764.933333333334 5759.466666666666 3725.6
54791.5 6495.533333333334 3962.9666666666667
54916.4 6462.466666666666 3871.133333333333
55907.53333333333 5711.166666666667 3631.3
55364.5 6027.866666666667 3857.633333333333
54948.433333333334 6222.633333333333 4078.9333333333334
54651.4 6095.4 4503.2
53795.13333333333 6776.466666666666 4678.4
55258.333333333336 5793.266666666666 4198.4
54260.933333333334 6519.3 4469.766666666666
54788.933333333334 6303.333333333333 4157.733333333334
54676.2 6478.666666666667 4095.133333333333
54846.73333333333 6456.633333333333 3946.633333333333
55599.933333333334 5513.466666666666 4136.6
55713.63333333333 5527.9 4008.4666666666667
55823.166666666664 5334.7 4092.133333333333
55955.166666666664 5190.9 4103.933333333333
55974.13333333333 5186.0 4089.866666666667
55635.23333333333 5480.733333333334 4134.033333333334
55622.73333333333 5641.833333333333 3985.4333333333334
56925.8 4828.366666666667 3495.8333333333335
55676.53333333333 5761.666666666667 3811.8
55499.76666666667 5821.2 3929.0333333333333
55039.13333333333 6575.5 3635.366666666667
55811.2 6235.433333333333 3203.366666666667
55559.36666666667 6373.366666666667 3317.266666666667
55109.9 6797.166666666667 3342.9333333333334
56244.666666666664 5887.566666666667 3117.766666666667
54621.46666666667 7060.666666666667 3567.866666666667
55552.9 6474.666666666667 3222.4333333333334
55106.0 6801.733333333334 3342.266666666667
53762.3 7650.666666666667 3837.0333333333333
56019.566666666666 6280.2 2950.233333333333
55128.7 6863.966666666666 3257.3333333333335
54526.9 7142.7 3580.4
54659.76666666667 7023.633333333333 3566.6
55677.933333333334 6602.033333333334 2970.0333333333333
54775.6 6863.633333333333 3610.766666666667
56033.2 6153.9 3062.9
55345.4 6958.766666666666 2945.8333333333335
54390.0 7305.2 3554.8
56209.833333333336 6029.733333333334 3010.4333333333334
57253.6 4979.266666666666 3017.133333333333
56224.86666666667 5912.266666666666 3112.866666666667
56231.333333333336 5910.3 3108.366666666667
57143.833333333336 5119.533333333334 2986.633333333333
55417.1 6156.566666666667 3676.3333333333335
55000.566666666666 6623.933333333333 3625.5
56994.666666666664 5183.666666666667 3071.6666666666665
55638.46666666667 6416.233333333334 3195.3
56601.2 5588.366666666667 3060.4333333333334
56668.8 5790.366666666667 2790.8333333333335
56372.066666666666 5765.2 3112.733333333333
57071.666666666664 5290.266666666666 2888.0666666666666
57371.7 5089.733333333334 2788.5666666666666
56945.73333333333 5300.066666666667 3004.2
56808.96666666667 5475.466666666666 2965.5666666666666
57594.433333333334 5034.233333333334 2621.3333333333335
56736.4 5635.5 2878.1
57703.933333333334 5074.433333333333 2471.633333333333
58158.3 4721.0 2370.7
56661.63333333333 5810.033333333334 2778.3333333333335
57986.76666666667 4808.666666666667 2454.5666666666666
57450.63333333333 4992.466666666666 2806.9
56827.2 5393.333333333333 3029.4666666666667
55170.566666666666 6520.433333333333 3559.0
57113.8 5308.833333333333 2827.366666666667
57397.13333333333 5266.066666666667 2586.8
57265.566666666666 5165.5 2818.9333333333334
56628.73333333333 5879.5 2741.766666666667
57458.76666666667 5131.5 2659.733333333333
58004.46666666667 4808.766666666666 2436.766666666667
57511.166666666664 5179.4 2559.4333333333334
57256.166666666664 5300.033333333334 2693.8
57821.1 4961.233333333334 2467.6666666666665
57597.666666666664 5102.5 2549.8333333333335
58218.86666666667 4869.566666666667 2161.5666666666666
57795.13333333333 5222.6 2232.266666666667
57786.36666666667 4829.233333333334 2634.4
57223.76666666667 5375.833333333333 2650.4
57440.1 5230.2 2579.7
56886.53333333333 5546.566666666667 2816.9
55855.46666666667 6129.966666666666 3264.5666666666666
58274.7 4683.966666666666 2291.3333333333335
56998.3 5164.9 3086.8
56789.333333333336 5659.866666666667 2800.8
57491.166666666664 5186.166666666667 2572.6666666666665
57101.566666666666 5375.733333333334 2772.7
57270.8 5386.433333333333 2592.766666666667
57214.333333333336 5369.066666666667 2666.6
56763.0 5706.666666666667 2780.3333333333335
57470.1 5045.033333333334 2734.866666666667
55965.1 6143.166666666667 3141.733333333333
56826.26666666667 5670.833333333333 2752.9
57975.73333333333 4895.833333333333 2378.4333333333334
56576.666666666664 5678.4 2994.9333333333334
57008.3 5311.4 2930.3
55734.03333333333 6324.233333333334 3191.733333333333
56370.433333333334 5778.166666666667 3101.4
57325.46666666667 5037.766666666666 2886.766666666667
58025.03333333333 4547.1 2677.866666666667
58072.333333333336 4668.2 2509.4666666666667
58003.433333333334 4850.466666666666 2396.1
57960.2 4806.833333333333 2482.9666666666667
59171.13333333333 4039.7 2039.1666666666667
57275.0 5448.366666666667 2526.633333333333
57424.833333333336 5127.8 2697.366666666667
57145.166666666664 5254.466666666666 2850.366666666667
56783.433333333334 5473.733333333334 2992.8333333333335
57357.2 5153.533333333334 2739.266666666667
56954.2 5405.1 2890.7
57493.566666666666 5006.833333333333 2749.6
58317.53333333333 4543.9 2388.5666666666666
57361.86666666667 5137.733333333334 2750.4
57991.8 4766.166666666667 2492.0333333333333
58293.8 4598.966666666666 2357.233333333333
56516.3 5665.8 3067.9
57752.96666666667 4798.3 2698.733333333333
57775.833333333336 4970.366666666667 2503.8
57153.833333333336 5240.433333333333 2855.733333333333
58303.96666666667 4357.8 2588.233333333333
57864.9 4643.966666666666 2741.133333333333
57485.2 4982.066666666667 2782.733333333333
56832.96666666667 5512.066666666667 2904.9666666666667
56442.9 5584.533333333334 3222.5666666666666
55979.63333333333 6011.766666666666 3258.6
56209.7 5755.166666666667 3285.133333333333
57868.933333333334 4772.133333333333 2608.9333333333334
58241.066666666666 4587.566666666667 2421.366666666667
56600.23333333333 5496.233333333334 3153.5333333333333
56603.433333333334 5385.366666666667 3261.2
57304.933333333334 5076.666666666667 2868.4
56880.96666666667 5414.633333333333 2954.4
57308.6 5035.233333333334 2906.1666666666665
57305.03333333333 5017.933333333333 2927.0333333333333
56969.26666666667 5428.933333333333 2851.8
57512.7 4893.966666666666 2843.3333333333335
56416.26666666667 5655.833333333333 3177.9
57039.26666666667 5322.233333333334 2888.5
56706.933333333334 5213.966666666666 3329.1
56601.86666666667 5504.933333333333 3143.2
56935.5 5295.033333333334 3019.4666666666667
56697.03333333333 5554.933333333333 2998.0333333333333
57192.86666666667 5169.833333333333 2887.3
57326.433333333334 5104.766666666666 2818.8
57453.7 4940.333333333333 2855.9666666666667
58076.2 4669.933333333333 2503.866666666667
56090.26666666667 5972.966666666666 3186.766666666667
56483.6 5676.966666666666 3089.4333333333334
57299.333333333336 5135.4 2815.266666666667
57112.73333333333 5301.6 2835.6666666666665
57350.833333333336 5178.166666666667 2721.0
56540.333333333336 5866.066666666667 2843.6
57639.63333333333 4896.333333333333 2714.0333333333333
57462.6 5145.0 2642.4
57606.73333333333 5197.2 2446.0666666666666
56845.73333333333 5580.5 2823.766666666667
57922.6 5016.666666666667 2310.733333333333
55552.1 6565.3 3132.6
56490.5 6003.333333333333 2756.1666666666665
56957.1 5455.466666666666 2837.4333333333334
56316.36666666667 5914.633333333333 3019.0
55961.76666666667 6095.433333333333 3192.8
57954.933333333334 4755.133333333333 2539.9333333333334
57642.26666666667 5004.866666666667 2602.866666666667
56707.23333333333 5550.933333333333 2991.8333333333335
57078.2 5325.433333333333 2846.366666666667
56750.1 5813.1 2686.8
56659.03333333333 5723.366666666667 2867.6
56047.333333333336 6076.466666666666 3126.2
56778.8 5528.533333333334 2942.6666666666665
57472.03333333333 5072.466666666666 2705.5
56820.23333333333 5342.533333333334 3087.233333333333
58238.166666666664 4522.6 2489.233333333333
57082.63333333333 5339.633333333333 2827.733333333333
58300.36666666667 4541.966666666666 2407.6666666666665
58190.1 4754.033333333334 2305.866666666667
57580.833333333336 5162.833333333333 2506.3333333333335
57641.36666666667 5074.233333333334 2534.4
57220.433333333334 5321.766666666666 2707.8
58318.833333333336 4742.666666666667 2188.5
57785.933333333334 4762.433333333333 2701.633333333333
56631.9 5495.5 3122.6
58194.2 4633.1 2422.7
56647.833333333336 5482.3 3119.866666666667
56335.7 5942.833333333333 2971.4666666666667
58336.63333333333 4354.766666666666 2558.6
56984.03333333333 5353.833333333333 2912.133333333333
57850.5 4655.7 2743.8
57412.46666666667 4936.733333333334 2900.8
57558.7 4860.133333333333 2831.1666666666665
56635.8 5752.2 2862.0
56221.13333333333 5908.766666666666 3120.1
57691.13333333333 4966.866666666667 2592.0
58016.6 4501.933333333333 2731.4666666666667
56320.4 5852.266666666666 3077.3333333333335
57160.76666666667 5300.933333333333 2788.3
57521.066666666666 4835.933333333333 2893.0
57948.36666666667 4635.933333333333 2665.7
57944.2 4739.3 2566.5
56456.4 5485.233333333334 3308.366666666667
57232.23333333333 5102.2 2915.5666666666666
57514.666666666664 5063.933333333333 2671.4
56743.166666666664 5540.533333333334 2966.3
57619.933333333334 4909.333333333333 2720.733333333333
57305.63333333333 5163.433333333333 2780.9333333333334
56628.7 5454.833333333333 3166.4666666666667
57267.73333333333 5136.933333333333 2845.3333333333335
57071.833333333336 5477.0 2701.1666666666665
56720.46666666667 5593.766666666666 2935.766666666667
57058.03333333333 5348.5 2843.4666666666667
56678.76666666667 5773.833333333333 2797.4
55949.86666666667 5899.266666666666 3400.866666666667
56238.5 5709.5 3302.0
57138.566666666666 5109.166666666667 3002.266666666667
57548.76666666667 4859.133333333333 2842.1
57966.3 4643.666666666667 2640.0333333333333
58031.23333333333 4563.7 2655.0666666666666
57065.566666666666 5162.566666666667 3021.866666666667
57224.933333333334 5151.933333333333 2873.133333333333
56811.066666666666 5283.933333333333 3155.0
56328.333333333336 5731.0 3190.6666666666665
57121.1 5168.3 2960.6
57388.8 5012.166666666667 2849.0333333333333
57489.066666666666 5060.333333333333 2700.6
57828.7 4881.166666666667 2540.133333333333
57165.066666666666 5382.633333333333 2702.3
57982.53333333333 4783.133333333333 2484.3333333333335
57816.7 4733.666666666667 2699.633333333333
58170.566666666666 4641.766666666666 2437.6666666666665
56960.9 5452.033333333334 2837.0666666666666
57029.13333333333 5438.9 2781.9666666666667
57451.066666666666 5065.833333333333 2733.1
57716.03333333333 4997.6 2536.366666666667
56773.46666666667 5790.933333333333 2685.6
57870.933333333334 4859.833333333333 2519.233333333333
57467.5 5188.2 2594.3
56873.26666666667 5271.766666666666 3104.9666666666667
57769.666666666664 4816.566666666667 2663.766666666667
57407.433333333334 4786.0 3056.5666666666666
57264.066666666666 5239.166666666667 2746.766666666667
58536.7 4313.533333333334 2399.766666666667
58086.833333333336 4849.1 2314.0666666666666
56381.73333333333 5741.966666666666 3126.3
58197.46666666667 4805.933333333333 2246.6
58205.46666666667 4645.7 2398.8333333333335
58043.666666666664 4770.133333333333 2436.2
57201.1 5140.8 2908.1
57398.066666666666 5056.2 2795.733333333333
57507.666666666664 5044.166666666667 2698.1666666666665
57579.7 4867.233333333334 2803.0666666666666
57238.36666666667 5129.533333333334 2882.1
56323.1 5667.366666666667 3259.5333333333333
57420.26666666667 4980.033333333334 2849.7
57611.23333333333 4966.666666666667 2672.1
57282.066666666666 5058.533333333334 2909.4
56567.6 5395.066666666667 3287.3333333333335
57656.166666666664 4798.466666666666 2795.366666666667
58623.46666666667 4191.133333333333 2435.4
57568.666666666664 4890.6 2790.733333333333
57099.53333333333 5255.133333333333 2895.3333333333335
56991.8 5221.433333333333 3036.766666666667
57896.4 4522.166666666667 2831.4333333333334
57614.53333333333 4910.666666666667 2724.8
58242.73333333333 4372.533333333334 2634.733333333333
57344.3 4991.133333333333 2914.5666666666666
57377.933333333334 5027.433333333333 2844.633333333333
57405.0 4747.1 3097.9
57574.0 4891.0 2785.0
57691.0 4734.5 2824.5
58105.73333333333 4427.0 2717.266666666667
57573.86666666667 4752.666666666667 2923.4666666666667
57826.13333333333 4729.366666666667 2694.5
57632.066666666666 4866.066666666667 2751.866666666667
57525.96666666667 4644.633333333333 3079.4
57234.933333333334 5023.966666666666 2991.1
57510.1 4811.266666666666 2928.633333333333
57364.333333333336 5039.3 2846.366666666667
57153.3 4958.6 3138.1
56634.73333333333 5307.833333333333 3307.4333333333334
58750.166666666664 4225.4 2274.4333333333334
57067.833333333336 5259.066666666667 2923.1
57462.86666666667 4895.833333333333 2891.3
58019.73333333333 4669.033333333334 2561.233333333333
58178.566666666666 4559.7 2511.733333333333
56527.933333333334 5680.266666666666 3041.8
56500.066666666666 5564.033333333334 3185.9
56309.86666666667 6186.133333333333 2754.0
57614.53333333333 4947.466666666666 2688.0
57301.03333333333 5194.766666666666 2754.2
57312.03333333333 5215.366666666667 2722.6
57927.23333333333 4779.533333333334 2543.233333333333
56643.36666666667 5690.533333333334 2916.1
57097.333333333336 5369.766666666666 2782.9
56867.46666666667 5367.633333333333 3014.9
57291.833333333336 5087.833333333333 2870.3333333333335
55852.96666666667 6048.333333333333 3348.7
57344.03333333333 5051.4 2854.5666666666666
58069.666666666664 4697.066666666667 2483.266666666667
57213.1 5225.9 2811.0
56843.03333333333 5566.666666666667 2840.3
57002.1 5247.733333333334 3000.1666666666665
57792.4 4670.233333333334 2787.366666666667
57303.1 5191.466666666666 2755.4333333333334
57516.7 5023.0 2710.3
57575.9 5061.9 2612.2
56939.4 5492.866666666667 2817.733333333333
57493.0 5143.4 2613.6
57759.333333333336 4835.566666666667 2655.1
58029.63333333333 4723.366666666667 2497.0
58175.13333333333 4542.933333333333 2531.9333333333334
58178.73333333333 4550.966666666666 2520.3
58303.76666666667 4473.766666666666 2472.4666666666667
58145.4 4512.6 2592.0
55842.666666666664 5883.766666666666 3523.5666666666666
58191.3 4501.366666666667 2557.3333333333335
58013.23333333333 4517.366666666667 2719.4
57362.933333333334 5296.066666666667 2591.0
57264.6 5200.633333333333 2784.766666666667
57702.833333333336 4891.866666666667 2655.3
56933.833333333336 5364.433333333333 2951.733333333333
56369.03333333333 5867.366666666667 3013.6
57213.0 5285.0 2752.0
57174.833333333336 5433.7 2641.4666666666667
57242.23333333333 5159.133333333333 2848.633333333333
57882.36666666667 5025.2 2342.4333333333334
56672.8 5535.666666666667 3041.5333333333333
57080.6 5017.266666666666 3152.133333333333
56790.63333333333 5398.5 3060.866666666667
56935.26666666667 5420.966666666666 2893.766666666667
56600.76666666667 5318.5 3330.733333333333
56740.7 5211.066666666667 3298.233333333333
57953.5 4604.766666666666 2691.733333333333
57051.26666666667 5306.266666666666 2892.4666666666667
57716.13333333333 4827.966666666666 2705.9
57694.566666666666 4949.566666666667 2605.866666666667
57170.933333333334 5167.566666666667 2911.5
57152.63333333333 5141.7 2955.6666666666665
57413.73333333333 5009.566666666667 2826.7
57854.166666666664 4837.766666666666 2558.0666666666666
58137.066666666666 4678.8 2434.133333333333
57425.4 5253.366666666667 2571.233333333333
56949.96666666667 5472.633333333333 2827.4
56413.833333333336 5730.433333333333 3105.733333333333
58572.833333333336 4508.066666666667 2169.1
58421.5 4552.5 2276.0
58002.0 4648.7 2599.3
57800.76666666667 4965.166666666667 2484.0666666666666
57616.63333333333 5057.266666666666 2576.1
56805.13333333333 5373.766666666666 3071.1
57733.63333333333 5089.2 2427.1666666666665
56937.0 5607.2 2705.8
57080.1 5022.533333333334 3147.366666666667
57486.433333333334 5246.833333333333 2516.733333333333
55351.6 6331.633333333333 3566.766666666667
57158.73333333333 5297.366666666667 2793.9
58254.6 4680.9 2314.5
56582.26666666667 5534.6 3133.133333333333
57279.86666666667 5183.166666666667 2786.9666666666667
57324.53333333333 4984.666666666667 2940.8
56083.6 5879.333333333333 3287.0666666666666
57201.13333333333 5182.666666666667 2866.2
57392.833333333336 5156.633333333333 2700.5333333333333
56674.8 5765.6 2809.6
57915.1 4792.233333333334 2542.6666666666665
57595.4 5068.1 2586.5
55837.26666666667 6139.933333333333 3272.8
56378.03333333333 6111.9 2760.0666666666666
57104.03333333333 5330.566666666667 2815.4
57571.333333333336 5118.8 2559.866666666667
56144.3 5942.433333333333 3163.266666666667
55765.53333333333 6183.166666666667 3301.3
56542.13333333333 5653.6 3054.266666666667
57308.76666666667 5168.2 2773.0333333333333
57099.666666666664 5262.666666666667 2887.6666666666665
57264.666666666664 5078.966666666666 2906.366666666667
57532.1 4743.333333333333 2974.5666666666666
56989.0 5265.033333333334 2995.9666666666667
56771.4 5486.6 2992.0
57023.63333333333 5227.9 2998.4666666666667
56488.46666666667 5635.2 3126.3333333333335
57533.0 4921.4 2795.6
57427.53333333333 5116.933333333333 2705.5333333333333
57001.13333333333 5528.4 2720.4666666666667
56189.333333333336 5695.633333333333 3365.0333333333333
56830.86666666667 5583.666666666667 2835.4666666666667
57120.166666666664 5257.433333333333 2872.4
57491.23333333333 4972.9 2785.866666666667
57357.833333333336 5069.933333333333 2822.233333333333
56361.96666666667 5563.8 3324.233333333333
57259.36666666667 5079.233333333334 2911.4
56823.3 5483.8 2942.9
56948.566666666666 5280.466666666666 3020.9666666666667
57535.53333333333 4842.4 2872.0666666666666
55439.933333333334 6231.5 3578.5666666666666
57035.53333333333 5422.233333333334 2792.233333333333
56469.7 5600.066666666667 3180.233333333333
57719.333333333336 4985.8 2544.866666666667
56025.86666666667 5878.433333333333 3345.7
56348.6 5651.533333333334 3249.866666666667
58298.2 4333.2 2618.6
57158.3 4925.733333333334 3165.9666666666667
57366.333333333336 4806.133333333333 3077.5333333333333
57465.63333333333 4845.8 2938.5666666666666
56598.333333333336 5302.466666666666 3349.2
56320.833333333336 5344.833333333333 3584.3333333333335
56781.9 5149.8 3318.3
57313.833333333336 4620.233333333334 3315.9333333333334
57384.96666666667 4791.7 3073.3333333333335
57250.333333333336 4919.6 3080.0666666666666
56913.3 4967.6 3369.1
56363.4 5254.033333333334 3632.5666666666666
57744.9 4579.866666666667 2925.233333333333
57088.2 5057.0 3104.8
55987.566666666666 5513.7 3748.733333333333
56593.46666666667 5277.8 3378.733333333333
56496.0 5330.466666666666 3423.5333333333333
56828.7 5194.166666666667 3227.133333333333
56526.333333333336 5567.466666666666 3156.2
57641.5 4834.033333333334 2774.4666666666667
56090.0 5732.066666666667 3427.9333333333334
58029.63333333333 4419.4 2800.9666666666667
57276.53333333333 4839.7 3133.766666666667
56852.53333333333 5150.5 3246.9666666666667
58044.4 4448.2 2757.4
55986.9 5608.733333333334 3654.366666666667
57265.96666666667 4876.4 3107.633333333333
55790.2 5916.266666666666 3543.5333333333333
57660.6 4699.233333333334 2890.1666666666665
57360.96666666667 4951.133333333333 2937.9
56299.1 5419.966666666666 3530.9333333333334
56806.96666666667 5157.5 3285.5333333333333
55179.433333333334 6277.233333333334 3793.3333333333335
57423.96666666667 4851.7 2974.3333333333335
56955.333333333336 5228.866666666667 3065.8
55657.666666666664 5969.5 3622.8333333333335
56796.13333333333 5260.633333333333 3193.233333333333
57328.566666666666 5067.233333333334 2854.2
57806.933333333334 4838.733333333334 2604.3333333333335
56693.46666666667 5415.933333333333 3140.6
56936.86666666667 5107.733333333334 3205.4
56486.833333333336 5287.133333333333 3476.0333333333333
57026.433333333334 5022.7 3200.866666666667
57421.76666666667 4761.466666666666 3066.766666666667
55896.1 5649.933333333333 3703.9666666666667
57543.6 4565.566666666667 3140.8333333333335
56219.73333333333 5401.2 3629.0666666666666
56181.3 5541.8 3526.9
55919.333333333336 5641.7 3688.9666666666667
56341.933333333334 5408.1 3499.9666666666667
55025.26666666667 6222.966666666666 4001.766666666667
56597.13333333333 5521.333333333333 3131.5333333333333
56995.86666666667 5091.633333333333 3162.5
56523.26666666667 5330.266666666666 3396.4666666666667
57865.433333333334 4645.233333333334 2739.3333333333335
56214.833333333336 5581.1 3454.0666666666666
57340.9 4972.333333333333 2936.766666666667
57000.13333333333 5173.433333333333 3076.4333333333334
57019.7 5132.6 3097.7
57154.3 5037.766666666666 3057.9333333333334
57120.13333333333 4953.4 3176.4666666666667
57392.5 4657.766666666666 3199.733333333333
56541.03333333333 5394.4 3314.5666666666666
56225.96666666667 5632.1 3391.9333333333334
56763.46666666667 5421.6 3064.9333333333334
56535.166666666664 5420.166666666667 3294.6666666666665
56449.4 5499.566666666667 3301.0333333333333
57096.13333333333 4915.933333333333 3237.9333333333334
56825.5 5188.3 3236.2
56482.2 5620.9 3146.9
56888.73333333333 5262.266666666666 3099.0
56833.03333333333 5332.433333333333 3084.5333333333333
56553.166666666664 5442.6 3254.233333333333
56900.73333333333 5340.6 3008.6666666666665
58041.73333333333 4655.3 2552.9666666666667
56908.1 5265.466666666666 3076.4333333333334
57047.433333333334 5253.2 2949.366666666667
56760.7 5598.466666666666 2890.8333333333335
57573.7 4950.633333333333 2725.6666666666665
57441.63333333333 5099.9 2708.4666666666667
57170.166666666664 5261.833333333333 2818.0
57169.6 5304.433333333333 2775.9666666666667
56685.53333333333 5625.0 2939.4666666666667
57760.8 4875.966666666666 2613.233333333333
57364.333333333336 5199.133333333333 2686.5333333333333
57354.666666666664 5294.4 2600.9333333333334
57537.333333333336 5021.633333333333 2691.0333333333333
57945.666666666664 4729.333333333333 2575.0
58357.96666666667 4519.333333333333 2372.7
56414.76666666667 5862.233333333334 2973.0
56326.73333333333 5858.3 3064.9666666666667
56581.13333333333 5185.433333333333 3483.4333333333334
56927.26666666667 5357.633333333333 2965.1
57422.1 5106.633333333333 2721.266666666667
56193.96666666667 5829.166666666667 3226.866666666667
57887.566666666666 4730.266666666666 2632.1666666666665
57580.36666666667 5017.6 2652.0333333333333
56744.2 5238.266666666666 3267.5333333333333
55371.53333333333 6455.5 3422.9666666666667
56526.333333333336 5575.2 3148.4666666666667
56453.6 5813.1 2983.3
56831.7 5373.966666666666 3044.3333333333335
57685.8 4820.066666666667 2744.133333333333
57000.23333333333 5064.666666666667 3185.1
57433.1 4937.1 2879.8
56156.333333333336 5894.6 3199.0666666666666
57494.53333333333 5113.233333333334 2642.233333333333
57164.0 5373.5 2712.5
56572.1 5889.966666666666 2787.9333333333334
57476.13333333333 5147.533333333334 2626.3333333333335
57400.2 5065.066666666667 2784.733333333333
56999.13333333333 5573.2 2677.6666666666665
56524.46666666667 5645.933333333333 3079.6
57728.333333333336 4949.9 2571.766666666667
56634.46666666667 5779.3 2836.233333333333
56320.86666666667 6092.533333333334 2836.6
57510.36666666667 5100.133333333333 2639.5
57149.2 5202.9 2897.9
56905.5 5644.666666666667 2699.8333333333335
56826.4 5612.3 2811.3
56902.23333333333 5452.433333333333 2895.3333333333335
56521.53333333333 5717.066666666667 3011.4
57315.4 5396.866666666667 2537.733333333333
57119.0 5569.9 2561.1
57163.833333333336 5342.233333333334 2743.9333333333334
56436.96666666667 5948.566666666667 2864.4666666666667
57543.13333333333 5077.366666666667 2629.5
57875.46666666667 5091.933333333333 2282.6
55969.96666666667 6099.833333333333 3180.2
56447.4 5855.7 2946.9
57159.933333333334 5092.733333333334 2997.3333333333335
57942.3 4882.0 2425.7
57264.5 5317.266666666666 2668.233333333333
58023.46666666667 4859.533333333334 2367.0
57053.5 5111.6 3084.9
57810.833333333336 4876.566666666667 2562.6
56107.433333333334 5923.0 3219.5666666666666
57067.0 5651.166666666667 2531.8333333333335
57946.8 4873.833333333333 2429.366666666667
57582.73333333333 5060.5 2606.766666666667
57426.63333333333 5077.933333333333 2745.4333333333334
58054.63333333333 4692.566666666667 2502.8
56875.066666666666 5673.166666666667 2701.766666666667
56111.6 5857.4 3281.0
57157.433333333334 5445.9 2646.6666666666665
58127.1 4746.266666666666 2376.633333333333
56945.03333333333 5304.233333333334 3000.733333333333
57870.933333333334 4680.3 2698.766666666667
57553.2 4808.4 2888.4
57495.36666666667 4908.633333333333 2846.0
56841.1 5333.566666666667 3075.3333333333335
57566.46666666667 4791.233333333334 2892.3
58354.066666666666 4428.466666666666 2467.4666666666667
58370.96666666667 4601.933333333333 2277.1
57848.86666666667 4531.233333333334 2869.9
57160.4 5151.466666666666 2938.133333333333
56764.6 5588.833333333333 2896.5666666666666
58474.4 4343.5 2432.1
58628.066666666666 4262.633333333333 2359.3
57392.03333333333 5044.1 2813.866666666667
56239.36666666667 5578.433333333333 3432.2
57457.53333333333 4802.533333333334 2989.9333333333334
57232.1 5013.833333333333 3004.0666666666666
56634.96666666667 5489.0 3126.0333333333333
57506.166666666664 5010.9 2732.9333333333334
56879.833333333336 5345.866666666667 3024.3
57077.7 4947.933333333333 3224.366666666667
56349.53333333333 5721.4 3179.0666666666666
 
589.6333333333333
0.43333333333333335
0.0
6.533333333333333
4.992891707775429
0.0
0.0
 
8275.033333333333 13614.6 10846.733333333334 431.94920727634917 
8003.833333333333 12566.533333333333 10449.5 673.6438002881542 
8175.1 12070.533333333333 10394.266666666666 926.4482219746551 
8578.4 12112.433333333332 10656.0 1531.898992209778 
8750.566666666668 12816.433333333332 11245.7 1839.0506984129975 
9549.666666666666 13556.433333333332 12109.266666666666 2303.670592433832 
9828.9 14367.466666666667 12893.333333333334 2084.0157697473296 
10296.5 15045.633333333333 13802.366666666667 1982.4340024043397 
10816.566666666668 15484.0 14278.133333333333 1777.1003743301742 
11168.033333333333 15768.9 14724.733333333334 1698.89936844744 
11054.433333333332 15890.933333333332 14831.933333333332 1613.595859804362 
11542.2 16158.966666666667 15215.966666666667 1427.1297906793357 
12568.2 16372.766666666666 15515.5 1327.2456007335898 
11838.4 16404.466666666667 15504.933333333332 1000.3677107277439 
12268.766666666666 16649.8 15883.866666666667 1005.2093836609364 
12306.666666666666 16558.766666666666 15736.266666666666 960.624038899252 
11940.6 16555.8 15733.633333333333 861.7487425771697 
12350.0 16662.6 15868.0 833.9010322973983 
11921.866666666667 16623.7 15790.766666666666 870.6197957649357 
11777.733333333334 16617.566666666666 15827.533333333333 895.6246891292011 
11838.433333333332 16681.666666666668 15885.033333333333 882.9135165273362 
12069.333333333334 16624.2 15870.666666666666 920.2930360609179 
11725.4 16730.566666666666 16017.533333333333 907.131342444105 
11869.633333333333 16692.066666666666 15923.233333333334 839.3212254885227 
11958.966666666667 16758.466666666667 16019.1 857.6724265903233 
11770.8 16656.966666666667 15916.133333333333 836.1728347390602 
12821.366666666667 16761.066666666666 16110.333333333334 840.0698625709649 
11753.3 16572.0 15787.533333333333 872.6694616074417 
12315.3 16717.7 15999.966666666667 887.9738117384618 
12388.133333333333 16752.166666666668 16133.166666666666 964.6146656682255 
12626.166666666666 16737.5 16046.166666666666 932.3627847809265 
12247.6 16691.3 15974.5 1003.942305613226 
12668.666666666666 16728.866666666665 16078.466666666667 1060.2291799417708 
12238.3 16707.9 15957.266666666666 1110.1939281044552 
12144.533333333333 16707.1 15979.066666666668 1254.2379256832498 
12339.166666666666 16763.033333333333 16102.1 1156.1585587625946 
12493.566666666668 16658.0 16025.1 1337.4724961658096 
12069.9 16632.333333333332 15961.533333333333 1443.3104464313205 
12128.366666666667 16612.333333333332 15889.4 1650.8537928397325 
11539.066666666668 16538.966666666667 15786.2 1591.7795846159104 
12303.833333333334 16610.066666666666 15980.466666666667 1658.0991130407933 
11985.0 16599.833333333332 15853.7 1531.0577810781667 
12170.166666666666 16651.366666666665 15937.633333333333 1496.609803893824 
12117.133333333333 16683.566666666666 15932.7 1273.6525808346116 
11972.9 16678.866666666665 15964.566666666668 1271.9104743565003 
11964.833333333334 16729.3 16020.933333333332 1318.9066429770112 
11993.633333333333 16716.866666666665 16045.166666666666 1365.017264563183 
11946.433333333332 16706.533333333333 16047.666666666666 1349.5687670511643 
12349.8 16718.233333333334 16059.6 1394.2054311805468 
12416.3 16686.266666666666 16062.966666666667 1378.1954535631814 
11755.666666666666 16715.433333333334 16024.733333333334 1309.2055618240825 
12472.666666666666 16702.633333333335 16038.4 1181.823006065911 
12685.033333333333 16779.433333333334 16217.5 1244.5264276020816 
12366.233333333334 16676.7 16061.033333333333 1116.4104565774883 
11850.366666666667 16707.233333333334 16031.566666666668 1238.223474445008 
11937.333333333334 16736.566666666666 16014.866666666667 1135.8721030800764 
12715.1 16770.333333333332 16135.266666666666 1082.1389656601411 
12434.366666666667 16750.066666666666 16098.833333333334 1148.3511902336804 
12077.166666666666 16695.4 16051.333333333334 1155.260644616617 
12628.1 16794.866666666665 16187.433333333332 1120.729205225082 
11854.9 16673.366666666665 15979.9 1161.0819164325433 
12388.7 16730.7 16107.533333333333 1145.759415991566 
12647.533333333333 16733.933333333334 16050.933333333332 1146.273786473177 
11641.033333333333 16613.1 15867.133333333333 1053.3236226345632 
12301.1 16806.766666666666 16181.466666666667 1099.8357416753954 
12106.666666666666 16689.566666666666 16061.7 1179.9857333883322 
11656.666666666666 16659.466666666667 15969.266666666666 1132.2506254260925 
11703.9 16678.933333333334 15983.8 1133.8533228185497 
12449.233333333334 16729.133333333335 16145.3 1200.2154996777315 
12296.2 16670.766666666666 15990.966666666667 1210.5577930579493 
12143.566666666668 16787.1 16171.6 1105.0796606278363 
12230.566666666668 16773.833333333332 16114.5 1088.7205593417132 
11848.133333333333 16698.6 15958.1 965.6072897405032 
11865.566666666668 16840.433333333334 16194.566666666668 773.1745812629323 
12577.1 16949.733333333334 16298.233333333334 865.5212760720171 
12418.0 16844.4 16185.8 744.3264937736218 
12114.266666666666 16877.1 16186.733333333334 628.558479114447 
12810.566666666668 16901.366666666665 16290.166666666666 662.5145410563538 
11764.233333333334 16770.533333333333 16048.666666666666 709.1545068287695 
11876.7 16799.033333333333 16012.0 590.4113910373566 
12795.633333333333 16896.966666666667 16266.9 649.3006576309626 
12066.866666666667 16844.266666666666 16118.9 581.7170580846556 
12472.733333333334 16889.533333333333 16228.7 654.2081715071026 
12451.466666666667 16892.8 16262.4 496.57099492419036 
11792.4 16903.266666666666 16200.433333333332 524.2437895568137 
12290.566666666668 16904.566666666666 16292.833333333334 513.8466928742248 
12369.833333333334 16948.733333333334 16332.833333333334 516.285164312213 
12319.1 16902.933333333334 16268.566666666668 541.617705274363 
12101.266666666666 16887.633333333335 16258.766666666666 542.4536666337914 
12651.1 16946.5 16371.766666666666 425.6709661751016 
12357.2 16908.466666666667 16260.333333333334 542.9673705154339 
12618.733333333334 16985.233333333334 16397.8 489.9136628019268 
13219.233333333334 17003.233333333334 16453.333333333332 395.5103147973654 
12438.466666666667 16904.466666666667 16262.8 508.29796937098496 
12670.2 16965.766666666666 16427.733333333334 419.303437991046 
12516.8 16923.466666666667 16338.933333333332 475.31527946078984 
12355.666666666666 16890.633333333335 16254.366666666667 484.16280388591025 
12222.6 16768.566666666666 16035.633333333333 613.1873191230666 
12508.233333333334 16958.7 16303.2 561.9333142523824 
12878.766666666666 16947.866666666665 16355.633333333333 558.1970782996109 
12576.766666666666 16908.233333333334 16319.2 569.1710068160534 
12079.866666666667 16942.733333333334 16263.266666666666 477.85864425464644 
12889.133333333333 16949.966666666667 16354.566666666668 617.363761759089 
12818.666666666666 17018.666666666668 16431.3 444.37698072694985 
12480.4 16954.666666666668 16369.666666666666 505.68728149585354 
12342.7 16936.2 16330.866666666667 439.0385061573631 
12702.666666666666 16970.166666666668 16409.866666666665 521.4199961003924 
12502.5 16942.4 16379.3 427.82229761120817 
13029.333333333334 17008.066666666666 16480.2 421.16319441913873 
12506.5 16971.166666666668 16430.733333333334 433.45250720234594 
12593.766666666666 16973.7 16389.733333333334 492.73981200359015 
11896.4 16972.3 16331.866666666667 434.88110239722124 
12440.4 16986.433333333334 16360.633333333333 516.3323023445699 
12363.566666666668 16898.0 16281.466666666667 560.1989637619832 
11921.5 16831.333333333332 16133.6 475.5467432335125 
13129.8 17032.133333333335 16472.8 520.7420426660404 
12452.633333333333 16869.466666666667 16265.6 579.1194940021733 
11716.866666666667 16941.9 16273.333333333334 433.9211866482462 
12705.4 16972.433333333334 16366.433333333332 454.5415669783248 
12233.7 16946.766666666666 16307.466666666667 409.2190581529105 
12406.066666666668 16986.633333333335 16342.366666666667 490.92905291905475 
12377.766666666666 16954.733333333334 16329.4 511.39548948604016 
12320.066666666668 16915.133333333335 16272.8 470.59438231524456 
12680.333333333334 16956.666666666668 16348.066666666668 504.4564226306704 
12169.6 16842.433333333334 16156.833333333334 594.0808819793255 
12224.633333333333 16925.766666666666 16281.966666666667 601.1571989828357 
12264.833333333334 17022.166666666668 16434.166666666668 342.9441413861901 
12110.666666666666 16902.8 16232.6 626.3807995141613 
12178.3 16938.333333333332 16282.3 605.685719935127 
12304.866666666667 16825.8 16128.733333333334 476.80075864499685 
12025.2 16859.666666666668 16201.5 522.0728681579484 
12785.433333333332 16920.433333333334 16318.433333333332 587.5286654945252 
12846.766666666666 16974.8 16409.266666666666 452.54542227518124 
13038.166666666666 16957.766666666666 16430.733333333334 473.67066758807556 
12761.8 16993.933333333334 16435.233333333334 403.9196160403979 
13383.766666666666 16953.633333333335 16422.3 408.31016356033405 
13611.966666666667 17069.866666666665 16587.733333333334 376.18947397997897 
12724.833333333334 16941.4 16349.3 430.2061122299406 
12293.0 16935.6 16347.333333333334 465.506927266752 
12393.166666666666 16914.3 16304.033333333333 543.6169077985381 
12312.6 16908.866666666665 16253.566666666668 484.8544597207611 
12263.2 16955.466666666667 16336.3 390.9069266888645 
12745.933333333332 16894.166666666668 16280.9 459.0774128619266 
12714.0 16959.266666666666 16348.9 512.8379363892652 
12843.5 17014.333333333332 16467.566666666666 408.9903518286081 
12568.233333333334 16921.766666666666 16335.733333333334 452.0493335909256 
13174.4 16953.133333333335 16424.533333333333 382.7005448127819 
12750.3 17043.4 16468.233333333334 374.06295058452395 
12132.5 16917.833333333332 16219.5 529.8099923557501 
12470.766666666666 16996.166666666668 16379.9 469.02768184120356 
12757.966666666667 16970.433333333334 16401.8 459.52124107597007 
12101.8 16926.766666666666 16304.333333333334 470.1041275906625 
12794.5 17011.466666666667 16446.166666666668 481.82401213167736 
12429.666666666666 16984.4 16386.933333333334 512.6511936329939 
12503.4 16990.533333333333 16344.766666666666 525.4516592629831 
11838.666666666666 16987.133333333335 16267.433333333332 595.1025937694365 
12449.733333333334 16879.733333333334 16196.566666666668 633.1820259609394 
11981.5 16842.133333333335 16146.7 541.7351354675088 
11975.633333333333 16892.533333333333 16167.033333333333 593.5720734109154 
12554.933333333332 16977.333333333332 16400.633333333335 414.2833303160746 
12607.033333333333 17023.033333333333 16456.533333333333 501.66462712763695 
12293.066666666668 16861.6 16219.2 584.7380778320039 
12041.966666666667 16881.4 16208.8 463.12383693061315 
12563.033333333333 16933.7 16318.266666666666 577.1835773824478 
12235.6 16952.766666666666 16267.2 403.3775258158705 
12034.7 16976.533333333333 16314.866666666667 493.69350444717537 
12401.966666666667 16944.366666666665 16312.266666666666 569.9448111683953 
12287.5 16953.9 16286.366666666667 438.98717318644094 
12024.733333333334 16980.0 16341.4 489.6162555171823 
12426.333333333334 16888.333333333332 16198.466666666667 623.1031690035144 
12404.633333333333 16932.433333333334 16289.666666666666 610.4106534857407 
12097.633333333333 16880.433333333334 16212.333333333334 575.9572396357988 
12248.433333333332 16928.9 16220.333333333334 567.5782107633567 
12348.133333333333 16914.866666666665 16266.133333333333 534.8589881662476 
12147.833333333334 16919.733333333334 16244.466666666667 555.7460359232841 
12576.7 16908.266666666666 16305.1 380.13724407552246 
12507.6 16957.2 16325.333333333334 544.5182463017704 
12392.9 16971.433333333334 16334.333333333334 492.5166740550234 
13126.166666666666 17007.933333333334 16431.8 581.6338613480705 
11873.533333333333 16880.366666666665 16164.866666666667 527.2591583947227 
12207.766666666666 16904.733333333334 16213.933333333332 502.58322528048353 
12506.233333333334 16969.166666666668 16322.966666666667 578.0207074337582 
12574.8 16979.433333333334 16302.3 622.7094630189374 
12270.033333333333 16966.966666666667 16337.533333333333 522.5073567796811 
12338.9 16927.433333333334 16244.133333333333 544.8563665978608 
12659.733333333334 16981.166666666668 16367.133333333333 491.5481072873515 
12372.633333333333 16971.3 16356.533333333333 522.4475627063234 
12407.6 16969.533333333333 16390.733333333334 510.69125114887146 
12216.733333333334 16912.433333333334 16276.8 584.7415078476985 
12577.733333333334 17023.6 16435.7 393.89687482893305 
11854.933333333332 16854.8 16116.466666666667 514.8822973370817 
11781.533333333333 16910.566666666666 16247.9 555.1906333263676 
12305.066666666668 16945.033333333333 16286.533333333333 567.4090793539817 
11935.266666666666 16891.966666666667 16204.266666666666 565.7868225361526 
11736.333333333334 16856.2 16151.5 546.3095609023636 
12737.966666666667 17012.266666666666 16416.066666666666 512.5681871170356 
12240.8 17002.1 16378.5 558.4714555522661 
12351.5 16927.933333333334 16246.133333333333 540.7747199877022 
12391.533333333333 16936.4 16297.6 502.02928101854786 
11977.9 16939.1 16280.9 446.1627330171505 
11769.6 16950.333333333332 16253.7 541.6733188309476 
12353.9 16878.333333333332 16166.666666666666 562.936518623548 
12289.533333333333 16888.033333333333 16258.133333333333 493.08296146681937 
12838.233333333334 16950.0 16351.266666666666 510.0375378342263 
12120.066666666668 16899.9 16247.866666666667 558.573296692366 
12995.1 16995.833333333332 16449.4 520.5283226364024 
12488.833333333334 16962.4 16300.133333333333 535.3759029359134 
12920.7 16984.233333333334 16463.833333333332 484.49631933013114 
12836.5 17054.233333333334 16463.033333333333 423.65338570843755 
12077.033333333333 17024.233333333334 16382.1 468.9288599208485 
12858.0 16972.966666666667 16385.3 498.1440357299618 
11880.3 16949.1 16325.833333333334 571.3351613156287 
13002.266666666666 16990.133333333335 16487.566666666666 334.4679855133124 
12263.2 16973.833333333332 16383.0 496.6611222285608 
11664.2 16896.466666666667 16225.533333333333 524.6248063563564 
12093.966666666667 17003.233333333334 16451.8 491.887620973192 
12327.7 16848.933333333334 16227.366666666667 573.9641503516476 
12311.1 16920.066666666666 16210.966666666667 550.1083381177442 
12621.533333333333 16984.4 16452.333333333332 515.7542236591208 
12166.4 16937.066666666666 16281.766666666666 530.0740817198208 
12370.8 16998.5 16385.3 480.76599193370555 
12400.766666666666 16967.9 16325.7 454.68425014875237 
12464.3 16961.566666666666 16347.366666666667 494.03051457711933 
12169.4 16944.933333333334 16252.0 524.8368387730926 
12357.6 16930.666666666668 16184.633333333333 601.438900655937 
12551.766666666666 16979.433333333334 16384.533333333333 589.5790443660252 
12864.066666666668 17009.766666666666 16403.066666666666 576.2405336894193 
12259.866666666667 16905.566666666666 16198.8 578.5925728293906 
12411.433333333332 16954.866666666665 16311.766666666666 564.2767567623376 
12550.366666666667 16934.966666666667 16337.366666666667 549.3346158965609 
12181.033333333333 16981.933333333334 16402.8 453.83858510855276 
12548.266666666666 16992.033333333333 16412.3 447.1892250490834 
11761.3 16890.6 16189.366666666667 539.8307725574747 
12473.633333333333 16895.766666666666 16306.233333333334 587.3998110316346 
11783.033333333333 16994.366666666665 16358.866666666667 500.9629422976868 
12649.5 16884.566666666666 16252.233333333334 537.6093377165245 
12368.933333333332 16982.833333333332 16364.566666666668 467.525556996026 
12108.7 16979.966666666667 16327.1 504.1644966344481 
12421.366666666667 16894.733333333334 16220.833333333334 651.1297360912204 
12203.933333333332 16951.866666666665 16316.666666666666 498.49173825762756 
11899.9 16990.133333333335 16311.733333333334 466.34167088091095 
12170.133333333333 16911.433333333334 16252.966666666667 504.80945723224215 
12399.366666666667 16917.733333333334 16295.933333333332 534.2394179267071 
12052.8 16903.733333333334 16262.633333333333 516.7457688909188 
11519.666666666666 16847.9 16129.5 571.6408890203709 
11908.266666666666 16886.233333333334 16168.233333333334 548.218150719016 
12148.633333333333 16922.1 16288.233333333334 617.6319568408934 
12039.9 16978.9 16345.233333333334 493.47382976877986 
12612.433333333332 16978.566666666666 16407.166666666668 476.145519306394 
13091.4 17000.9 16412.133333333335 416.5831645662123 
12113.233333333334 16921.4 16278.933333333332 454.9974645839004 
12470.5 16916.766666666666 16309.7 585.5274476913954 
12364.166666666666 16886.066666666666 16240.1 591.7846888860845 
12018.6 16834.3 16188.3 584.2641343319534 
12132.4 16943.633333333335 16290.6 459.21091196384526 
12752.666666666666 16930.466666666667 16328.566666666668 586.448329541676 
12532.266666666666 16984.4 16353.366666666667 441.3609832728258 
12713.566666666668 16979.066666666666 16403.466666666667 416.7166382034147 
11976.666666666666 16985.4 16320.633333333333 388.5727417957501 
12255.433333333332 17057.766666666666 16424.4 505.4705721734286 
12257.3 16980.366666666665 16386.266666666666 408.94251212391976 
12734.2 17016.466666666667 16447.833333333332 464.15520261127216 
12383.666666666666 16920.0 16286.9 572.1995744493352 
12468.966666666667 16967.466666666667 16299.333333333334 509.41184157156493 
12711.133333333333 16956.0 16346.333333333334 464.5786201853604 
12972.166666666666 16975.266666666666 16392.566666666666 595.6977848614923 
11629.333333333334 16961.4 16283.333333333334 458.6852115921477 
12782.1 16946.4 16409.733333333334 508.0972736046165 
12384.733333333334 16955.166666666668 16361.833333333334 574.2405016870349 
12385.966666666667 16894.133333333335 16251.333333333334 643.5908084938582 
12759.5 16975.166666666668 16385.066666666666 534.5366156255758 
12498.933333333332 16919.9 16309.633333333333 662.973571620066 
12016.666666666666 16967.266666666666 16326.366666666667 407.91208952147724 
12681.833333333334 17018.733333333334 16488.2 394.3417705493548 
12934.333333333334 17008.466666666667 16451.866666666665 460.9046841689601 
12034.366666666667 16874.533333333333 16200.066666666668 574.8353222155599 
13089.766666666666 16996.6 16469.7 455.3393232890536 
12729.933333333332 16995.866666666665 16455.2 467.56382558961934 
12951.633333333333 16999.933333333334 16435.366666666665 426.6695999899168 
12070.766666666666 16913.333333333332 16303.866666666667 502.0774778635045 
12438.466666666667 16934.233333333334 16334.8 499.1919190051057 
12118.8 16990.233333333334 16355.533333333333 536.0986253583487 
12753.866666666667 16955.0 16352.166666666666 441.0318729978596 
12178.1 16944.233333333334 16310.166666666666 459.4403518291453 
12219.3 16879.1 16180.933333333332 539.7584469000926 
12666.466666666667 16936.1 16331.6 564.1361233484935 
12222.1 16972.133333333335 16368.5 527.9398602113691 
12011.233333333334 16944.033333333333 16311.933333333332 514.1445322086 
12132.9 16868.166666666668 16202.6 523.6583020762042 
12581.833333333334 16960.633333333335 16360.633333333333 472.1698632672121 
12626.466666666667 17055.833333333332 16493.3 436.5639594225188 
12337.533333333333 16968.466666666667 16352.333333333334 533.4517274838983 
11901.1 16942.133333333335 16294.966666666667 575.4924272114948 
12013.1 16906.666666666668 16270.1 565.9445069969316 
12591.0 16970.7 16381.1 511.6774938050986 
12644.8 16986.8 16363.566666666668 577.7653364472466 
12522.566666666668 17016.7 16435.4 460.48186790216465 
12683.2 16951.1 16317.5 508.9570564726788 
12596.9 16952.9 16327.9 595.2747194923256 
12665.866666666667 16907.733333333334 16305.2 508.9010882938518 
12180.066666666668 16963.133333333335 16353.4 488.86231394943906 
12731.033333333333 16932.933333333334 16361.1 481.9621599946064 
12194.0 17009.966666666667 16413.366666666665 454.25162141213735 
12002.6 16973.6 16339.6 456.58068947339405 
12562.233333333334 16951.9 16387.8 524.9321044986041 
12613.7 16952.6 16362.6 444.5002594674908 
12228.5 16944.633333333335 16319.166666666666 466.7068979086936 
12506.033333333333 16968.366666666665 16298.933333333332 571.5032264903575 
12115.766666666666 16939.033333333333 16332.7 431.79526398514406 
11962.3 17003.766666666666 16326.366666666667 405.4402889315377 
12008.733333333334 16929.566666666666 16276.066666666668 604.8302349511891 
12178.466666666667 16864.133333333335 16207.3 485.2057189138097 
12758.233333333334 17063.7 16522.166666666668 449.0167227769289 
12487.766666666666 16930.666666666668 16289.033333333333 504.59276539491606 
12008.733333333334 16951.533333333333 16331.666666666666 632.4281597321724 
12383.1 17003.666666666668 16420.266666666666 500.885332963322 
12681.3 16985.966666666667 16441.233333333334 510.0328132145574 
11921.933333333332 16943.833333333332 16223.2 607.192595475274 
11929.233333333334 16924.033333333333 16206.0 642.1693190532645 
11672.433333333332 16931.533333333333 16230.166666666666 511.3762465695443 
12205.1 16995.1 16367.2 420.560483957619 
12405.2 16963.7 16329.3 441.530462142761 
12525.433333333332 16972.7 16333.466666666667 595.5615117965004 
12177.233333333334 17051.733333333334 16413.0 531.628543878775 
12105.833333333334 16933.466666666667 16247.266666666666 478.3601999423539 
12107.9 16983.533333333333 16306.0 433.20088757988475 
12127.6 16933.366666666665 16259.7 615.981431267751 
12691.033333333333 16931.6 16316.666666666666 605.8995418200757 
11764.733333333334 16824.733333333334 16124.933333333332 467.94324727114815 
12377.733333333334 16932.7 16323.4 596.5909704311656 
12752.966666666667 17038.6 16433.133333333335 530.3785784177605 
12512.833333333334 16958.733333333334 16314.8 581.535977964104 
12207.133333333333 16932.4 16274.833333333334 628.8338351442472 
12346.0 16927.366666666665 16274.766666666666 511.5893496415523 
12551.5 16963.566666666666 16375.066666666668 558.5164500710789 
12262.833333333334 16983.233333333334 16329.3 551.9163891991855 
12472.8 16962.7 16355.2 508.1756140023513 
12331.533333333333 16996.5 16370.9 434.004964257323 
12198.766666666666 16950.966666666667 16286.633333333333 476.33852877969036 
12591.766666666666 16983.133333333335 16362.5 653.7070873105172 
12366.9 16990.033333333333 16384.966666666667 538.1658000405947 
12684.2 17022.8 16427.766666666666 467.2999825237177 
12709.733333333334 17025.766666666666 16438.8 712.6005744220716 
12518.666666666666 17010.833333333332 16440.4 520.6993281475725 
12773.166666666666 17008.766666666666 16457.8 495.02587373456197 
12865.1 17010.433333333334 16429.933333333334 551.28570068321 
12155.733333333334 16839.266666666666 16106.466666666667 391.38110767440526 
12911.9 17012.866666666665 16438.033333333333 488.37510958961315 
13056.866666666667 16979.766666666666 16403.966666666667 613.0531627300633 
12527.033333333333 16966.9 16351.766666666666 367.1613414653928 
12279.566666666668 16980.3 16322.533333333333 459.6645971672052 
12799.466666666667 16973.733333333334 16379.3 564.6363520001171 
12388.6 16952.466666666667 16272.833333333334 562.7705531070761 
12270.866666666667 16914.733333333334 16210.133333333333 529.2964669151769 
12266.033333333333 16961.033333333333 16320.733333333334 492.05559554903044 
11795.566666666668 16989.066666666666 16328.0 528.6487375059801 
11991.033333333333 16972.833333333332 16313.833333333334 451.2999790728017 
12476.533333333333 17038.233333333334 16428.6 434.02134816926537 
11982.166666666666 16923.433333333334 16237.666666666666 529.2146346762868 
12267.766666666666 16987.0 16267.4 576.6147714606924 
12305.966666666667 16891.466666666667 16247.466666666667 532.7208586325695 
12212.133333333333 16946.633333333335 16278.666666666666 587.1778243806937 
12159.8 16918.5 16201.533333333333 753.7214338791813 
11871.833333333334 16914.3 16218.8 651.2640580696383 
12667.266666666666 16991.966666666667 16400.7 611.3611788460238 
12433.033333333333 16927.566666666666 16290.466666666667 445.45612104648177 
12341.4 16999.7 16375.533333333333 531.1716212508177 
12661.766666666666 16982.033333333333 16383.333333333334 455.5498042048874 
12845.733333333334 16925.966666666667 16300.566666666668 654.8960332246129 
12660.166666666666 16906.766666666666 16294.3 618.3365294616409 
12178.166666666666 16956.933333333334 16333.233333333334 543.8568505488267 
12171.066666666668 17014.933333333334 16404.2 423.2476623286499 
12213.6 17018.733333333334 16444.8 551.7768921100874 
12026.9 17012.6 16360.0 411.7869793149528 
12241.3 16963.833333333332 16286.8 449.45833807669726 
12222.9 16881.566666666666 16205.3 560.6699447981853 
12849.266666666666 17037.4 16514.9 443.05024921935575 
12458.133333333333 17018.133333333335 16489.133333333335 438.49631330009805 
12566.033333333333 16988.233333333334 16414.8 609.5631793888691 
12193.333333333334 17004.033333333333 16406.3 529.7187275652363 
12012.266666666666 16990.333333333332 16378.6 407.86770976220555 
11845.7 16931.366666666665 16247.966666666667 601.6146914761973 
12426.2 17010.533333333333 16405.133333333335 509.85331550685567 
11490.466666666667 17013.766666666666 16297.666666666666 572.7550917373945 
12348.933333333332 16946.933333333334 16267.833333333334 634.8431046767031 
12191.666666666666 17011.766666666666 16371.566666666668 612.9682678935708 
11599.766666666666 16838.4 16053.0 715.1046965305152 
12328.0 16957.966666666667 16311.1 570.349012155423 
12584.433333333332 17024.266666666666 16468.633333333335 407.51575116116004 
12476.666666666666 16920.933333333334 16219.5 653.0937344669602 
12092.633333333333 16956.966666666667 16323.8 551.7609201456733 
12557.633333333333 16960.233333333334 16312.966666666667 638.623250438003 
11911.3 16865.5 16154.2 615.1821659747083 
12040.1 16981.333333333332 16308.0 467.65794764977545 
12592.266666666666 16955.7 16343.8 502.3024623338678 
12210.833333333334 16943.666666666668 16261.0 517.065881682402 
12777.6 16989.9 16411.833333333332 607.2674560868726 
12758.766666666666 16981.633333333335 16375.4 611.2894865228204 
11329.333333333334 16873.833333333332 16130.9 775.3220131016533 
12410.4 16921.033333333333 16236.366666666667 555.7877345613961 
11804.466666666667 16975.066666666666 16303.4 541.5750138869655 
12492.6 16997.5 16375.666666666666 497.16124167338523 
12219.4 16897.1 16172.7 568.397825177636 
11712.666666666666 16884.0 16121.1 601.1704286916757 
12069.166666666666 16914.933333333334 16223.366666666667 495.0943440957044 
12344.733333333334 16955.3 16328.133333333333 518.5558846986075 
12263.833333333334 16979.733333333334 16295.8 454.34713087388747 
12217.4 16957.333333333332 16310.4 513.8471371267267 
12607.666666666666 16946.0 16330.333333333334 687.7316484081722 
11956.266666666666 16941.366666666665 16273.9 526.1685784993247 
12144.933333333332 16946.433333333334 16252.533333333333 555.3628385519186 
12119.633333333333 16953.666666666668 16276.966666666667 553.682762258518 
12142.633333333333 16925.4 16210.766666666666 425.81556257766505 
12724.8 16970.566666666666 16348.266666666666 504.43918012426883 
12460.166666666666 16977.0 16346.766666666666 454.20045403372785 
11866.866666666667 17007.6 16302.566666666668 535.4089722404319 
11971.833333333334 16885.033333333333 16157.033333333333 543.6760010439225 
11780.3 16969.266666666666 16274.066666666668 612.5788486209576 
12629.2 16962.3 16299.3 529.1453489669291 
12144.266666666666 16987.6 16344.966666666667 534.6727989049837 
12356.066666666668 16967.366666666665 16328.1 576.5084035236029 
11845.066666666668 16863.966666666667 16178.333333333334 513.2436720397912 
12139.733333333334 16988.433333333334 16309.4 528.6739704203341 
12043.233333333334 16948.633333333335 16262.666666666666 534.2267880882716 
11979.833333333334 16919.966666666667 16267.366666666667 443.61544658008063 
12046.6 16967.666666666668 16340.833333333334 602.3814301033304 
11511.7 16842.7 16060.666666666666 571.4632970619275 
12013.766666666666 16995.9 16298.866666666667 453.5886801693552 
12165.2 16899.866666666665 16203.466666666667 523.1832313401828 
12480.9 17016.2 16391.966666666667 378.64905768916026 
11810.733333333334 16863.4 16142.5 452.785110547303 
12098.066666666668 16916.866666666665 16184.333333333334 518.0461783363418 
12753.933333333332 17036.233333333334 16442.533333333333 509.93693117656983 
12191.566666666668 16922.1 16273.833333333334 523.3706744639873 
12689.666666666666 16929.666666666668 16303.5 467.4254650030669 
12053.833333333334 16961.766666666666 16327.2 425.3789831824481 
11457.266666666666 16940.766666666666 16199.5 449.25952188017095 
11873.166666666666 16863.1 16148.2 521.6344840978212 
11497.833333333334 16953.0 16220.866666666667 378.6739218788523 
12257.433333333332 16926.066666666666 16274.3 679.2947379451721 
11900.633333333333 16938.1 16305.733333333334 530.8848078653432 
12316.6 16994.233333333334 16291.566666666668 521.711789741765 
11887.333333333334 16911.666666666668 16229.0 596.4972260343433 
11757.133333333333 16859.2 16147.566666666668 562.9140114913939 
12119.366666666667 17005.066666666666 16356.566666666668 647.6653031380397 
12162.566666666668 16940.7 16272.933333333332 644.8569183246085 
11746.533333333333 16845.333333333332 16098.466666666667 636.353802272499 
11525.533333333333 16907.0 16196.0 549.3605579823388 
12020.1 16905.333333333332 16181.8 649.743796687074 
12257.433333333332 16921.166666666668 16234.766666666666 604.4602621806956 
12224.2 16889.7 16211.566666666668 496.57018973487857 
12001.233333333334 16994.833333333332 16361.266666666666 387.24029964179437 
11636.9 16861.533333333333 16140.766666666666 484.5676542605332 
12856.0 16978.0 16397.4 586.9707772396623 
11757.9 17013.6 16288.8 476.42746317426605 
11541.0 16945.066666666666 16235.1 610.491699916278 
12208.433333333332 17019.966666666667 16403.2 497.69679390836615 
11894.933333333332 16840.5 16107.766666666666 566.6655545087125 
11664.566666666668 16960.4 16290.4 536.4694175812822 
11728.066666666668 16880.266666666666 16099.233333333334 628.3832296722544 
11891.5 16991.533333333333 16351.566666666668 502.5846008385057 
11802.466666666667 16989.7 16316.866666666667 536.6906814502703 
11775.6 16903.033333333333 16151.366666666667 643.850198329463 
12014.933333333332 16945.366666666665 16226.633333333333 508.2019767988139 
11737.7 16817.9 16013.166666666666 560.7426320910907 
12286.6 16998.533333333333 16319.466666666667 462.8883936760565 
12293.533333333333 16930.4 16263.4 465.1253465464983 
11913.866666666667 16897.166666666668 16078.066666666668 660.2178365256931 
11995.266666666666 16956.0 16234.766666666666 581.3136383322786 
12193.233333333334 16951.833333333332 16322.0 487.847072007885 
11994.033333333333 17063.0 16394.733333333334 508.28313675658285 
11575.133333333333 16945.566666666666 16229.733333333334 508.3017555219207 
12293.433333333332 16922.766666666666 16247.666666666666 515.5021799716812 
11811.633333333333 16859.366666666665 16175.733333333334 653.875622559656 
12287.133333333333 16940.7 16257.166666666666 531.9309183426817 
12095.466666666667 16968.366666666665 16310.066666666668 594.7028578299512 
11749.933333333332 16926.766666666666 16093.833333333334 755.6874717030108 
12223.166666666666 16976.366666666665 16314.8 600.9733834927024 
11201.766666666666 16900.033333333333 16133.6 628.2885844365895 
11953.833333333334 16884.4 16140.033333333333 619.4572208348567 
12042.033333333333 16826.633333333335 16097.466666666667 654.48693281243 
11516.366666666667 16896.3 16158.766666666666 673.6553074252604 
11249.2 16782.033333333333 15976.9 626.393414450269 
11811.633333333333 16935.9 16221.133333333333 499.88734775391583 
12239.266666666666 16931.7 16257.933333333332 606.8492264695301 
12117.1 16909.033333333333 16187.133333333333 664.5516291288268 
12082.533333333333 17014.066666666666 16387.2 481.5142562790846 
12037.066666666668 16876.666666666668 16150.633333333333 631.4476966991539 
12312.366666666667 16956.166666666668 16314.966666666667 572.0708493418158 
11860.366666666667 16917.633333333335 16266.866666666667 528.463313243639 
12220.2 16968.266666666666 16266.7 492.88361236029465 
11809.066666666668 16993.333333333332 16284.2 508.9114850999797 
12291.133333333333 16931.333333333332 16269.0 516.3312373531803 
12377.5 16930.5 16293.833333333334 535.0435069537182 
11896.866666666667 16892.366666666665 16197.133333333333 491.7286243447701 
12061.033333333333 16847.033333333333 16157.9 551.4711219396111 
11838.433333333332 16988.3 16244.4 482.91216868770937 
11834.833333333334 16889.166666666668 16198.666666666666 420.73109398337164 
11683.533333333333 16899.266666666666 16189.366666666667 454.7806305119966 
12143.333333333334 16915.6 16260.333333333334 615.0297947615583 
11892.066666666668 16907.9 16233.5 520.4848742598901 
12174.866666666667 16911.6 16208.066666666668 547.7523340383356 
12006.166666666666 16941.733333333334 16253.566666666668 578.427627279334 
11912.433333333332 16927.5 16249.433333333332 518.4693595361039 
11908.066666666668 16894.933333333334 16204.4 617.4855442302547 
12264.766666666666 16918.166666666668 16263.8 655.2041849683196 
12617.5 17036.966666666667 16423.466666666667 561.1116560503403 
12278.3 16932.033333333333 16257.7 678.5858329398476 
12119.466666666667 16967.933333333334 16284.366666666667 622.4580405314257 
11883.533333333333 16981.066666666666 16261.5 517.2027242774348 
12700.333333333334 16966.633333333335 16359.333333333334 498.9622402769794 
12632.566666666668 16988.9 16347.8 493.455519440878 
12164.466666666667 16940.166666666668 16309.766666666666 522.9984842765374 
11933.0 16962.233333333334 16313.966666666667 661.7909868933947 
12179.333333333334 16915.8 16249.066666666668 540.7854850944955 
12741.1 16978.6 16389.333333333332 420.00906220382126 
12392.133333333333 16996.466666666667 16342.333333333334 531.4642061742678 
12695.333333333334 16994.733333333334 16349.933333333332 465.6601509923545 
12360.366666666667 17006.766666666666 16359.166666666666 579.1601287880387 
12343.733333333334 17027.6 16411.566666666666 521.6964592131671 
12673.366666666667 17050.933333333334 16473.233333333334 538.9357580763531 
11767.833333333334 16903.0 16218.7 549.2613491468943 
11930.533333333333 16936.466666666667 16200.766666666666 666.8240926627918 
12040.033333333333 16894.633333333335 16184.366666666667 567.8506594558505 
12266.866666666667 16964.633333333335 16270.8 499.6487729729089 
12347.566666666668 16985.1 16344.6 477.2303193078438 
11565.6 16920.6 16171.366666666667 478.6691997379586 
12238.133333333333 17047.266666666666 16400.166666666668 555.7353480849597 
11949.1 16997.233333333334 16367.433333333332 444.2249072510703 
12212.0 16925.833333333332 16222.233333333334 647.7085831349365 
12006.366666666667 16824.633333333335 16069.5 639.2042242768214 
11789.066666666668 16911.1 16212.333333333334 538.8234095384745 
11769.8 16918.7 16221.5 459.7714856317212 
11837.6 16963.066666666666 16253.233333333334 527.3414387282683 
12269.5 16980.466666666667 16368.7 462.7457919851888 
12405.466666666667 16886.766666666666 16256.166666666666 702.1079100347275 
12207.2 16948.133333333335 16329.833333333334 556.1635899425439 
12232.266666666666 16880.166666666668 16170.333333333334 625.0116702910435 
12539.5 16976.866666666665 16359.8 443.76880429641164 
12664.266666666666 16921.533333333333 16319.6 498.37490673855865 
11700.0 16957.9 16252.933333333332 667.6828571010842 
12404.3 16987.766666666666 16359.566666666668 383.4083538184551 
12589.333333333334 16929.933333333334 16336.066666666668 547.7796980133121 
12041.166666666666 16990.933333333334 16306.733333333334 405.07567441158443 
12059.366666666667 16920.966666666667 16219.133333333333 428.65282922197076 
12486.733333333334 17023.766666666666 16390.233333333334 525.2507677290912 
11573.633333333333 16961.766666666666 16254.3 502.6156221872403 
11489.366666666667 16922.6 16223.0 682.3629659743657 
12584.566666666668 17011.1 16361.633333333333 579.2968122358919 
12400.533333333333 16952.566666666666 16299.733333333334 616.57947104255 
12347.3 16935.566666666666 16295.2 469.4239476919201 
12059.966666666667 16983.333333333332 16276.133333333333 520.9740378474833 
12033.7 16962.666666666668 16275.233333333334 465.9168288916426 
12340.566666666668 16885.766666666666 16225.566666666668 603.7579316249187 
12346.9 16962.566666666666 16352.333333333334 424.46838123312136 
12513.366666666667 16971.833333333332 16330.266666666666 578.781968255558 
12682.966666666667 16981.866666666665 16316.566666666668 596.2540991706287 
12105.466666666667 16902.233333333334 16231.866666666667 568.6635843019235 
12294.533333333333 17005.9 16365.866666666667 576.7452820208704 
12604.0 17021.2 16433.833333333332 435.6846413022459 
11783.366666666667 16897.966666666667 16153.5 534.5328923462051 
12265.7 16912.266666666666 16224.566666666668 581.1888305686699 
12564.1 16949.1 16290.733333333334 583.5673686711567 
12459.633333333333 17050.5 16426.166666666668 465.1907491675983 
11891.8 16949.7 16334.133333333333 488.322369615264 
12472.833333333334 17016.266666666666 16440.266666666666 486.3671598928346 
12387.9 16910.7 16271.433333333332 615.154880046029 
12707.366666666667 17011.5 16399.3 555.2794662750161 
12061.166666666666 16894.9 16163.366666666667 678.6682239667789 
12292.566666666668 17021.2 16328.1 530.224995324312 
12094.266666666666 17050.366666666665 16426.333333333332 443.3547404606033 
12193.566666666668 16993.333333333332 16372.233333333334 560.3658587625291 
12211.2 16975.333333333332 16342.666666666666 473.87379238686674 
12524.5 17040.933333333334 16429.766666666666 568.0529772829293 
12274.366666666667 17016.2 16291.8 512.774853452598 
11900.133333333333 16908.866666666665 16157.633333333333 597.2868834246327 
12219.333333333334 16962.866666666665 16325.666666666666 434.9698946159631 
12515.166666666666 17019.166666666668 16449.6 438.80841149640685 
11954.433333333332 16939.1 16268.966666666667 628.2966333225452 
12620.433333333332 17006.666666666668 16391.766666666666 671.5573536357278 
12667.433333333332 16966.866666666665 16341.066666666668 612.3797578119135 
12074.966666666667 17004.3 16339.566666666668 547.9438540783374 
11805.1 16895.033333333333 16251.133333333333 556.1245762716599 
12660.6 16955.3 16342.0 587.309071670672 
12634.966666666667 17014.366666666665 16463.166666666668 433.89934982410114 
12611.233333333334 17039.066666666666 16483.966666666667 485.8755714057755 
12574.1 17000.8 16372.366666666667 608.6301820938193 
11888.3 16949.966666666667 16296.8 483.4954842946658 
12109.933333333332 16927.066666666666 16261.333333333334 552.9379608559673 
12336.866666666667 17028.033333333333 16478.733333333334 522.5444958193617 
12870.166666666666 17001.366666666665 16501.4 445.4684040423067 
12566.4 16948.166666666668 16332.3 528.1839941409308 
11813.733333333334 16862.066666666666 16155.266666666666 617.7209757559546 
12165.966666666667 16899.666666666668 16321.3 328.11144346598667 
12183.033333333333 16940.1 16297.366666666667 602.7047837319141 
12075.4 16906.566666666666 16225.5 504.7648145423766 
12094.566666666668 17008.5 16351.866666666667 456.628582475225 
11901.266666666666 16926.133333333335 16260.166666666666 545.8428406296696 
12063.1 16939.933333333334 16259.933333333332 509.0682458068748 
11981.633333333333 16910.5 16191.633333333333 657.9973024260814 
 
1.0800000000000005 1.578888888888889 1.4444444444444444 1.5055555555555555 1.5277777777777777 1.4811111111111113 1.4699999999999995 1.5766666666666664 1.531111111111111 1.4833333333333332 1.4544444444444442 1.45 1.481111111111111 1.4388888888888893 1.521111111111111 1.541111111111111 1.4611111111111112 1.4188888888888893 1.4888888888888887 1.4633333333333332 1.4822222222222226 1.5044444444444443 1.518888888888889 1.6644444444444442 1.4988888888888894 1.5755555555555556 1.518888888888889 1.4511111111111108 1.5766666666666667 1.4466666666666665 1.5566666666666664 
1.5422222222222222 1.0855555555555558 1.441111111111111 1.5955555555555558 1.452222222222222 1.2633333333333334 1.5233333333333332 1.5177777777777774 1.5444444444444445 1.5155555555555553 1.49 1.518888888888889 1.415555555555556 1.5477777777777777 1.5355555555555551 1.5588888888888885 1.4555555555555557 1.5011111111111115 1.4466666666666665 1.4677777777777776 1.4355555555555555 1.4977777777777777 1.462222222222222 1.5433333333333334 1.4622222222222223 1.5022222222222221 1.4877777777777774 1.5533333333333332 1.5844444444444443 1.5322222222222224 1.4833333333333334 
1.387777777777778 1.5144444444444443 1.517777777777778 1.4722222222222219 1.521111111111111 1.5288888888888887 1.548888888888889 1.4833333333333327 1.4922222222222217 1.5155555555555553 1.5311111111111113 1.46 1.5566666666666662 1.4411111111111115 1.462222222222222 1.5277777777777777 1.4788888888888891 1.4811111111111113 1.5522222222222222 1.4155555555555557 1.527777777777778 1.5322222222222224 1.5044444444444445 1.5077777777777779 1.5511111111111113 1.4444444444444449 1.5222222222222221 1.5377777777777775 1.553333333333333 1.5611111111111111 1.5022222222222223 
1.4355555555555557 1.5211111111111115 1.4955555555555557 1.5033333333333332 1.5133333333333332 1.487777777777778 1.0488888888888892 1.055555555555556 1.198888888888889 1.388888888888889 1.5177777777777781 1.4088888888888889 1.41 1.5333333333333337 1.5133333333333332 1.4777777777777779 1.8299999999999996 1.5544444444444447 1.8766666666666665 1.537777777777778 1.4555555555555555 1.417777777777778 1.52 1.4177777777777778 1.602222222222222 1.4933333333333332 1.0400000000000005 1.0822222222222224 1.53 1.481111111111111 1.5333333333333334 
1.4033333333333335 1.556666666666667 1.4544444444444447 1.4777777777777776 1.5188888888888887 1.6066666666666667 1.2622222222222226 1.5022222222222221 1.1800000000000004 1.4844444444444445 1.46 1.464444444444444 1.4522222222222223 1.5033333333333332 1.4488888888888893 1.5400000000000003 1.3633333333333335 1.4622222222222219 1.5166666666666666 1.443333333333333 1.5355555555555556 1.4711111111111113 1.492222222222222 1.4888888888888885 1.5377777777777777 1.5566666666666669 1.4622222222222225 1.434444444444444 1.3166666666666667 1.538888888888889 1.4400000000000004 
1.5622222222222224 1.4833333333333332 1.5044444444444447 1.5244444444444445 1.4777777777777774 1.465555555555555 1.4111111111111108 1.5066666666666664 1.4288888888888889 1.5255555555555553 1.428888888888889 1.4999999999999998 1.5733333333333335 1.5222222222222221 1.5233333333333328 1.491111111111111 1.5766666666666667 1.4977777777777779 1.892222222222222 1.518888888888889 1.5722222222222217 1.47 1.4677777777777776 1.558888888888889 1.472222222222222 1.49 1.6055555555555556 1.478888888888889 1.472222222222222 1.5522222222222222 1.5066666666666668 
1.5077777777777777 1.452222222222222 1.5411111111111113 1.5322222222222224 1.465555555555556 1.4722222222222223 1.6733333333333333 1.5422222222222222 1.485555555555556 1.5533333333333335 1.4777777777777779 1.4255555555555557 1.483333333333333 1.4966666666666668 1.5166666666666664 1.5077777777777777 1.7411111111111108 1.5933333333333333 1.13 1.5566666666666669 1.4977777777777779 1.545555555555555 1.5433333333333334 1.4188888888888893 1.5388888888888888 1.5411111111111109 1.5044444444444447 1.4644444444444444 1.5366666666666664 1.5711111111111113 1.5177777777777774 
 
870.0
1305.0
1537.9666666666667
1685.8666666666666
1757.4
1858.9
1902.4
1926.5666666666666
1976.8333333333333
2002.9333333333334
2000.0333333333333
2074.4666666666667
2091.866666666667
2128.6
2173.0666666666666
2212.7
2216.5666666666666
2243.633333333333
2309.366666666667
2321.9333333333334
2323.866666666667
2331.6
2350.9333333333334
2338.366666666667
2297.766666666667
2345.133333333333
2302.6
2289.0666666666666
2340.3
2351.9
2365.4333333333334
2388.633333333333
2349.0
2371.233333333333
2390.5666666666666
2494.0
2420.5333333333333
2442.766666666667
2480.4666666666667
2496.9
2510.4333333333334
2537.5
2468.866666666667
2463.0666666666666
2479.5
2463.0666666666666
2441.8
2420.5333333333333
2465.9666666666667
2494.9666666666667
2454.366666666667
2423.4333333333334
2421.5
2410.866666666667
2406.0333333333333
2448.5666666666666
2478.5333333333333
2558.766666666667
2542.3333333333335
2510.4333333333334
2455.3333333333335
2469.8333333333335
2497.866666666667
2507.5333333333333
2520.1
2548.133333333333
2472.733333333333
2538.4666666666667
2576.1666666666665
2584.866666666667
2536.5333333333333
2484.3333333333335
2482.4
2539.4333333333334
2565.5333333333333
2534.6
2557.8
2582.9333333333334
2620.633333333333
2688.3
2678.633333333333
2645.766666666667
2686.366666666667
2734.7
2777.233333333333
2732.766666666667
2679.6
2625.4666666666667
2657.366666666667
2696.0333333333333
2613.866666666667
2660.266666666667
2684.4333333333334
2678.633333333333
2789.8
2816.866666666667
2786.9
2814.9333333333334
2827.5
2793.6666666666665
2740.5
2746.3
2798.5
2751.133333333333
2707.633333333333
2659.3
2690.233333333333
2696.0333333333333
2701.8333333333335
2590.6666666666665
2556.8333333333335
2585.8333333333335
2465.9666666666667
2528.8
2573.266666666667
2690.233333333333
2744.366666666667
2775.3
2712.4666666666667
2715.366666666667
2692.1666666666665
2654.4666666666667
2654.4666666666667
2603.233333333333
2603.233333333333
2639.9666666666667
2598.4
2644.8
2649.633333333333
2688.3
2696.0333333333333
2642.866666666667
2644.8
2633.2
2578.1
2574.233333333333
2606.133333333333
2586.8
2628.366666666667
2601.3
2528.8
2575.2
2545.233333333333
2533.633333333333
2559.733333333333
2594.5333333333333
2600.3333333333335
2621.6
2504.633333333333
2522.0333333333333
2495.9333333333334
2577.133333333333
2577.133333333333
2509.4666666666667
2464.0333333333333
2560.7
2526.866666666667
2521.0666666666666
2565.5333333333333
2606.133333333333
2637.0666666666666
2583.9
2665.1
2632.233333333333
2675.733333333333
2603.233333333333
2602.266666666667
2645.766666666667
2631.266666666667
2675.733333333333
2691.2
2737.6
2694.1
2662.2
2670.9
2622.5666666666666
2672.8333333333335
2584.866666666667
2592.6
2561.6666666666665
2558.766666666667
2476.6
2464.0333333333333
2477.5666666666666
2527.8333333333335
2619.6666666666665
2561.6666666666665
2507.5333333333333
2536.5333333333333
2520.1
2489.1666666666665
2613.866666666667
2559.733333333333
2501.733333333333
2548.133333333333
2612.9
2615.8
2555.866666666667
2596.4666666666667
2662.2
2641.9
2630.3
2687.3333333333335
2594.5333333333333
2567.4666666666667
2555.866666666667
2590.6666666666665
2558.766666666667
2576.1666666666665
2590.6666666666665
2597.4333333333334
2570.366666666667
2553.9333333333334
2600.3333333333335
2606.133333333333
2556.8333333333335
2483.366666666667
2496.9
2608.0666666666666
2473.7
2516.233333333333
2432.133333333333
2378.0
2353.8333333333335
2413.766666666667
2455.3333333333335
2478.5333333333333
2441.8
2552.0
2591.633333333333
2590.6666666666665
2533.633333333333
2560.7
2546.2
2581.0
2600.3333333333335
2593.5666666666666
2645.766666666667
2652.5333333333333
2651.5666666666666
2559.733333333333
2678.633333333333
2649.633333333333
2642.866666666667
2660.266666666667
2628.366666666667
2630.3
2648.6666666666665
2631.266666666667
2616.766666666667
2638.0333333333333
2582.9333333333334
2648.6666666666665
2630.3
2635.133333333333
2594.5333333333333
2522.0333333333333
2617.733333333333
2615.8
2693.133333333333
2693.133333333333
2595.5
2702.8
2688.3
2689.266666666667
2734.7
2697.0
2674.766666666667
2697.9666666666667
2724.0666666666666
2761.766666666667
2752.1
2733.733333333333
2652.5333333333333
2555.866666666667
2589.7
2610.0
2639.9666666666667
2639.0
2662.2
2656.4
2549.1
2522.0333333333333
2538.4666666666667
2528.8
2551.0333333333333
2583.9
2622.5666666666666
2605.1666666666665
2580.0333333333333
2546.2
2519.133333333333
2531.7
2573.266666666667
2603.233333333333
2568.4333333333334
2597.4333333333334
2635.133333333333
2593.5666666666666
2640.9333333333334
2634.1666666666665
2623.5333333333333
2674.766666666667
2654.4666666666667
2711.5
2757.9
2743.4
2726.9666666666667
2746.3
2734.7
2739.5333333333333
2698.9333333333334
2639.0
2581.9666666666667
2619.6666666666665
2549.1
2562.633333333333
2581.0
2650.6
2703.766666666667
2792.7
2731.8
2558.766666666667
2511.4
2523.0
2572.3
2581.0
2436.0
2490.133333333333
2464.0333333333333
2443.733333333333
2465.9666666666667
2505.6
2554.9
2598.4
2602.266666666667
2591.633333333333
2609.0333333333333
2654.4666666666667
2704.733333333333
2708.6
2605.1666666666665
2638.0333333333333
2618.7
2625.4666666666667
2586.8
2506.5666666666666
2478.5333333333333
2467.9
2464.0333333333333
2480.4666666666667
2477.5666666666666
2433.1
2528.8
2525.9
2511.4
2575.2
2620.633333333333
2625.4666666666667
2565.5333333333333
2610.9666666666667
2599.366666666667
2494.0
2533.633333333333
2629.3333333333335
2697.0
2672.8333333333335
2709.5666666666666
2655.4333333333334
2711.5
2747.266666666667
2610.0
2637.0666666666666
2642.866666666667
2652.5333333333333
2664.133333333333
2625.4666666666667
2673.8
2632.233333333333
2698.9333333333334
2708.6
2617.733333333333
2499.8
2436.0
2523.0
2551.0333333333333
2623.5333333333333
2644.8
2614.8333333333335
2536.5333333333333
2577.133333333333
2582.9333333333334
2552.9666666666667
2581.9666666666667
2637.0666666666666
2648.6666666666665
2767.5666666666666
2742.4333333333334
2703.766666666667
2740.5
2739.5333333333333
2622.5666666666666
2601.3
2674.766666666667
2799.4666666666667
2726.9666666666667
2760.8
2801.4
2668.0
2697.9666666666667
2684.4333333333334
2635.133333333333
2557.8
2514.3
2567.4666666666667
2581.0
2610.9666666666667
2619.6666666666665
2597.4333333333334
2621.6
2619.6666666666665
2659.3
2659.3
2585.8333333333335
2635.133333333333
2710.5333333333333
2757.9
2723.1
2748.233333333333
2792.7
2815.9
2785.9333333333334
2828.4666666666667
2701.8333333333335
2725.0333333333333
2674.766666666667
2614.8333333333335
2610.9666666666667
2555.866666666667
2580.0333333333333
2626.4333333333334
2538.4666666666667
2563.6
2648.6666666666665
2707.633333333333
2600.3333333333335
2570.366666666667
2550.0666666666666
2497.866666666667
2515.266666666667
2555.866666666667
2543.3
2545.233333333333
2580.0333333333333
2550.0666666666666
2492.0666666666666
2518.1666666666665
2477.5666666666666
2528.8
2511.4
2523.0
2549.1
2531.7
2449.5333333333333
2465.0
2463.0666666666666
2436.0
2508.5
2591.633333333333
2622.5666666666666
2582.9333333333334
2576.1666666666665
2638.0333333333333
2682.5
2597.4333333333334
2641.9
2595.5
2686.366666666667
2626.4333333333334
2634.1666666666665
2573.266666666667
2531.7
2558.766666666667
2509.4666666666667
2529.766666666667
2534.6
2545.233333333333
2564.5666666666666
2551.0333333333333
2521.0666666666666
2523.0
2554.9
2542.3333333333335
2555.866666666667
2562.633333333333
2601.3
2581.0
2587.766666666667
2622.5666666666666
2650.6
2616.766666666667
2693.133333333333
2690.233333333333
2656.4
2697.9666666666667
2706.6666666666665
2729.866666666667
2705.7
2703.766666666667
2765.633333333333
2805.266666666667
2762.733333333333
2694.1
2714.4
2716.3333333333335
2700.866666666667
2663.1666666666665
2703.766666666667
2798.5
2793.6666666666665
2696.0333333333333
2707.633333333333
2740.5
2700.866666666667
2690.233333333333
2696.0333333333333
2663.1666666666665
2596.4666666666667
2634.1666666666665
2590.6666666666665
2600.3333333333335
2683.4666666666667
2673.8
2706.6666666666665
2670.9
2658.3333333333335
2661.233333333333
2626.4333333333334
2468.866666666667
2445.6666666666665
2474.6666666666665
2520.1
2611.9333333333334
2617.733333333333
2660.266666666667
2669.9333333333334
2691.2
2754.0333333333333
2767.5666666666666
2742.4333333333334
2716.3333333333335
2646.733333333333
2546.2
2563.6
2530.733333333333
2553.9333333333334
2555.866666666667
2533.633333333333
2573.266666666667
2586.8
2620.633333333333
2696.0333333333333
2782.0666666666666
2762.733333333333
2737.6
2736.633333333333
2685.4
2672.8333333333335
2698.9333333333334
2714.4
2735.6666666666665
2710.5333333333333
2721.1666666666665
2667.0333333333333
2678.633333333333
2639.9666666666667
2727.9333333333334
2710.5333333333333
2697.9666666666667
2666.0666666666666
2637.0666666666666
2673.8
2735.6666666666665
2709.5666666666666
2704.733333333333
2631.266666666667
2628.366666666667
2585.8333333333335
2554.9
2612.9
2671.866666666667
2730.8333333333335
2714.4
2693.133333333333
2609.0333333333333
2630.3
2607.1
2670.9
2695.0666666666666
2661.233333333333
