15782.6 32986.53333333333 16480.866666666665
11856.7 30574.033333333333 22819.266666666666
10064.3 27418.566666666666 27767.133333333335
10484.166666666666 25620.2 29145.633333333335
12035.633333333333 23023.7 30190.666666666668
14663.533333333333 19959.266666666666 30627.2
16856.566666666666 18790.133333333335 29603.3
19924.9 16488.4 28836.7
22920.966666666667 15742.8 26586.233333333334
24344.9 15869.966666666667 25035.133333333335
24434.166666666668 16512.9 24302.933333333334
25706.0 15634.833333333334 23909.166666666668
25663.533333333333 16635.733333333334 22950.733333333334
27297.433333333334 15236.233333333334 22716.333333333332
28232.0 15440.9 21577.1
30309.5 14865.066666666668 20075.433333333334
30776.033333333333 15102.133333333333 19371.833333333332
32039.933333333334 14595.966666666667 18614.1
32689.366666666665 14598.1 17962.533333333333
34308.933333333334 15387.7 15553.366666666667
34941.26666666667 15791.266666666666 14517.466666666667
34363.4 16992.233333333334 13894.366666666667
34789.23333333333 17120.666666666668 13340.1
35470.333333333336 16750.366666666665 13029.3
36149.73333333333 16602.333333333332 12497.933333333332
36047.26666666667 16315.866666666667 12886.866666666667
36293.933333333334 16594.833333333332 12361.233333333334
36891.6 16646.966666666667 11711.433333333332
35375.6 17248.8 12625.6
36767.433333333334 15853.266666666666 12629.3
36637.63333333333 15666.266666666666 12946.1
36262.8 16508.466666666667 12478.733333333334
37758.433333333334 15435.233333333334 12056.333333333334
38059.5 15234.533333333333 11955.966666666667
36963.933333333334 15515.1 12770.966666666667
35967.13333333333 15604.233333333334 13678.633333333333
35792.63333333333 15633.966666666667 13823.4
35084.666666666664 16269.433333333332 13895.9
35557.066666666666 16044.1 13648.833333333334
35322.933333333334 16572.433333333334 13354.633333333333
36910.6 15850.766666666666 12488.633333333333
37621.36666666667 15258.666666666666 12369.966666666667
38778.63333333333 15002.333333333334 11469.033333333333
39163.76666666667 14920.666666666666 11165.566666666668
38975.63333333333 14296.7 11977.666666666666
38002.46666666667 14902.466666666667 12345.066666666668
35901.9 16717.7 12630.4
37759.63333333333 15798.7 11691.666666666666
36962.13333333333 16428.666666666668 11859.2
37760.26666666667 16078.6 11411.133333333333
37098.9 17499.0 10652.1
36828.13333333333 18206.9 10214.966666666667
37989.1 17745.333333333332 9515.566666666668
38670.666666666664 16719.266666666666 9860.066666666668
38376.0 15896.6 10977.4
39421.53333333333 15614.133333333333 10214.333333333334
39146.933333333334 15897.733333333334 10205.333333333334
41241.833333333336 14641.333333333334 9366.833333333334
39879.73333333333 15253.3 10116.966666666667
40527.166666666664 14975.033333333333 9747.8
41170.933333333334 14724.7 9354.366666666667
41634.3 14486.566666666668 9129.133333333333
40340.53333333333 15344.266666666666 9565.2
41414.7 14753.933333333332 9081.366666666667
41078.1 14745.666666666666 9426.233333333334
40766.13333333333 14932.566666666668 9551.3
40496.566666666666 14705.9 10047.533333333333
39570.933333333334 15104.9 10574.166666666666
38422.6 15194.033333333333 11633.366666666667
39295.4 14841.333333333334 11113.266666666666
39533.833333333336 14577.133333333333 11139.033333333333
39319.63333333333 14323.733333333334 11606.633333333333
40214.7 13498.366666666667 11536.933333333332
40031.9 13560.233333333334 11657.866666666667
39417.2 14020.466666666667 11812.333333333334
40241.7 13686.366666666667 11321.933333333332
40962.8 13327.933333333332 10959.266666666666
41644.13333333333 12944.066666666668 10661.8
40786.9 13707.333333333334 10755.766666666666
39795.36666666667 14474.333333333334 10980.3
40873.4 13004.066666666668 11372.533333333333
39933.666666666664 13606.9 11709.433333333332
40635.5 13120.5 11494.0
39024.5 14160.233333333334 12065.266666666666
40159.7 13375.533333333333 11714.766666666666
40345.3 13218.633333333333 11686.066666666668
39047.066666666666 13938.233333333334 12264.7
39044.46666666667 14539.933333333332 11665.6
39569.73333333333 13817.933333333332 11862.333333333334
38912.73333333333 14149.9 12187.366666666667
38566.1 14427.4 12256.5
40027.26666666667 13450.166666666666 11772.566666666668
40175.76666666667 13023.2 12051.033333333333
39414.4 13111.066666666668 12724.533333333333
39189.03333333333 13275.633333333333 12785.333333333334
39743.03333333333 12952.533333333333 12554.433333333332
40995.5 12086.166666666666 12168.333333333334
39295.1 13615.066666666668 12339.833333333334
39083.76666666667 13269.7 12896.533333333333
39472.2 13270.666666666666 12507.133333333333
38854.86666666667 13523.933333333332 12871.2
39119.26666666667 13201.133333333333 12929.6
38684.7 13090.533333333333 13474.766666666666
37606.7 13661.3 13982.0
38214.9 13543.966666666667 13491.133333333333
36935.73333333333 14297.7 14016.566666666668
36372.8 14150.133333333333 14727.066666666668
36740.53333333333 14605.066666666668 13904.4
37034.76666666667 14051.233333333334 14164.0
37541.46666666667 14444.766666666666 13263.766666666666
37459.333333333336 13958.3 13832.366666666667
37600.96666666667 14022.3 13626.733333333334
38080.933333333334 13523.5 13645.566666666668
38082.46666666667 13504.566666666668 13662.966666666667
39112.36666666667 13085.733333333334 13051.9
37543.26666666667 13916.966666666667 13789.766666666666
37929.566666666666 14012.666666666666 13307.766666666666
38667.96666666667 13700.866666666667 12881.166666666666
39374.666666666664 13096.233333333334 12779.1
39133.3 13979.733333333334 12136.966666666667
39519.73333333333 14035.9 11694.366666666667
41114.73333333333 13264.1 10871.166666666666
40355.166666666664 13732.9 11161.933333333332
41248.4 12784.766666666666 11216.833333333334
41424.4 12781.4 11044.2
41114.4 13196.766666666666 10938.833333333334
41400.53333333333 12815.966666666667 11033.5
42390.36666666667 12666.166666666666 10193.466666666667
41780.5 12939.466666666667 10530.033333333333
42053.36666666667 12865.5 10331.133333333333
41613.03333333333 13360.533333333333 10276.433333333332
40581.86666666667 13192.8 11475.333333333334
41677.23333333333 12771.2 10801.566666666668
41768.4 13021.8 10459.8
41787.6 12880.066666666668 10582.333333333334
41632.46666666667 13016.333333333334 10601.2
41795.23333333333 12872.633333333333 10582.133333333333
40265.26666666667 13184.866666666667 11799.866666666667
40633.86666666667 13343.6 11272.533333333333
40961.73333333333 13080.733333333334 11207.533333333333
41647.8 12437.366666666667 11164.833333333334
39763.76666666667 14143.266666666666 11342.966666666667
41148.53333333333 12871.633333333333 11229.833333333334
40608.26666666667 13290.666666666666 11351.066666666668
40040.4 13311.5 11898.1
40486.666666666664 13410.233333333334 11353.1
40013.6 13873.766666666666 11362.633333333333
41089.13333333333 12959.666666666666 11201.2
40377.63333333333 13645.466666666667 11226.9
41162.066666666666 13331.133333333333 10756.8
39332.933333333334 13967.633333333333 11949.433333333332
40362.0 14490.333333333334 10397.666666666666
39800.433333333334 14073.6 11375.966666666667
39041.96666666667 14738.466666666667 11469.566666666668
40163.6 13760.5 11325.9
39431.8 13960.433333333332 11857.766666666666
40525.2 12898.4 11826.4
39093.666666666664 13381.5 12774.833333333334
40008.46666666667 13620.9 11620.633333333333
40322.166666666664 13990.0 10937.833333333334
40502.6 13785.433333333332 10961.966666666667
40532.96666666667 14028.5 10688.533333333333
38440.46666666667 14765.266666666666 12044.266666666666
38823.566666666666 14111.633333333333 12314.8
38674.76666666667 14624.466666666667 11950.766666666666
39067.86666666667 13228.533333333333 12953.6
39070.0 13570.233333333334 12609.766666666666
38124.3 13856.833333333334 13268.866666666667
38731.3 13809.0 12709.7
39456.03333333333 13969.566666666668 11824.4
38986.26666666667 14074.466666666667 12189.266666666666
39102.333333333336 13796.166666666666 12351.5
39370.166666666664 14355.0 11524.833333333334
37595.7 15203.7 12450.6
38572.46666666667 15085.233333333334 11592.3
37911.53333333333 15177.966666666667 12160.5
37658.86666666667 15074.1 12517.033333333333
38886.3 13955.166666666666 12408.533333333333
38414.96666666667 14798.933333333332 12036.1
39520.13333333333 13829.3 11900.566666666668
39187.933333333334 13743.966666666667 12318.1
38851.666666666664 14141.633333333333 12256.7
36955.166666666664 15122.566666666668 13172.266666666666
36943.53333333333 15052.433333333332 13254.033333333333
39035.73333333333 13521.133333333333 12693.133333333333
38464.066666666666 14444.8 12341.133333333333
39413.5 12965.833333333334 12870.666666666666
38166.3 13669.966666666667 13413.733333333334
38145.066666666666 13980.966666666667 13123.966666666667
37587.333333333336 13934.333333333334 13728.333333333334
38100.13333333333 13314.866666666667 13835.0
37733.13333333333 12958.1 14558.766666666666
38666.0 12775.6 13808.4
37565.2 13411.1 14273.7
37242.166666666664 13976.133333333333 14031.7
37515.566666666666 14422.9 13311.533333333333
38490.4 13268.666666666666 13490.933333333332
37543.26666666667 13271.3 14435.433333333332
39525.03333333333 12629.6 13095.366666666667
38394.666666666664 13398.866666666667 13456.466666666667
39151.8 13176.533333333333 12921.666666666666
38006.9 13469.433333333332 13773.666666666666
38948.8 13082.433333333332 13218.766666666666
37900.933333333334 13519.066666666668 13830.0
38032.1 13872.566666666668 13345.333333333334
37327.066666666666 14237.933333333332 13685.0
37632.8 13695.433333333332 13921.766666666666
37820.9 14155.366666666667 13273.733333333334
39097.833333333336 13123.466666666667 13028.7
38192.63333333333 13580.666666666666 13476.7
39496.26666666667 13127.4 12626.333333333334
38729.3 13412.5 13108.2
38991.76666666667 13032.433333333332 13225.8
38658.333333333336 13544.366666666667 13047.3
38451.666666666664 14494.4 12303.933333333332
38578.433333333334 14498.8 12172.766666666666
38225.46666666667 14841.3 12183.233333333334
39992.63333333333 13899.333333333334 11358.033333333333
41723.566666666666 12676.833333333334 10849.6
40443.8 13210.533333333333 11595.666666666666
39296.36666666667 13611.466666666667 12342.166666666666
40411.96666666667 12963.966666666667 11874.066666666668
40033.76666666667 13261.9 11954.333333333334
41394.8 12982.466666666667 10872.733333333334
40032.9 13836.033333333333 11381.066666666668
41014.833333333336 12915.5 11319.666666666666
39487.36666666667 13449.566666666668 12313.066666666668
40010.4 13368.566666666668 11871.033333333333
39787.7 13624.933333333332 11837.366666666667
39088.666666666664 14096.966666666667 12064.366666666667
40137.666666666664 13222.333333333334 11890.0
40182.76666666667 13359.366666666667 11707.866666666667
40130.3 13313.4 11806.3
40863.5 12753.766666666666 11632.733333333334
38993.53333333333 14154.3 12102.166666666666
40295.96666666667 13319.266666666666 11634.766666666666
40856.166666666664 12363.833333333334 12030.0
40146.5 13587.0 11516.5
40002.46666666667 13612.8 11634.733333333334
40463.933333333334 13328.2 11457.866666666667
39341.433333333334 13630.733333333334 12277.833333333334
40709.23333333333 12674.366666666667 11866.4
40749.2 13120.533333333333 11380.266666666666
38817.6 14402.933333333332 12029.466666666667
39342.666666666664 13895.033333333333 12012.3
39134.066666666666 14249.4 11866.533333333333
39482.53333333333 13841.533333333333 11925.933333333332
39438.96666666667 14332.266666666666 11478.766666666666
37884.6 15049.233333333334 12316.166666666666
38827.2 14581.2 11841.6
38524.3 15331.333333333334 11394.366666666667
38639.86666666667 14381.166666666666 12228.966666666667
40278.9 14045.833333333334 10925.266666666666
40718.566666666666 13649.966666666667 10881.466666666667
39500.03333333333 13883.433333333332 11866.533333333333
40542.7 13269.733333333334 11437.566666666668
40000.36666666667 13356.4 11893.233333333334
41435.73333333333 13115.533333333333 10698.733333333334
41374.86666666667 12873.133333333333 11002.0
39198.63333333333 13749.3 12302.066666666668
40933.76666666667 12678.9 11637.333333333334
39276.933333333334 13518.2 12454.866666666667
40236.46666666667 13061.066666666668 11952.466666666667
41499.13333333333 12449.666666666666 11301.2
39526.7 13791.566666666668 11931.733333333334
40010.566666666666 13616.633333333333 11622.8
41470.2 12439.733333333334 11340.066666666668
40436.2 13357.833333333334 11455.966666666667
40307.53333333333 12993.533333333333 11948.933333333332
40361.166666666664 12849.8 12039.033333333333
39398.26666666667 13869.1 11982.633333333333
38387.13333333333 14273.733333333334 12589.133333333333
38230.13333333333 14450.933333333332 12568.933333333332
39000.46666666667 13833.033333333333 12416.5
40311.1 12865.933333333332 12072.966666666667
39200.566666666666 13589.5 12459.933333333332
40142.26666666667 12924.6 12183.133333333333
40211.3 12879.233333333334 12159.466666666667
40927.8 12806.066666666668 11516.133333333333
39850.7 13248.3 12151.0
39313.8 13726.866666666667 12209.333333333334
40852.13333333333 12426.5 11971.366666666667
40044.03333333333 12648.033333333333 12557.933333333332
39814.4 13145.166666666666 12290.433333333332
39812.833333333336 13396.133333333333 12041.033333333333
39988.53333333333 13369.766666666666 11891.7
40593.23333333333 13061.766666666666 11595.0
40826.3 12925.366666666667 11498.333333333334
40700.5 12956.733333333334 11592.766666666666
38660.2 14295.366666666667 12294.433333333332
37888.76666666667 15106.033333333333 12255.2
38241.46666666667 15057.033333333333 11951.5
40615.26666666667 13224.8 11409.933333333332
39593.76666666667 13533.066666666668 12123.166666666666
40341.7 13173.766666666666 11734.533333333333
40055.066666666666 13498.966666666667 11695.966666666667
40697.86666666667 13261.766666666666 11290.366666666667
41029.566666666666 12777.8 11442.633333333333
40063.166666666664 13214.933333333332 11971.9
40208.73333333333 13312.033333333333 11729.233333333334
40147.76666666667 13780.066666666668 11322.166666666666
40959.5 12807.333333333334 11483.166666666666
39987.86666666667 13578.533333333333 11683.6
38783.23333333333 14588.833333333334 11877.933333333332
39198.96666666667 13860.166666666666 12190.866666666667
39238.9 14151.366666666667 11859.733333333334
40129.76666666667 12960.466666666667 12159.766666666666
40023.666666666664 13099.766666666666 12126.566666666668
40206.13333333333 13292.733333333334 11751.133333333333
40084.4 12812.2 12353.4
39862.1 13393.666666666666 11994.233333333334
40753.96666666667 12789.2 11706.833333333334
39469.566666666666 13466.933333333332 12313.5
39246.166666666664 14192.133333333333 11811.7
39831.0 13418.833333333334 12000.166666666666
40469.066666666666 13309.7 11471.233333333334
40158.433333333334 13814.333333333334 11277.233333333334
41190.9 12726.733333333334 11332.366666666667
41611.3 12377.166666666666 11261.533333333333
41159.0 12858.733333333334 11232.266666666666
40942.76666666667 13169.1 11138.133333333333
41116.1 13540.366666666667 10593.533333333333
40764.96666666667 13468.5 11016.533333333333
40682.0 13447.3 11120.7
41882.833333333336 12334.4 11032.766666666666
40630.933333333334 13645.133333333333 10973.933333333332
40845.3 13283.366666666667 11121.333333333334
42031.933333333334 12728.4 10489.666666666666
41724.26666666667 12796.066666666668 10729.666666666666
40859.5 13007.566666666668 11382.933333333332
39226.36666666667 14564.133333333333 11459.5
40767.7 13102.666666666666 11379.633333333333
41607.26666666667 12866.466666666667 10776.266666666666
41298.96666666667 13158.9 10792.133333333333
41011.933333333334 12898.166666666666 11339.9
41068.4 13130.066666666668 11051.533333333333
40680.8 13144.733333333334 11424.466666666667
40418.1 13508.633333333333 11323.266666666666
40372.333333333336 13380.1 11497.566666666668
41893.433333333334 13006.166666666666 10350.4
40340.666666666664 13655.266666666666 11254.066666666668
40858.833333333336 13405.033333333333 10986.133333333333
40582.7 13485.566666666668 11181.733333333334
39915.333333333336 14046.0 11288.666666666666
40491.433333333334 13524.333333333334 11234.233333333334
40808.73333333333 13453.466666666667 10987.8
41179.166666666664 13366.533333333333 10704.3
40094.433333333334 13923.733333333334 11231.833333333334
41436.6 13400.3 10413.1
39836.26666666667 14079.433333333332 11334.3
39641.1 14090.066666666668 11518.833333333334
37821.9 14654.7 12773.4
38209.0 14274.366666666667 12766.633333333333
40632.933333333334 12765.533333333333 11851.533333333333
38509.76666666667 13721.633333333333 13018.6
38742.933333333334 13550.966666666667 12956.1
38715.76666666667 13165.8 13368.433333333332
38298.26666666667 13344.6 13607.133333333333
38165.2 13101.966666666667 13982.833333333334
38126.8 13303.133333333333 13820.066666666668
38584.566666666666 13075.4 13590.033333333333
38709.166666666664 12604.266666666666 13936.566666666668
37813.9 13362.533333333333 14073.566666666668
38534.7 13201.633333333333 13513.666666666666
38189.4 12958.666666666666 14101.933333333332
38219.5 13601.233333333334 13429.266666666666
38279.4 13807.966666666667 13162.633333333333
38593.6 13546.833333333334 13109.566666666668
38209.86666666667 14364.166666666666 12675.966666666667
40712.1 12524.0 12013.9
40220.4 13571.5 11458.1
39682.8 14050.3 11516.9
38064.2 14725.1 12460.7
39094.166666666664 13826.5 12329.333333333334
39176.76666666667 14059.1 12014.133333333333
39572.03333333333 13793.933333333332 11884.033333333333
40552.96666666667 12649.333333333334 12047.7
40976.13333333333 12642.933333333332 11630.933333333332
40602.86666666667 13200.766666666666 11446.366666666667
40205.166666666664 13303.666666666666 11741.166666666666
39719.833333333336 13848.766666666666 11681.4
41355.36666666667 12000.466666666667 11894.166666666666
41099.2 12717.333333333334 11433.466666666667
41722.666666666664 12543.9 10983.433333333332
41278.8 12558.0 11413.2
40176.666666666664 13320.433333333332 11752.9
40791.2 13089.0 11369.8
38878.5 14090.166666666666 12281.333333333334
41059.166666666664 13199.866666666667 10990.966666666667
41170.4 13143.9 10935.7
40530.8 13302.466666666667 11416.733333333334
40429.0 13709.866666666667 11111.133333333333
40433.53333333333 13655.0 11161.466666666667
40068.63333333333 13713.5 11467.866666666667
41006.1 13316.9 10927.0
40065.53333333333 13417.833333333334 11766.633333333333
40403.433333333334 13345.933333333332 11500.633333333333
41146.13333333333 12493.833333333334 11610.033333333333
41076.1 12264.3 11909.6
39868.0 13295.6 12086.4
39443.2 13413.133333333333 12393.666666666666
39760.86666666667 13255.133333333333 12234.0
38418.6 14185.533333333333 12645.866666666667
38102.6 13702.366666666667 13445.033333333333
37677.03333333333 13692.233333333334 13880.733333333334
38791.333333333336 13353.433333333332 13105.233333333334
38714.166666666664 13374.366666666667 13161.466666666667
40491.46666666667 11856.633333333333 12901.9
39770.666666666664 13049.2 12430.133333333333
40030.9 13173.9 12045.2
39905.26666666667 13225.466666666667 12119.266666666666
41063.0 12201.266666666666 11985.733333333334
40136.0 13298.566666666668 11815.433333333332
40314.36666666667 12812.2 12123.433333333332
40208.6 12919.8 12121.6
40325.066666666666 13484.433333333332 11440.5
40698.86666666667 12946.166666666666 11604.966666666667
41153.166666666664 13459.7 10637.133333333333
40819.166666666664 13513.933333333332 10916.9
40353.566666666666 13430.5 11465.933333333332
41881.4 12529.7 10838.9
41798.23333333333 12488.7 10963.066666666668
41356.73333333333 13178.133333333333 10715.133333333333
40341.166666666664 13332.266666666666 11576.566666666668
39406.03333333333 13999.866666666667 11844.1
40919.23333333333 12671.866666666667 11658.9
40550.666666666664 13480.3 11219.033333333333
40765.76666666667 13073.866666666667 11410.366666666667
40371.36666666667 13250.033333333333 11628.6
41235.5 12793.7 11220.8
40309.6 13679.233333333334 11261.166666666666
39058.96666666667 14148.466666666667 12042.566666666668
39978.1 13654.333333333334 11617.566666666668
39918.666666666664 13769.5 11561.833333333334
40027.2 13961.566666666668 11261.233333333334
40525.333333333336 13697.033333333333 11027.633333333333
40085.76666666667 14338.333333333334 10825.9
39805.0 13884.4 11560.6
41503.2 13096.566666666668 10650.233333333334
40420.53333333333 13626.766666666666 11202.7
41597.433333333334 12818.333333333334 10834.233333333334
40637.566666666666 13164.1 11448.333333333334
39358.2 13937.6 11954.2
41070.933333333334 12642.9 11536.166666666666
41605.23333333333 12589.866666666667 11054.9
41303.46666666667 12683.8 11262.733333333334
40686.36666666667 12997.8 11565.833333333334
41893.23333333333 12313.633333333333 11043.133333333333
41540.066666666666 12640.766666666666 11069.166666666666
41942.9 13126.4 10180.7
41948.1 12296.266666666666 11005.633333333333
41835.86666666667 12704.966666666667 10709.166666666666
41076.833333333336 13043.866666666667 11129.3
41157.2 13109.333333333334 10983.466666666667
40420.066666666666 13767.633333333333 11062.3
42009.666666666664 12530.266666666666 10710.066666666668
42848.73333333333 12287.3 10113.966666666667
42252.96666666667 12229.4 10767.633333333333
41879.86666666667 12916.6 10453.533333333333
42017.5 12468.633333333333 10763.866666666667
42309.23333333333 12123.933333333332 10816.833333333334
41636.23333333333 12854.9 10758.866666666667
41614.36666666667 12969.5 10666.133333333333
41724.46666666667 12391.1 11134.433333333332
41342.433333333334 13142.266666666666 10765.3
41996.933333333334 13073.033333333333 10180.033333333333
41313.13333333333 13260.4 10676.466666666667
41726.933333333334 12610.3 10912.766666666666
40682.86666666667 13411.766666666666 11155.366666666667
41596.0 13169.233333333334 10484.766666666666
41857.433333333334 13352.6 10039.966666666667
42091.2 13030.266666666666 10128.533333333333
40873.666666666664 13192.933333333332 11183.4
43047.46666666667 12085.066666666668 10117.466666666667
42392.23333333333 12743.866666666667 10113.9
41394.4 13398.2 10457.4
41479.13333333333 13032.166666666666 10738.7
41546.96666666667 13101.633333333333 10601.4
40997.7 13565.1 10687.2
40185.6 13997.766666666666 11066.633333333333
42103.8 13138.233333333334 10007.966666666667
41467.53333333333 13189.1 10593.366666666667
41198.63333333333 13370.5 10680.866666666667
41751.03333333333 13309.566666666668 10189.4
41093.933333333334 13551.033333333333 10605.033333333333
41892.03333333333 13385.1 9972.866666666667
41726.63333333333 13186.2 10337.166666666666
40875.6 13313.2 11061.2
40487.2 13958.966666666667 10803.833333333334
40888.8 14083.033333333333 10278.166666666666
39833.53333333333 13886.833333333334 11529.633333333333
40244.8 13830.433333333332 11174.766666666666
40018.566666666666 13904.566666666668 11326.866666666667
41222.433333333334 13059.0 10968.566666666668
39787.36666666667 13963.566666666668 11499.066666666668
39266.86666666667 13321.166666666666 12661.966666666667
40741.5 13344.3 11164.2
41751.666666666664 12709.166666666666 10789.166666666666
38634.73333333333 14546.266666666666 12069.0
40211.7 13658.433333333332 11379.866666666667
39920.46666666667 14069.266666666666 11260.266666666666
40682.933333333334 13255.4 11311.666666666666
40589.26666666667 13216.366666666667 11444.366666666667
41259.2 13287.466666666667 10703.333333333334
40969.23333333333 13273.266666666666 11007.5
41001.36666666667 13030.033333333333 11218.6
40093.63333333333 13870.833333333334 11285.533333333333
39716.933333333334 13763.6 11769.466666666667
39698.13333333333 14133.466666666667 11418.4
40420.73333333333 13708.433333333332 11120.833333333334
39328.36666666667 13843.466666666667 12078.166666666666
40979.9 13391.933333333332 10878.166666666666
40366.8 13254.666666666666 11628.533333333333
39127.76666666667 13927.633333333333 12194.6
40277.86666666667 13435.366666666667 11536.766666666666
38158.1 14570.166666666666 12521.733333333334
39619.26666666667 13639.933333333332 11990.8
39358.4 13893.433333333332 11998.166666666666
40208.1 13632.4 11409.5
38348.86666666667 13978.366666666667 12922.766666666666
38906.9 14323.066666666668 12020.033333333333
40344.833333333336 13589.4 11315.766666666666
38181.566666666666 14690.266666666666 12378.166666666666
38771.96666666667 14244.533333333333 12233.5
38865.333333333336 13859.166666666666 12525.5
38987.23333333333 13405.7 12857.066666666668
38844.066666666666 13563.8 12842.133333333333
39933.8 13205.633333333333 12110.566666666668
39819.7 13322.366666666667 12107.933333333332
38849.6 13598.533333333333 12801.866666666667
38596.4 14080.933333333332 12572.666666666666
37686.4 14473.733333333334 13089.866666666667
37932.433333333334 13532.233333333334 13785.333333333334
37991.96666666667 14402.366666666667 12855.666666666666
38009.26666666667 14407.233333333334 12833.5
38855.73333333333 13822.633333333333 12571.633333333333
39772.46666666667 13145.033333333333 12332.5
38665.6 13226.266666666666 13358.133333333333
40239.76666666667 12676.066666666668 12334.166666666666
39780.833333333336 13066.466666666667 12402.7
38576.13333333333 13902.266666666666 12771.6
38519.0 13628.066666666668 13102.933333333332
38901.86666666667 13872.7 12475.433333333332
39508.63333333333 13202.1 12539.266666666666
38532.26666666667 13941.0 12776.733333333334
38819.36666666667 13990.366666666667 12440.266666666666
38016.066666666666 14007.6 13226.333333333334
38609.433333333334 13529.7 13110.866666666667
38081.7 13770.5 13397.8
38437.666666666664 13355.333333333334 13457.0
37661.333333333336 13880.066666666668 13708.6
38478.4 13696.966666666667 13074.633333333333
39954.23333333333 12509.1 12786.666666666666
39565.933333333334 13055.866666666667 12628.2
39713.333333333336 13153.3 12383.366666666667
39781.1 13006.666666666666 12462.233333333334
42002.86666666667 11727.266666666666 11519.866666666667
38820.13333333333 13450.733333333334 12979.133333333333
40351.96666666667 12520.966666666667 12377.066666666668
40354.3 12679.366666666667 12216.333333333334
40756.63333333333 12264.033333333333 12229.333333333334
40215.63333333333 12576.466666666667 12457.9
39205.833333333336 13322.6 12721.566666666668
37827.53333333333 14133.566666666668 13288.9
38111.1 13931.466666666667 13207.433333333332
38678.36666666667 13076.933333333332 13494.7
38274.3 13303.266666666666 13672.433333333332
38234.3 13354.833333333334 13660.866666666667
38635.8 13037.5 13576.7
38424.666666666664 13545.1 13280.233333333334
38337.833333333336 13970.633333333333 12941.533333333333
37658.46666666667 14308.2 13283.333333333334
39828.63333333333 13229.4 12191.966666666667
38774.23333333333 13481.033333333333 12994.733333333334
38539.53333333333 13640.366666666667 13070.1
39144.4 13624.066666666668 12481.533333333333
38892.333333333336 13350.633333333333 13007.033333333333
38862.066666666666 13579.9 12808.033333333333
38575.1 13660.1 13014.8
38827.13333333333 13591.366666666667 12831.5
38651.13333333333 13418.933333333332 13179.933333333332
40283.333333333336 12788.366666666667 12178.3
39350.9 13182.3 12716.8
38481.433333333334 13705.366666666667 13063.2
38785.4 13374.566666666668 13090.033333333333
37755.066666666666 14265.133333333333 13229.8
38275.1 13598.9 13376.0
38275.433333333334 13677.666666666666 13296.9
36952.433333333334 14652.766666666666 13644.8
37242.1 14261.533333333333 13746.366666666667
36072.86666666667 14817.733333333334 14359.4
37788.36666666667 14080.966666666667 13380.666666666666
37127.46666666667 14430.066666666668 13692.466666666667
36475.333333333336 14672.166666666666 14102.5
35885.23333333333 14634.0 14730.766666666666
35948.26666666667 14025.2 15276.533333333333
37420.36666666667 13352.166666666666 14477.466666666667
35981.5 14556.9 14711.6
35184.833333333336 14455.533333333333 15609.633333333333
37014.0 13005.8 15230.2
 
214.0
0.8
9.033333333333333
82.13333333333334
232.96039861293013
0.0
0.0
 
8036.4 13489.533333333333 10804.733333333334 435.5233566896524 
7234.966666666666 11654.133333333333 9778.3 622.2179390427975 
7014.366666666667 10543.0 9104.266666666666 913.8121090002888 
6871.3 10513.866666666667 9008.5 1377.289828854721 
6481.966666666666 10590.766666666666 9059.1 1981.0782689400908 
6750.633333333333 10681.233333333334 9278.166666666666 2704.549205936792 
7027.533333333334 11093.566666666668 9599.866666666667 2962.4931284683553 
7194.8 11282.566666666668 9983.4 3580.376179956514 
7705.333333333333 11606.6 10507.966666666667 3845.689714559232 
8072.5 12051.533333333333 10805.6 3966.8516735987664 
8376.133333333333 11974.733333333334 10887.7 3857.4187441431172 
8588.566666666668 12096.233333333334 11054.233333333334 3933.095200121937 
8560.366666666667 12185.7 11145.866666666667 3790.3468710806815 
8850.8 12324.2 11332.733333333334 3808.4485910640537 
8644.233333333334 12569.633333333333 11539.966666666667 3819.9974768025413 
9424.766666666666 12919.0 11897.933333333332 3886.4220000749615 
9525.166666666666 12967.0 12015.0 3931.6115835621404 
9498.166666666666 13195.533333333333 12217.033333333333 3818.100486876804 
10030.266666666666 13316.366666666667 12347.233333333334 3724.575367907357 
10006.866666666667 13696.6 12750.2 3476.5569556195487 
10148.166666666666 13762.3 12917.0 3411.3610150984214 
10237.766666666666 13824.166666666666 12921.4 3323.1196236368023 
10005.0 13968.9 13019.433333333332 3052.783772813849 
10321.766666666666 14078.266666666666 13118.666666666666 2931.5169752763386 
10557.1 14142.5 13239.666666666666 2936.4191888155956 
10301.9 14119.1 13190.633333333333 3001.311014058875 
10162.266666666666 14242.9 13267.933333333332 2792.0581215496054 
10394.633333333333 14296.933333333332 13392.633333333333 2830.381974045199 
10663.766666666666 14072.966666666667 13149.466666666667 2903.449118280608 
10362.0 14233.8 13288.333333333334 2938.34854857093 
10433.333333333334 14127.0 13243.633333333333 2968.6239304132514 
10155.033333333333 14142.4 13252.9 2866.0208497729627 
10779.5 14326.566666666668 13444.666666666666 3006.2754968195745 
10494.266666666666 14320.466666666667 13484.866666666667 2928.816805355592 
10131.866666666667 14173.9 13293.833333333334 3102.9595888978856 
10261.1 14034.6 13103.4 3213.4958278589174 
9728.5 14015.466666666667 13071.566666666668 3224.914169038715 
9827.433333333332 13957.066666666668 12993.4 3191.719388302591 
10314.433333333332 13988.6 13065.366666666667 3130.423420295301 
10344.9 14013.966666666667 13071.4 2815.7315417134496 
9644.1 14290.033333333333 13316.7 2681.721663347385 
10388.933333333332 14309.7 13399.733333333334 2743.2619535468675 
10420.766666666666 14540.566666666668 13605.533333333333 2788.3652956127858 
10291.033333333333 14522.033333333333 13674.4 2641.1065154590037 
10019.466666666667 14426.7 13574.266666666666 2761.249938805894 
10690.333333333334 14236.433333333332 13440.3 2727.321681308117 
9631.266666666666 14041.266666666666 13201.666666666666 2658.666648549816 
10225.466666666667 14365.566666666668 13481.3 2587.1290637177985 
9645.666666666666 14313.033333333333 13384.8 2470.7960625407077 
10432.633333333333 14335.233333333334 13509.466666666667 2357.7816605162293 
10031.2 14443.933333333332 13519.233333333334 2008.1272860830088 
9854.233333333334 14455.8 13535.833333333334 1854.8647518529933 
10308.233333333334 14711.1 13721.866666666667 1691.8838616563885 
9721.633333333333 14791.3 13755.666666666666 1816.9020262829558 
10380.033333333333 14564.8 13614.433333333332 1969.084398676479 
9933.433333333332 14732.3 13795.2 1629.2724259619688 
10430.2 14716.833333333334 13768.733333333334 1455.4704940709419 
10219.8 14930.6 14062.066666666668 1461.2813855578186 
10145.5 14872.466666666667 13850.833333333334 1517.920525477756 
10334.033333333333 14886.833333333334 13952.466666666667 1498.3428207708528 
10543.2 14970.966666666667 14056.133333333333 1493.6682622545966 
10119.666666666666 15041.366666666667 14125.066666666668 1555.7585814929284 
10117.633333333333 14861.433333333332 13952.033333333333 1452.0730250997096 
10061.833333333334 15024.566666666668 14107.866666666667 1410.877978659624 
10078.066666666668 14964.466666666667 14039.8 1386.8168377018408 
9553.433333333332 14972.7 13996.066666666668 1291.2901572974736 
9776.466666666667 14949.233333333334 13919.366666666667 1499.237218610406 
9449.533333333333 14769.333333333334 13774.2 1548.0690259158343 
9529.033333333333 14544.233333333334 13553.5 1701.6729876800655 
9022.266666666666 14698.233333333334 13692.7 1760.2117018510396 
9420.966666666667 14710.766666666666 13714.066666666668 1831.9716452803277 
9398.766666666666 14661.066666666668 13645.9 1846.1112971143787 
9338.233333333334 14769.233333333334 13742.366666666667 2045.5021588570587 
9778.933333333332 14650.066666666668 13711.933333333332 2037.7485768748693 
9187.3 14537.566666666668 13635.0 1947.16508973088 
9357.6 14686.966666666667 13766.466666666667 1839.0820329416765 
9126.933333333332 14874.966666666667 13874.933333333332 1817.5756105929188 
9923.566666666668 14894.833333333334 13972.733333333334 1411.8153751661569 
9076.9 14861.2 13877.633333333333 1240.8292537206273 
9151.833333333334 14748.8 13756.0 1340.1792531846877 
9688.2 14705.1 13824.666666666666 1533.9517935348845 
9047.3 14627.566666666668 13697.0 1522.498249697954 
9373.9 14710.433333333332 13788.666666666666 1697.6495406230868 
8392.333333333334 14556.166666666666 13570.5 1638.685934013389 
9055.066666666668 14741.833333333334 13718.933333333332 1734.1211922918064 
8744.466666666667 14722.9 13740.433333333332 1818.4079455819465 
8757.7 14565.066666666668 13552.866666666667 1712.7644110877852 
8666.7 14702.533333333333 13612.466666666667 1692.9067527644738 
8743.1 14706.833333333334 13645.233333333334 1783.8730830539614 
8083.6 14576.433333333332 13547.1 1777.291608881334 
7802.133333333333 14567.7 13505.533333333333 1644.814487546983 
8251.333333333334 14737.133333333333 13700.033333333333 1613.4878987598402 
8846.066666666668 14732.066666666668 13687.0 1700.5803007601062 
8094.2 14634.8 13543.633333333333 1973.634895651507 
8753.3 14543.533333333333 13514.866666666667 2026.1663084368083 
8380.533333333333 14602.566666666668 13593.4 2108.9926884652778 
9318.833333333334 14707.033333333333 13757.233333333334 2054.1024365076505 
8051.933333333333 14650.166666666666 13570.0 1977.481688579357 
8675.733333333334 14481.4 13493.3 2050.1226463311896 
8294.366666666667 14579.8 13571.033333333333 2058.710470173016 
8883.466666666667 14408.833333333334 13472.9 2056.1391758990117 
8315.5 14434.066666666668 13493.5 2004.025629077632 
8294.133333333333 14406.666666666666 13395.566666666668 2191.7629739549852 
8190.533333333334 14343.633333333333 13237.033333333333 2207.408605456734 
8332.2 14348.566666666668 13346.866666666667 2081.9039034552534 
8248.866666666667 14191.833333333334 13166.433333333332 2053.8371364351165 
8135.166666666667 14079.933333333332 13039.1 2272.7765713622916 
7979.933333333333 14254.9 13158.166666666666 2081.1922237025583 
8143.233333333334 14219.666666666666 13161.5 2156.3435815441535 
7990.8 14429.166666666666 13302.366666666667 1917.3688948081374 
8290.9 14271.066666666668 13237.3 2047.3195763404078 
8455.4 14250.566666666668 13272.0 1878.2488508359766 
8563.033333333333 14343.533333333333 13318.1 1954.9299984909944 
7986.8 14362.0 13316.5 1895.143978787188 
9081.1 14373.133333333333 13480.666666666666 1907.1388378639058 
7997.666666666667 14298.666666666666 13249.866666666667 1985.9342876283138 
8399.166666666666 14495.166666666666 13336.666666666666 1909.9991308316814 
8812.566666666668 14554.866666666667 13453.2 1869.5130349906628 
8991.833333333334 14486.766666666666 13534.033333333333 1620.8602805300645 
8953.433333333332 14583.433333333332 13574.233333333334 1391.61003932695 
8130.6 14718.333333333334 13657.066666666668 1220.8971050920807 
8815.533333333333 14949.3 13898.933333333332 1130.3504514087654 
8805.933333333332 14841.4 13793.866666666667 1083.13498158509 
9064.033333333333 14857.133333333333 13877.666666666666 1061.992994274863 
9400.8 14850.833333333334 13912.466666666667 1075.8811699150506 
9045.333333333334 14819.9 13892.1 1163.284005019124 
9044.3 14885.566666666668 13911.3 1250.571189363751 
9469.0 15028.233333333334 14094.266666666666 1192.7196510962294 
9089.166666666666 15006.033333333333 13999.633333333333 1227.3492833473824 
9384.3 15002.533333333333 14046.733333333334 1117.5644359747478 
9151.966666666667 14977.833333333334 14008.2 1174.592094870953 
9286.333333333334 14695.933333333332 13785.266666666666 1261.8209286582623 
9514.666666666666 14896.266666666666 13962.133333333333 1251.1039932795354 
8676.266666666666 14974.433333333332 14005.466666666667 1181.477445310649 
9109.333333333334 14928.733333333334 13995.033333333333 1141.5626786704852 
9072.133333333333 14921.1 13977.7 1248.4700629170088 
8781.4 14923.5 13995.8 1439.2952077318953 
8921.133333333333 14646.4 13721.066666666668 1537.3884776175184 
8489.1 14817.333333333334 13810.766666666666 1646.6685487168734 
8917.966666666667 14810.3 13849.9 1646.6212598327927 
9631.5 14848.2 13922.933333333332 1804.2301956790325 
8765.966666666667 14881.833333333334 13716.566666666668 1755.711166957076 
8929.833333333334 14774.333333333334 13866.4 1777.6451990390733 
8859.966666666667 14815.033333333333 13800.3 1870.8556509433502 
8896.033333333333 14721.233333333334 13688.766666666666 1849.2283994802926 
8820.933333333332 14806.366666666667 13787.9 1581.9813531349432 
9305.233333333334 14798.933333333332 13739.733333333334 1509.0623546869538 
9299.133333333333 14874.866666666667 13863.4 1757.06759858578 
8823.133333333333 14756.266666666666 13789.566666666668 1592.4624749111044 
9352.3 14945.566666666668 13915.1 1401.548770943535 
8764.0 14605.366666666667 13612.8 1421.9044950347404 
9078.533333333333 14896.633333333333 13870.933333333332 1343.6249919113923 
9183.666666666666 14732.033333333333 13717.033333333333 1505.9083035386539 
8795.033333333333 14678.266666666666 13631.833333333334 1603.55950241261 
9448.5 14713.566666666668 13758.4 1611.94393130365 
8835.133333333333 14641.0 13632.033333333333 1720.8740100761463 
9150.8 14665.5 13744.466666666667 1830.4436995196306 
9160.333333333334 14514.866666666667 13506.5 1802.6831212574957 
8870.2 14706.033333333333 13713.4 1480.172701072412 
9069.366666666667 14798.4 13812.9 1432.4741854567571 
9708.066666666668 14787.3 13828.566666666668 1481.4217597744855 
9035.5 14825.0 13859.033333333333 1656.3960043486645 
9223.466666666667 14504.1 13514.1 1750.7872286488728 
9419.6 14552.9 13525.433333333332 1893.2295274653484 
9066.766666666666 14548.033333333333 13547.0 1635.0557295293231 
9796.0 14377.3 13485.966666666667 1940.0582996967444 
8979.0 14485.266666666666 13520.6 1759.8181901359394 
9312.2 14316.2 13360.066666666668 1876.3607248252313 
9131.966666666667 14466.366666666667 13476.7 1872.5964939979283 
8635.433333333332 14667.9 13637.766666666666 1547.8844839543635 
8937.4 14536.633333333333 13554.2 1443.12008139771 
9029.533333333333 14499.733333333334 13549.6 1344.4359805013653 
8881.033333333333 14645.066666666668 13659.133333333333 1197.9151047641992 
8827.033333333333 14425.233333333334 13389.033333333333 1239.3715569235528 
8778.733333333334 14636.266666666666 13572.566666666668 1272.5721032180804 
8413.9 14510.266666666666 13449.6 1377.765166129555 
8567.8 14425.566666666668 13388.766666666666 1339.6543769445411 
8353.566666666668 14500.633333333333 13522.4 1634.7034227447296 
8373.7 14594.7 13512.5 1367.4955841488725 
9125.233333333334 14569.833333333334 13636.433333333332 1361.358135955904 
8208.833333333334 14543.466666666667 13561.466666666667 1197.449434283831 
8078.066666666667 14540.8 13534.0 1299.9861056949799 
8215.533333333333 14320.8 13252.866666666667 1153.5812363148848 
7898.633333333333 14289.133333333333 13243.5 1321.40009421825 
9145.766666666666 14500.133333333333 13508.766666666666 1351.4492957973343 
8307.5 14586.533333333333 13486.833333333334 1371.8278034149264 
8855.233333333334 14435.533333333333 13528.866666666667 1438.0718879805695 
8673.466666666667 14341.133333333333 13349.766666666666 1442.366501467486 
7971.4 14424.266666666666 13376.666666666666 1594.7253101326817 
8726.666666666666 14301.1 13260.4 1836.1718770311236 
9157.733333333334 14275.1 13300.966666666667 2086.9960560576055 
8864.2 14140.133333333333 13191.966666666667 2132.076506262277 
8410.266666666666 14329.5 13360.3 2104.5915705111684 
9112.333333333334 14193.333333333334 13203.7 2079.0809093603516 
8391.966666666667 14245.266666666666 13195.5 1984.5503576377193 
8418.533333333333 14433.966666666667 13294.9 1868.5210093368855 
8700.9 14385.4 13374.533333333333 1997.5633370016915 
8697.366666666667 14142.066666666668 13185.4 1908.0235837990404 
8646.9 14454.0 13517.533333333333 1897.9030595194615 
8775.666666666666 14384.5 13368.4 1854.3258715770537 
8519.933333333332 14443.266666666666 13497.633333333333 1905.810854961449 
8483.4 14369.866666666667 13297.933333333332 1920.639790422857 
8868.833333333334 14395.466666666667 13447.6 1839.6831740818852 
8468.366666666667 14206.4 13281.7 1909.31664424736 
8555.833333333334 14321.0 13343.266666666666 1762.391443622998 
7892.2 14297.933333333332 13238.7 1926.1232117044503 
8894.333333333334 14223.133333333333 13245.7 1958.8214043994244 
8055.5 14388.633333333333 13329.3 1755.5212320941419 
8652.233333333334 14431.466666666667 13481.5 1815.5095663017953 
8716.966666666667 14293.3 13346.133333333333 1770.0514420647653 
8410.366666666667 14524.466666666667 13561.533333333333 1866.8823757507832 
8633.133333333333 14489.0 13436.633333333333 1812.877510509497 
9313.633333333333 14424.3 13451.166666666666 1892.3867699871037 
9370.866666666667 14423.266666666666 13435.666666666666 1584.485821015764 
8942.1 14487.533333333333 13489.4 1395.8928786503166 
8973.533333333333 14503.0 13515.1 1132.9408154591897 
7973.666666666667 14553.966666666667 13478.8 1273.3560587413613 
8595.166666666666 14736.7 13737.933333333332 1044.553050086229 
9056.7 14859.2 13961.833333333334 979.9436866473503 
8851.533333333333 14745.7 13759.433333333332 1220.878203134485 
8245.333333333334 14572.1 13569.966666666667 1304.4820976583433 
8774.9 14701.666666666666 13728.3 1176.5201597649457 
8884.333333333334 14676.666666666666 13682.5 1126.3793465495246 
9093.233333333334 14922.366666666667 13926.733333333334 1182.8363454003263 
8607.466666666667 14864.2 13739.733333333334 1244.1828024405775 
9010.2 14784.033333333333 13844.033333333333 1168.0489614452526 
8789.533333333333 14578.266666666666 13591.966666666667 1289.5718532822348 
8486.1 14644.566666666668 13688.433333333332 1262.3458624059149 
8893.466666666667 14634.933333333332 13669.6 1128.3754844908676 
8447.333333333334 14598.9 13576.933333333332 1093.7940796958896 
8781.033333333333 14695.633333333333 13699.366666666667 1230.301678541577 
8230.7 14775.433333333332 13722.033333333333 1234.4193715175477 
8577.633333333333 14718.933333333332 13707.0 1177.7641289041424 
8690.733333333334 14792.1 13797.6 1133.0353632315866 
8221.033333333333 14709.2 13563.7 1115.3106160766756 
8539.933333333332 14786.0 13740.566666666668 1263.3113743034394 
9288.433333333332 14684.3 13757.1 1209.6055410752715 
8438.3 14792.1 13737.666666666666 1214.86400683826 
8741.633333333333 14695.766666666666 13711.233333333334 1113.8800720404727 
8670.9 14755.5 13775.166666666666 1186.05501568107 
8167.933333333333 14586.9 13580.933333333332 1196.4188593929432 
8727.866666666667 14684.733333333334 13758.9 1126.9614224394136 
8905.6 14756.6 13811.5 1205.5810770468045 
8318.3 14647.9 13553.4 1231.4814558084097 
8218.166666666666 14610.666666666666 13607.666666666666 1224.1556077104285 
8087.166666666667 14664.5 13601.366666666667 1446.4868818393527 
8448.4 14647.866666666667 13630.233333333334 1271.283179748364 
8051.933333333333 14750.333333333334 13670.633333333333 1170.4727798818924 
8215.0 14520.233333333334 13431.433333333332 1091.2663102510262 
8636.133333333333 14586.266666666666 13573.133333333333 1106.7340287731486 
7603.133333333333 14732.4 13587.566666666668 1019.6714859862138 
8269.966666666667 14578.3 13515.633333333333 1077.4145782587334 
8654.9 14794.9 13809.966666666667 956.2581082880638 
8323.633333333333 14849.733333333334 13858.233333333334 1060.42564132417 
8434.733333333334 14685.933333333332 13637.966666666667 1167.9100079962402 
8999.566666666668 14723.866666666667 13785.066666666668 1166.5972126945385 
8822.633333333333 14670.2 13685.166666666666 1263.3264357771245 
8822.833333333334 14960.9 13948.2 1103.218266708814 
8417.666666666666 14934.333333333334 13911.733333333334 1258.3266783046972 
8557.033333333333 14620.833333333334 13564.166666666666 1178.5272291673575 
8726.933333333332 14773.0 13804.166666666666 1112.6725317900143 
8486.833333333334 14587.2 13556.733333333334 1159.0854256697392 
9091.1 14657.0 13702.966666666667 1181.4444827319553 
9727.2 14829.466666666667 13894.4 1093.0413133393754 
8557.766666666666 14653.9 13634.066666666668 1138.6743218419485 
8628.0 14757.133333333333 13713.333333333334 1178.9415907216664 
8606.766666666666 14780.333333333334 13887.5 1232.796190779319 
8832.8 14787.966666666667 13772.566666666668 1340.6061346768981 
8986.333333333334 14659.066666666668 13710.433333333332 1282.0698388846752 
8719.566666666668 14718.066666666668 13706.733333333334 1343.8582793170153 
8293.533333333333 14586.133333333333 13616.066666666668 1218.9568046763045 
8657.733333333334 14547.0 13454.333333333334 1251.3557279118427 
8054.866666666667 14516.366666666667 13440.633333333333 1037.5517647059564 
8569.933333333332 14515.4 13532.866666666667 993.0163717459828 
8916.833333333334 14621.133333333333 13698.366666666667 1010.9846368763474 
8209.1 14636.666666666666 13548.6 1087.6082130068712 
8584.8 14617.466666666667 13670.4 1030.7924673117604 
8521.966666666667 14664.833333333334 13679.7 1150.2937075663185 
8249.666666666666 14829.633333333333 13815.7 943.3906592711209 
8112.333333333333 14670.466666666667 13644.466666666667 1117.4435908705984 
8473.866666666667 14624.333333333334 13584.9 1111.9045282756967 
8726.833333333334 14705.5 13762.633333333333 1128.8739187054207 
9130.5 14583.166666666666 13623.166666666666 1235.3900197013804 
7929.9 14680.5 13626.966666666667 1192.6944632031941 
8446.766666666666 14651.266666666666 13651.666666666666 1050.4245293107822 
8008.766666666666 14743.533333333333 13684.2 1064.4589920079902 
8698.9 14715.666666666666 13774.333333333334 1081.7092134929587 
9123.766666666666 14764.6 13807.333333333334 1092.3657697859264 
9169.0 14783.966666666667 13785.266666666666 960.8307905141257 
8042.4 14580.4 13511.133333333333 978.5895559426332 
7984.966666666666 14544.033333333333 13438.0 986.0090684167159 
8119.8 14545.066666666668 13503.5 884.5524056455519 
8284.233333333334 14779.566666666668 13795.0 935.4118800471443 
8446.433333333332 14642.966666666667 13621.533333333333 1190.2158030280802 
8275.666666666666 14811.366666666667 13735.333333333334 1171.720132824672 
8464.133333333333 14764.133333333333 13710.5 1064.9163467928674 
8636.266666666666 14885.3 13815.3 1097.1025811958816 
8334.166666666666 14774.566666666668 13833.266666666666 912.7643741221865 
8433.433333333332 14683.3 13683.633333333333 1095.299828661845 
8711.5 14698.4 13722.6 1118.3078271805725 
7759.666666666667 14832.7 13757.033333333333 1083.5090630805898 
8579.766666666666 14803.9 13822.133333333333 1061.169712262003 
8317.433333333332 14684.033333333333 13705.033333333333 1000.5975947735767 
8045.3 14672.5 13565.066666666668 1058.2054259190154 
8051.3 14657.666666666666 13575.366666666667 1245.3649136341971 
8329.7 14736.766666666666 13612.533333333333 1173.3519129684266 
8949.433333333332 14673.2 13671.533333333333 1324.0310909407594 
8313.9 14638.3 13664.166666666666 1263.1124210105413 
7867.666666666667 14765.433333333332 13720.1 1262.5826048223537 
8899.3 14587.633333333333 13647.566666666668 1233.774634111829 
8210.666666666666 14738.533333333333 13661.266666666666 1225.9108641695318 
8625.566666666668 14734.766666666666 13779.233333333334 1147.8492149329643 
7655.266666666666 14580.1 13590.133333333333 1039.3741414909261 
7754.133333333333 14787.633333333333 13618.066666666668 1160.0111684328253 
8100.133333333333 14691.8 13657.533333333333 1220.2344053045254 
7763.133333333333 14830.033333333333 13774.333333333334 1166.2182819790737 
7439.1 14913.733333333334 13762.6 1090.0338584955364 
8526.9 14847.933333333332 13860.4 1213.6779114191156 
8531.9 14864.8 13909.533333333333 1136.3984684079787 
8790.866666666667 14899.033333333333 13867.3 1178.6928027833771 
8740.7 14852.833333333334 13855.0 1095.503803583843 
7289.933333333333 15034.866666666667 13926.833333333334 1138.9316536415458 
8402.833333333334 14935.233333333334 13849.366666666667 1116.5726468379326 
7916.166666666667 14898.2 13830.666666666666 1146.4856714227953 
9407.033333333333 14837.666666666666 13959.566666666668 1120.8827998006254 
7873.166666666667 14903.533333333333 13840.333333333334 998.2097473866792 
8025.933333333333 14950.166666666666 13847.0 1114.2256499470832 
9064.833333333334 15037.566666666668 14028.8 1217.8822168009515 
8481.8 14984.066666666668 13974.033333333333 1220.6917638963755 
8649.633333333333 14842.766666666666 13822.266666666666 1247.0444747036447 
8235.4 14817.466666666667 13651.266666666666 1265.9515744643982 
8551.266666666666 14855.633333333333 13813.4 1328.2473690293286 
8765.766666666666 14945.3 13957.6 1173.2927847160174 
8173.033333333334 14973.533333333333 13925.166666666666 1196.2998223689578 
8613.466666666667 14787.033333333333 13841.7 1076.7852659653176 
8703.033333333333 14892.1 13876.266666666666 1225.7841447643036 
8542.233333333334 14787.633333333333 13800.2 1291.4248177884765 
8273.0 14906.4 13784.033333333333 1344.2790171273555 
9119.333333333334 14802.2 13762.033333333333 1230.2646627182842 
8752.5 15085.333333333334 14029.033333333333 1093.8922414428619 
8590.3 14815.166666666666 13783.233333333334 1132.2785454314874 
9043.766666666666 14915.733333333334 13861.766666666666 1168.5728915124544 
8851.6 14858.933333333332 13814.666666666666 1180.01630266516 
7662.333333333333 14820.233333333334 13737.133333333333 1279.298104430707 
8589.8 14850.333333333334 13800.3 1282.5599388202745 
8616.7 14888.566666666668 13856.666666666666 1215.3508930894538 
8911.933333333332 15005.3 13922.066666666668 1256.4122737205155 
8617.033333333333 14770.5 13760.933333333332 1166.1718282959466 
8986.066666666668 14933.5 13976.9 1244.1295126848063 
9333.0 14708.633333333333 13724.633333333333 1240.2326992678968 
8998.166666666666 14600.6 13686.7 1214.6353230496798 
8790.966666666667 14422.166666666666 13379.333333333334 1395.9383974389575 
8697.433333333332 14409.566666666668 13418.766666666666 1340.9054505155173 
9496.466666666667 14647.466666666667 13752.733333333334 1489.4573601744287 
8911.966666666667 14479.5 13423.666666666666 1642.6180653321562 
8337.466666666667 14528.933333333332 13453.3 1889.4419931997559 
8823.533333333333 14358.566666666668 13409.3 1937.7919749033947 
8231.833333333334 14331.466666666667 13343.633333333333 2067.705767484554 
8007.733333333334 14326.3 13292.766666666666 2185.17616693839 
8760.5 14333.666666666666 13305.266666666666 2098.933480286278 
8572.033333333333 14396.8 13374.0 2079.974770840582 
8616.266666666666 14294.266666666666 13351.733333333334 2122.1821025643494 
8345.6 14196.8 13248.6 1990.6639177252732 
8145.133333333333 14281.233333333334 13376.633333333333 1909.0180615233112 
8722.133333333333 14217.566666666668 13283.333333333334 1974.043040226496 
8581.6 14412.4 13353.533333333333 2000.1708733394642 
8958.133333333333 14420.9 13386.266666666666 1769.9145719183423 
8504.233333333334 14509.666666666666 13422.966666666667 1547.230645702185 
8377.233333333334 14653.266666666666 13427.933333333332 1301.8092505347233 
9378.066666666668 14643.333333333334 13744.266666666666 1256.5683333764403 
8443.2 14791.866666666667 13750.733333333334 1098.1201953540624 
8691.466666666667 14777.733333333334 13691.166666666666 1321.6716862031626 
8339.3 14521.1 13434.866666666667 1100.5318996335868 
9151.4 14498.533333333333 13551.033333333333 1193.5080725417079 
8567.833333333334 14640.433333333332 13590.833333333334 1227.7237180607408 
8509.233333333334 14705.466666666667 13643.366666666667 1129.2934586624408 
9249.0 14701.033333333333 13725.133333333333 1192.26435239841 
9253.466666666667 14750.833333333334 13809.1 1135.4430553753014 
9060.966666666667 14687.4 13790.233333333334 1211.9056748682126 
8534.3 14652.066666666668 13721.033333333333 1177.567659957498 
7986.366666666667 14674.233333333334 13678.333333333334 1181.2787192511155 
9626.133333333333 14746.666666666666 13820.733333333334 1374.3488115386788 
8875.766666666666 14797.366666666667 13841.1 1307.2859564762407 
8417.5 14906.133333333333 13948.433333333332 1290.2738212832535 
9674.566666666668 14809.533333333333 13861.166666666666 1245.4788580211944 
9282.166666666666 14748.866666666667 13716.866666666667 1223.6473364041165 
8970.433333333332 14771.566666666668 13816.7 1165.7069125642172 
8660.3 14561.5 13534.233333333334 1221.8772149170038 
8693.9 14845.4 13881.366666666667 979.7381125132936 
9249.833333333334 14869.033333333333 13897.933333333332 1067.9420443596698 
9130.233333333334 14796.266666666666 13786.033333333333 1256.4014326639397 
8336.566666666668 14838.1 13806.366666666667 1106.2981775071112 
9199.7 14810.633333333333 13801.8 1208.4569516536367 
8753.366666666667 14726.633333333333 13734.633333333333 1201.659836642633 
9084.333333333334 14824.0 13882.533333333333 1231.822333554821 
8669.4 14656.866666666667 13704.433333333332 1333.5316389614125 
8839.766666666666 14718.033333333333 13764.733333333334 1390.018036733497 
8640.366666666667 14754.4 13828.166666666666 1448.2492737017951 
8901.966666666667 14682.333333333334 13791.166666666666 1462.8804034430761 
8774.133333333333 14643.133333333333 13652.7 1538.5252544780235 
8506.4 14565.433333333332 13579.466666666667 1530.7342436447502 
8851.7 14610.3 13627.333333333334 1660.0714524782766 
8462.766666666666 14574.466666666667 13451.766666666666 1824.291502474317 
7650.966666666666 14321.266666666666 13340.3 1887.3386980083885 
7943.833333333333 14268.6 13254.1 1854.159623746924 
8450.9 14485.3 13443.266666666666 1793.3696778535218 
8185.966666666666 14463.4 13429.8 1666.5409986956017 
9031.533333333333 14580.8 13633.5 1849.5467914239603 
7884.7 14710.733333333334 13608.633333333333 1597.4305066435772 
8515.533333333333 14784.966666666667 13673.066666666668 1646.6728270802444 
8434.133333333333 14648.866666666667 13653.166666666666 1347.0048603393302 
8430.166666666666 14739.066666666668 13782.2 1510.1933979902485 
8748.5 14784.6 13706.6 1434.3868754047262 
9184.166666666666 14660.6 13693.633333333333 1466.0826002953888 
8187.5 14670.3 13683.233333333334 1516.3529621357222 
8713.633333333333 14838.433333333332 13762.933333333332 1179.7720871705121 
8724.0 14802.266666666666 13783.966666666667 1235.5821519069912 
8911.466666666667 14970.366666666667 13926.1 1114.3248818604625 
8400.466666666667 14867.4 13864.733333333334 1105.1642348538066 
8868.9 14777.066666666668 13763.333333333334 1173.6079009712835 
9007.633333333333 14904.233333333334 13978.9 1238.4740318903205 
9613.366666666667 14872.466666666667 13958.1 1187.1640362645762 
9537.333333333334 14965.033333333333 13938.666666666666 1222.0125102105587 
8824.033333333333 14725.6 13750.966666666667 1301.4837531747287 
8996.533333333333 14675.166666666666 13630.866666666667 1365.470005529232 
9266.7 14702.966666666667 13800.7 1357.7825763599512 
8576.033333333333 14827.133333333333 13807.733333333334 1303.1950434306532 
9412.366666666667 14659.933333333332 13810.1 1314.8785300044515 
9087.566666666668 14711.166666666666 13748.8 1235.639102516049 
9308.366666666667 14830.933333333332 13876.133333333333 1259.8793344778871 
8668.366666666667 14779.2 13779.433333333332 1240.102488461695 
8415.933333333332 14601.333333333334 13576.2 1370.5613703880613 
9003.2 14678.333333333334 13710.533333333333 1275.840364448294 
8727.266666666666 14656.866666666667 13710.233333333334 1161.7245857871058 
8111.833333333333 14763.6 13751.233333333334 1341.6057407698684 
8597.4 14785.433333333332 13824.3 1172.9741086940783 
8271.766666666666 14824.533333333333 13800.566666666668 1178.2510627573772 
7993.766666666666 14724.866666666667 13699.033333333333 1149.6790014801718 
8828.4 14920.033333333333 13959.866666666667 1114.5031376756588 
8836.233333333334 14765.066666666668 13796.3 1069.167431384502 
8900.333333333334 14870.233333333334 13950.866666666667 1143.7987100495923 
8926.966666666667 14775.933333333332 13793.533333333333 1201.6214944352855 
8259.266666666666 14663.733333333334 13614.9 1256.823245064052 
8754.233333333334 14770.2 13828.1 1388.0097767427046 
8874.166666666666 14873.566666666668 13929.6 1233.9428447055398 
8487.4 14864.233333333334 13878.666666666666 1230.7927970756625 
8510.533333333333 14767.733333333334 13786.633333333333 1239.8256824605983 
9373.833333333334 14871.8 13959.633333333333 1232.7074289726838 
9012.4 14800.733333333334 13921.533333333333 1239.4003776468328 
8906.466666666667 15072.266666666666 14050.8 1218.51458615261 
9307.866666666667 14881.033333333333 13968.833333333334 1429.3882889777246 
8933.666666666666 14954.433333333332 13987.1 1379.478284594095 
9425.833333333334 14870.866666666667 13869.4 1348.6248059906554 
9253.733333333334 14898.366666666667 13891.866666666667 1309.279945618965 
8476.833333333334 14817.6 13810.366666666667 1294.3543723502548 
9022.566666666668 14893.2 14004.5 1347.7960335302964 
9511.466666666667 15106.6 14148.066666666668 1158.996127641887 
9040.6 14967.3 14023.1 1451.1876529243214 
9096.8 14958.2 14017.2 1270.7749792941313 
9152.133333333333 14923.766666666666 13999.8 1413.4341143706226 
9450.9 14873.8 14023.9 1315.301661977206 
8716.233333333334 14881.433333333332 13962.3 1235.6995021714085 
9378.133333333333 14880.766666666666 13969.366666666667 1323.654526050258 
9147.233333333334 14811.3 13933.6 1483.657364870115 
8846.333333333334 14914.366666666667 13932.266666666666 1457.1681234504135 
9290.6 15002.133333333333 14056.3 1230.9361717814618 
8384.8 14990.7 13938.166666666666 1331.8289743390062 
9229.333333333334 14926.833333333334 13955.866666666667 1266.213856301095 
9111.833333333334 14748.866666666667 13827.366666666667 1175.6629086510204 
9470.033333333333 14901.466666666667 13985.666666666666 1172.5020629690453 
8126.1 15054.733333333334 14056.266666666666 1182.1685625249143 
9437.933333333332 15026.5 14070.8 1186.7210304026805 
8767.266666666666 14886.0 13843.566666666668 1328.7298093375575 
8908.0 15048.566666666668 14167.566666666668 1226.554857494945 
9510.866666666667 15039.033333333333 14102.433333333332 1347.6230890802601 
9286.666666666666 14915.233333333334 13968.266666666666 1225.2662194170064 
8478.7 14908.3 13948.566666666668 1348.484250680494 
8802.366666666667 14940.8 13969.1 1244.2591874953814 
8469.266666666666 14941.7 13905.6 1109.6442800885939 
8763.366666666667 14778.933333333332 13786.5 1239.3328464675394 
9258.466666666667 15052.366666666667 14084.133333333333 1203.1039630426328 
9106.8 14918.233333333334 13961.966666666667 1241.248980888023 
9385.2 14901.2 13926.333333333334 1140.1563227616348 
9015.233333333334 14971.866666666667 14030.7 1174.5149133436605 
8502.166666666666 14929.666666666666 13923.5 1146.6721849188925 
8921.866666666667 15066.1 14066.433333333332 1160.4898398233968 
9177.633333333333 15031.5 14013.533333333333 1073.6183334872778 
8885.233333333334 14787.9 13856.0 1120.2219809781748 
8495.966666666667 14909.366666666667 13842.933333333332 1241.5498764313363 
8221.866666666667 15034.566666666668 13935.666666666666 1070.6139750940424 
8815.633333333333 14770.6 13704.933333333332 1231.359599295745 
8748.7 14835.433333333332 13781.533333333333 967.4705111210827 
8999.433333333332 14815.933333333332 13743.8 1046.820740623723 
8775.0 14884.566666666668 13899.933333333332 1094.067075640246 
8995.433333333332 14722.833333333334 13703.4 1169.9601131377656 
8743.566666666668 14517.266666666666 13535.033333333333 1479.4720360467934 
8725.166666666666 14910.066666666668 13832.4 997.0538188416244 
9241.333333333334 14880.0 13970.766666666666 965.967099911333 
7786.233333333334 14653.133333333333 13531.066666666668 1162.730021114102 
8613.833333333334 14738.633333333333 13757.766666666666 1183.8812084270392 
8694.366666666667 14793.366666666667 13740.533333333333 1088.1369784074877 
8707.0 14807.866666666667 13811.7 1181.203400491775 
8752.066666666668 14843.7 13789.133333333333 1137.843829403276 
8238.8 14941.133333333333 13930.133333333333 1111.6803029648406 
9242.133333333333 14850.766666666666 13870.733333333334 1064.5427319850635 
9144.333333333334 14769.733333333334 13852.733333333334 971.1868925872783 
8232.366666666667 14736.0 13755.466666666667 1120.3897515795315 
8217.1 14667.966666666667 13669.266666666666 1143.5057342323307 
7970.633333333333 14805.933333333332 13702.466666666667 1098.7152967595082 
7871.8 14823.833333333334 13804.533333333333 1129.869865417154 
8134.733333333334 14613.3 13599.633333333333 1258.838799758642 
7848.8 14879.2 13884.8 1004.9225810976685 
8749.533333333333 14737.333333333334 13748.366666666667 1202.1275931539976 
8182.066666666667 14669.866666666667 13567.866666666667 1145.1246158776296 
8142.933333333333 14704.1 13748.633333333333 1112.5279122091474 
7946.3 14493.933333333332 13438.133333333333 1230.5865293969919 
9007.6 14535.133333333333 13637.433333333332 1250.3107360439112 
8734.5 14579.466666666667 13610.633333333333 1147.33318434049 
8112.666666666667 14722.633333333333 13754.366666666667 1014.8495391490856 
8414.166666666666 14435.733333333334 13417.166666666666 1267.1121481980638 
8046.4 14571.633333333333 13563.2 1118.0853473684376 
8669.666666666666 14810.3 13777.5 928.051103477964 
8465.566666666668 14565.866666666667 13454.933333333332 998.3674940176645 
8701.1 14577.933333333332 13528.3 1095.9314793057697 
8094.5 14567.966666666667 13508.5 1161.6052543786122 
8182.5 14498.4 13487.566666666668 1176.6115206624297 
8154.833333333333 14490.1 13474.7 1152.1826900857925 
8730.433333333332 14663.2 13656.9 1066.986402131411 
7646.866666666667 14670.733333333334 13645.7 990.793483863649 
8244.033333333333 14530.2 13479.333333333334 996.976311097154 
8076.466666666666 14531.8 13476.933333333332 972.9988956257291 
8132.266666666666 14440.066666666668 13334.166666666666 1078.9667838569762 
8179.4 14299.266666666666 13289.266666666666 1167.5495892870867 
7398.566666666667 14558.833333333334 13388.166666666666 865.7905721234079 
7466.5 14503.3 13392.133333333333 1109.736103915401 
7690.966666666666 14625.833333333334 13503.0 1055.9246821309432 
8336.933333333332 14626.433333333332 13618.433333333332 1084.9092221625428 
8406.166666666666 14405.033333333333 13405.4 1202.6380594343423 
8421.7 14610.933333333332 13665.033333333333 1104.107001356501 
8462.333333333334 14656.0 13612.366666666667 1114.516661158549 
7462.766666666666 14556.933333333332 13455.0 1149.2307839014177 
8528.566666666668 14473.3 13416.166666666666 1191.450845351536 
7527.0 14611.866666666667 13517.1 1023.1351176653064 
8605.0 14602.2 13571.633333333333 1072.7623994467117 
7661.966666666666 14497.6 13450.066666666668 1058.239310994131 
7734.066666666667 14585.533333333333 13512.5 1072.8553495229446 
8381.4 14412.866666666667 13353.533333333333 1048.1470559462966 
8177.333333333333 14469.7 13424.466666666667 1032.1080424171794 
7711.766666666666 14421.7 13343.0 1108.7202579250247 
7779.366666666667 14441.5 13372.633333333333 1210.7170266691828 
8038.8 14327.666666666666 13269.933333333332 1160.924434903304 
8023.266666666666 14537.833333333334 13414.966666666667 1016.4876201355771 
9002.633333333333 14537.233333333334 13591.233333333334 1080.0290621089787 
8461.066666666668 14542.533333333333 13568.3 1099.9005945993483 
7753.5 14661.833333333334 13607.666666666666 1156.612034012366 
7903.4 14671.933333333332 13606.333333333334 1160.6349787939355 
9055.366666666667 14822.733333333334 13922.966666666667 1144.6927292703683 
8164.7 14526.666666666666 13458.8 1293.3396431976664 
8398.466666666667 14657.566666666668 13672.0 1116.1409577946088 
8253.6 14718.733333333334 13688.3 1165.9827318618402 
8145.466666666666 14681.433333333332 13727.3 1122.6085015118433 
8487.066666666668 14670.466666666667 13650.266666666666 1197.3366349249206 
8333.933333333332 14551.033333333333 13522.966666666667 1104.4552241816878 
8113.0 14437.4 13328.333333333334 1017.6705432287777 
8405.9 14438.833333333334 13364.9 848.7310586988083 
8208.766666666666 14371.6 13392.866666666667 1072.9182641541504 
8547.066666666668 14316.933333333332 13334.7 1112.4964665112425 
7691.433333333333 14332.033333333333 13331.8 1438.572667496038 
8046.333333333333 14455.3 13380.4 1363.4942149981177 
8060.866666666667 14494.666666666666 13388.966666666667 1153.7673458428842 
7956.9 14551.066666666668 13414.233333333334 1007.8642005636365 
7459.233333333334 14432.133333333333 13312.133333333333 971.9400140383607 
7902.766666666666 14637.833333333334 13638.233333333334 1015.3193385991096 
7536.1 14468.033333333333 13452.566666666668 970.1426558902449 
8029.0 14470.266666666666 13421.4 901.9201208163245 
6969.066666666667 14637.966666666667 13540.9 1015.6200267160289 
7698.733333333334 14521.066666666668 13463.066666666668 1193.318403212003 
7548.666666666667 14593.2 13480.0 971.5181928301703 
7472.933333333333 14526.933333333332 13430.533333333333 1009.0222323836299 
7819.2 14586.6 13474.166666666666 1028.9175439914188 
8137.266666666666 14493.8 13421.666666666666 1068.086888995668 
7458.7 14727.266666666666 13685.066666666668 1143.104878098827 
8206.833333333334 14595.266666666666 13537.966666666667 918.089184181532 
7682.333333333333 14490.566666666668 13416.466666666667 1026.2136855125902 
7936.0 14455.466666666667 13444.133333333333 936.9433335764406 
7470.3 14415.266666666666 13327.133333333333 968.9437451851028 
7840.833333333333 14371.833333333334 13364.4 994.3993870673893 
8461.3 14428.3 13372.4 879.1290595432126 
7603.733333333334 14379.933333333332 13205.266666666666 985.6369438084187 
7534.366666666667 14327.7 13224.1 981.8439886254843 
7172.533333333334 14259.566666666668 13045.9 981.3030231958594 
7367.8 14448.0 13315.333333333334 1250.2598375715522 
7432.333333333333 14413.8 13218.066666666668 1338.7285340119472 
7519.933333333333 14312.166666666666 13111.866666666667 1297.2532483417929 
7776.533333333334 14124.133333333333 12990.1 1347.8632574065764 
7880.766666666666 14061.133333333333 12941.7 1617.041678085839 
7303.733333333334 14175.733333333334 13168.766666666666 1850.8250117477642 
7270.866666666667 14220.266666666666 13001.566666666668 1695.4376782346728 
7152.966666666666 13972.0 12832.066666666668 1683.7011945248612 
7292.633333333333 14056.533333333333 13052.933333333332 1817.249145029682 
 
1.7444444444444442 1.4755555555555555 1.452222222222222 1.5533333333333335 1.4955555555555553 1.4033333333333329 1.4400000000000004 1.456666666666667 1.4422222222222223 1.4677777777777774 1.4844444444444447 1.4644444444444447 1.5688888888888888 1.5222222222222221 1.4600000000000002 1.4877777777777779 1.606666666666667 1.5455555555555553 1.494444444444444 1.5255555555555556 1.5655555555555556 1.4955555555555557 1.5233333333333332 1.4088888888888886 1.571111111111111 1.4822222222222223 1.5 1.4866666666666666 1.4822222222222223 1.5544444444444445 1.5666666666666664 
1.49 1.4155555555555555 1.4533333333333334 1.5555555555555558 1.5377777777777775 1.525555555555555 1.45 1.5333333333333334 1.4633333333333334 1.458888888888889 1.5177777777777774 1.422222222222222 1.5344444444444438 1.5022222222222221 1.4966666666666664 1.4788888888888891 1.4988888888888887 1.4955555555555555 1.4699999999999998 1.5211111111111113 1.4788888888888894 1.4666666666666666 1.4655555555555557 1.5655555555555551 1.5055555555555555 1.5033333333333334 1.4533333333333334 1.4611111111111112 1.4022222222222218 1.4422222222222223 1.5211111111111109 
1.4922222222222226 1.7011111111111112 1.5399999999999994 1.5577777777777777 1.5255555555555553 1.5655555555555556 1.403333333333333 1.4777777777777779 1.482222222222222 1.4466666666666668 1.493333333333333 1.5377777777777777 1.4522222222222219 1.5244444444444445 1.4555555555555555 1.5044444444444445 1.4977777777777779 1.531111111111111 1.4888888888888892 1.5644444444444443 1.4866666666666668 1.505555555555556 1.4933333333333332 1.5222222222222224 1.4888888888888887 1.4544444444444442 1.5133333333333339 1.5211111111111109 1.468888888888889 1.548888888888889 1.562222222222222 
1.427777777777778 1.5022222222222223 1.5066666666666668 1.5188888888888885 1.4966666666666661 1.5422222222222222 1.075555555555556 1.4888888888888887 1.4988888888888892 1.418888888888889 1.4611111111111108 1.4722222222222223 1.548888888888889 1.5077777777777779 1.5266666666666668 1.4811111111111115 1.9055555555555557 1.5099999999999996 1.5566666666666669 1.5322222222222224 1.5766666666666669 1.4199999999999997 1.5555555555555551 1.5988888888888881 1.5455555555555556 1.4977777777777777 1.5144444444444447 1.4422222222222225 1.4977777777777777 1.4966666666666666 1.4766666666666666 
1.4699999999999998 1.4488888888888884 1.4522222222222223 1.492222222222222 1.4966666666666666 1.5022222222222221 1.5011111111111113 1.5511111111111113 1.0522222222222226 1.4177777777777776 1.5066666666666666 1.4544444444444444 1.5422222222222224 1.438888888888889 1.5200000000000002 1.5255555555555558 1.592222222222222 1.476666666666667 1.9277777777777774 1.5544444444444445 1.5744444444444445 1.478888888888889 1.5033333333333332 1.5199999999999998 1.5744444444444443 1.571111111111111 1.4688888888888887 1.5355555555555551 1.45 1.5088888888888887 1.5033333333333332 
1.5355555555555556 1.4711111111111108 1.4944444444444447 1.4900000000000007 1.4933333333333334 1.5022222222222221 1.5011111111111113 1.512222222222222 1.923333333333333 1.4788888888888891 1.4455555555555553 1.6177777777777778 1.4299999999999997 1.4833333333333334 1.5255555555555556 1.5222222222222221 1.5366666666666666 1.5166666666666668 1.6766666666666665 1.4911111111111108 1.4722222222222223 1.452222222222222 1.451111111111111 1.5733333333333337 1.5044444444444443 1.551111111111111 1.4344444444444444 1.5511111111111113 1.457777777777778 1.507777777777778 1.5122222222222221 
1.5377777777777775 1.5444444444444443 1.5433333333333334 1.5044444444444445 1.4877777777777779 1.4944444444444445 1.9422222222222219 1.5066666666666668 1.7955555555555556 1.518888888888889 1.5533333333333335 1.5255555555555558 1.4466666666666668 1.5411111111111109 1.4922222222222221 1.5155555555555558 1.6866666666666663 1.4555555555555555 1.208888888888889 1.4777777777777774 1.501111111111111 1.4333333333333333 1.4711111111111108 1.5044444444444447 1.461111111111111 1.55 1.4844444444444445 1.6155555555555559 1.4588888888888885 1.4277777777777778 1.471111111111111 
 
870.0
1305.0
1538.9333333333334
1695.5333333333333
1739.0333333333333
1787.3666666666666
1865.6666666666667
1872.4333333333334
1892.7333333333333
1903.3666666666666
1877.2666666666667
1951.7
1983.6
1994.2333333333333
1972.9666666666667
1975.8666666666666
1989.4
1942.0333333333333
1939.1333333333334
1908.2
1943.0
1946.8666666666666
1981.6666666666667
1971.0333333333333
1992.3
2021.3
2030.9666666666667
2055.133333333333
2068.6666666666665
2128.6
2122.8
2132.4666666666667
2129.5666666666666
2117.0
2096.7
2089.9333333333334
2088.9666666666667
2105.4
2116.0333333333333
2089.9333333333334
2142.133333333333
2114.1
2117.0
2162.4333333333334
2174.0333333333333
2142.133333333333
2155.6666666666665
2220.4333333333334
2202.0666666666666
2195.3
2204.0
2221.4
2181.766666666667
2199.1666666666665
2235.9
2212.7
2201.1
2283.266666666667
2233.9666666666667
2256.2
2275.5333333333333
2332.5666666666666
2311.3
2362.5333333333333
2345.133333333333
2283.266666666667
2276.5
2261.0333333333333
2326.766666666667
2295.8333333333335
2299.7
2299.7
2337.4
2293.9
2287.133333333333
2325.8
2358.6666666666665
2279.4
2261.0333333333333
2334.5
2402.1666666666665
2395.4
2410.866666666667
2418.6
2415.7
2388.633333333333
2397.3333333333335
2366.4
2372.2
2347.0666666666666
2368.3333333333335
2399.266666666667
2320.0
2253.3
2261.0333333333333
2330.633333333333
2354.8
2341.266666666667
2358.6666666666665
2446.633333333333
2444.7
2406.0333333333333
2370.266666666667
2416.6666666666665
2385.733333333333
2376.0666666666666
2399.266666666667
2454.366666666667
2378.0
2356.733333333333
2391.5333333333333
2392.5
2366.4
2398.3
2366.4
2381.866666666667
2394.4333333333334
2468.866666666667
2415.7
2453.4
2407.9666666666667
2409.9
2324.8333333333335
2384.766666666667
2349.9666666666667
2395.4
2362.5333333333333
2389.6
2336.4333333333334
2384.766666666667
2365.4333333333334
2342.233333333333
2348.0333333333333
2369.3
2399.266666666667
2349.9666666666667
2280.366666666667
2322.9
2335.4666666666667
2406.0333333333333
2407.0
2399.266666666667
2414.733333333333
2453.4
2477.5666666666666
2419.5666666666666
2423.4333333333334
2446.633333333333
2459.2
2445.6666666666665
2516.233333333333
2407.0
2376.0666666666666
2359.633333333333
2392.5
2431.1666666666665
2466.9333333333334
2504.633333333333
2513.3333333333335
2434.0666666666666
2470.8
2489.1666666666665
2504.633333333333
2544.266666666667
2574.233333333333
2668.9666666666667
2610.0
2590.6666666666665
2565.5333333333333
2553.9333333333334
2494.0
2543.3
2522.0333333333333
2462.1
2454.366666666667
2493.0333333333333
2495.9333333333334
2497.866666666667
2485.3
2488.2
2470.8
2434.0666666666666
2396.366666666667
2404.1
2460.1666666666665
2472.733333333333
2471.766666666667
2482.4
2494.0
2487.233333333333
2422.4666666666667
2420.5333333333333
2457.266666666667
2449.5333333333333
2400.233333333333
2460.1666666666665
2358.6666666666665
2373.1666666666665
2354.8
2376.0666666666666
2340.3
2375.1
2450.5
2460.1666666666665
2448.5666666666666
2405.0666666666666
2465.0
2459.2
2391.5333333333333
2424.4
2401.2
2350.9333333333334
2370.266666666667
2367.366666666667
2394.4333333333334
2407.0
2390.5666666666666
2463.0666666666666
2432.133333333333
2418.6
2458.233333333333
2443.733333333333
2465.9666666666667
2438.9
2421.5
2469.8333333333335
2498.8333333333335
2479.5
2420.5333333333333
2406.0333333333333
2421.5
2405.0666666666666
2433.1
2496.9
2459.2
2503.6666666666665
2500.766666666667
2477.5666666666666
2460.1666666666665
2426.3333333333335
2345.133333333333
2410.866666666667
2409.9
2436.9666666666667
2421.5
2436.0
2385.733333333333
2407.9666666666667
2422.4666666666667
2428.266666666667
2433.1
2504.633333333333
2481.4333333333334
2405.0666666666666
2389.6
2370.266666666667
2433.1
2411.8333333333335
2315.1666666666665
2281.3333333333335
2345.133333333333
2363.5
2438.9
2472.733333333333
2496.9
2411.8333333333335
2472.733333333333
2458.233333333333
2404.1
2452.4333333333334
2436.9666666666667
2378.9666666666667
2363.5
2379.9333333333334
2427.3
2382.8333333333335
2386.7
2431.1666666666665
2377.0333333333333
2376.0666666666666
2397.3333333333335
2407.9666666666667
2438.9
2513.3333333333335
2534.6
2487.233333333333
2485.3
2458.233333333333
2485.3
2509.4666666666667
2551.0333333333333
2560.7
2567.4666666666667
2602.266666666667
2534.6
2532.6666666666665
2577.133333333333
2531.7
2550.0666666666666
2528.8
2513.3333333333335
2465.9666666666667
2451.4666666666667
2411.8333333333335
2447.6
2464.0333333333333
2504.633333333333
2443.733333333333
2413.766666666667
2413.766666666667
2503.6666666666665
2476.6
2437.9333333333334
2459.2
2580.0333333333333
2523.0
2566.5
2589.7
2595.5
2566.5
2539.4333333333334
2496.9
2483.366666666667
2470.8
2461.133333333333
2455.3333333333335
2535.5666666666666
2500.766666666667
2505.6
2496.9
2511.4
2503.6666666666665
2548.133333333333
2356.733333333333
2324.8333333333335
2364.4666666666667
2427.3
2424.4
2388.633333333333
2376.0666666666666
2390.5666666666666
2413.766666666667
2404.1
2407.9666666666667
2375.1
2358.6666666666665
2333.5333333333333
2371.233333333333
2351.9
2320.0
2342.233333333333
2340.3
2391.5333333333333
2444.7
2409.9
2469.8333333333335
2452.4333333333334
2461.133333333333
2478.5333333333333
2495.9333333333334
2475.633333333333
2466.9333333333334
2510.4333333333334
2555.866666666667
2511.4
2394.4333333333334
2409.9
2441.8
2412.8
2429.233333333333
2379.9333333333334
2301.633333333333
2306.4666666666667
2307.4333333333334
2252.3333333333335
2320.0
2388.633333333333
2403.133333333333
2393.4666666666667
2436.0
2427.3
2504.633333333333
2503.6666666666665
2526.866666666667
2496.9
2422.4666666666667
2449.5333333333333
2385.733333333333
2375.1
2426.3333333333335
2457.266666666667
2432.133333333333
2454.366666666667
2466.9333333333334
2532.6666666666665
2501.733333333333
2531.7
2446.633333333333
2432.133333333333
2425.366666666667
2396.366666666667
2376.0666666666666
2371.233333333333
2343.2
2366.4
2359.633333333333
2353.8333333333335
2369.3
2324.8333333333335
2399.266666666667
2329.6666666666665
2377.0333333333333
2377.0333333333333
2383.8
2333.5333333333333
2391.5333333333333
2379.9333333333334
2365.4333333333334
2392.5
2457.266666666667
2471.766666666667
2459.2
2458.233333333333
2466.9333333333334
2483.366666666667
2489.1666666666665
2489.1666666666665
2469.8333333333335
2530.733333333333
2618.7
2552.9666666666667
2523.0
2520.1
2502.7
2476.6
2467.9
2494.9666666666667
2446.633333333333
2404.1
2351.9
2292.9333333333334
2323.866666666667
2318.0666666666666
2392.5
2324.8333333333335
2332.5666666666666
2348.0333333333333
2333.5333333333333
2333.5333333333333
2367.366666666667
2386.7
2349.0
2371.233333333333
2403.133333333333
2395.4
2399.266666666667
2347.0666666666666
2352.866666666667
2419.5666666666666
2436.9666666666667
2501.733333333333
2476.6
2424.4
2416.6666666666665
2426.3333333333335
2431.1666666666665
2395.4
2391.5333333333333
2324.8333333333335
2387.6666666666665
2436.9666666666667
2415.7
2456.3
2465.9666666666667
2444.7
2491.1
2494.9666666666667
2552.9666666666667
2506.5666666666666
2519.133333333333
2499.8
2505.6
2494.0
2460.1666666666665
2425.366666666667
2451.4666666666667
2426.3333333333335
2479.5
2482.4
2497.866666666667
2493.0333333333333
2415.7
2477.5666666666666
2491.1
2400.233333333333
2453.4
2460.1666666666665
2422.4666666666667
2368.3333333333335
2452.4333333333334
2439.866666666667
2394.4333333333334
2405.0666666666666
2396.366666666667
2385.733333333333
2442.766666666667
2405.0666666666666
2381.866666666667
2437.9333333333334
2504.633333333333
2493.0333333333333
2491.1
2482.4
2499.8
2527.8333333333335
2447.6
2449.5333333333333
2454.366666666667
2482.4
2436.0
2424.4
2471.766666666667
2519.133333333333
2522.0333333333333
2599.366666666667
2598.4
2578.1
2564.5666666666666
2501.733333333333
2537.5
2559.733333333333
2610.0
2553.9333333333334
2469.8333333333335
2457.266666666667
2489.1666666666665
2366.4
2372.2
2381.866666666667
2379.9333333333334
2364.4666666666667
2382.8333333333335
2466.9333333333334
2438.9
2478.5333333333333
2437.9333333333334
2475.633333333333
2487.233333333333
2559.733333333333
2532.6666666666665
2495.9333333333334
2495.9333333333334
2467.9
2466.9333333333334
2490.133333333333
2471.766666666667
2494.9666666666667
2429.233333333333
2531.7
2501.733333333333
2549.1
2578.1
2563.6
2551.0333333333333
2585.8333333333335
2586.8
2564.5666666666666
2529.766666666667
2438.9
2482.4
2460.1666666666665
2427.3
2397.3333333333335
2390.5666666666666
2372.2
2388.633333333333
2421.5
2443.733333333333
2453.4
2444.7
2396.366666666667
2457.266666666667
2434.0666666666666
2407.0
2470.8
2517.2
2515.266666666667
2546.2
2558.766666666667
2552.9666666666667
2589.7
2564.5666666666666
2524.9333333333334
2600.3333333333335
2569.4
2495.9333333333334
2555.866666666667
2507.5333333333333
2531.7
2539.4333333333334
