1 1
53 0
54 1
55 0
56 1
59 0
63 1
64 0
74 1
75 0
77 1
78 0
85 1
88 0
89 1
92 0
94 1
97 0
98 1
102 0
103 1
107 0
108 1
112 0
113 1
116 0
117 1
119 0
124 1
126 0
131 1
132 0
134 1
139 0
140 1
141 0
142 1
148 0
156 1
158 0
159 1
161 0
162 1
163 0
164 1
165 0
170 1
171 0
174 1
175 0
177 1
185 0
188 1
189 0
191 1
196 0
201 1
202 0
203 1
204 0
208 1
209 0
211 1
215 0
217 1
220 0
223 1
224 0
225 1
226 0
227 1
229 0
231 1
232 0
233 1
234 0
235 1
236 0
240 1
241 0
242 1
246 0
247 1
250 0
261 1
262 0
266 1
267 0
271 1
272 0
276 1
278 0
283 1
287 0
289 1
291 0
294 1
300 0
301 1
302 0
306 1
309 0
310 1
311 0
328 1
329 0
330 1
331 0
335 1
336 0
342 1
343 0
351 1
352 0
354 1
355 0
371 1
373 0
375 1
376 0
377 1
378 0
380 1
381 0
382 1
384 0
386 1
387 0
393 1
395 0
397 1
399 0
401 1
403 0
405 1
406 0
410 1
411 0
416 1
418 0
420 1
421 0
422 1
423 0
430 1
431 0
432 1
433 0
435 1
436 0
437 1
439 0
441 1
442 0
444 1
446 0
450 1
451 0
453 1
454 0
455 1
457 0
458 1
459 0
461 1
462 0
464 1
465 0
466 1
467 0
469 1
471 0
472 1
473 0
475 1
476 0
490 1
491 0
496 1
497 0
498 1
499 0
505 1
507 0
512 1
513 0
525 1
527 0
528 1
530 0
531 1
533 0
538 1
540 0
541 1
542 0
543 1
544 0
547 1
548 0
549 1
550 0
552 1
553 0
556 1
557 0
560 1
562 0
563 1
566 0
567 1
568 0
569 1
579 0
583 1
587 0
588 1
595 0
596 1
597 0
599 1
600 0
Total yes: 264
