1 1
38 0
39 1
40 0
41 1
47 0
48 1
49 0
50 1
52 0
53 1
66 0
73 1
84 0
85 1
86 0
120 1
135 0
137 1
138 0
141 1
142 0
143 1
145 0
146 1
147 0
148 1
151 0
152 1
153 0
159 1
163 0
170 1
175 0
178 1
182 0
219 1
220 0
224 1
225 0
228 1
249 0
253 1
255 0
256 1
262 0
264 1
265 0
266 1
272 0
278 1
280 0
288 1
290 0
295 1
296 0
297 1
299 0
307 1
308 0
309 1
310 0
311 1
331 0
332 1
350 0
351 1
352 0
354 1
355 0
361 1
362 0
376 1
386 0
387 1
399 0
439 1
440 0
445 1
446 0
448 1
449 0
450 1
451 0
452 1
453 0
456 1
462 0
465 1
467 0
468 1
469 0
470 1
479 0
481 1
482 0
484 1
485 0
486 1
487 0
497 1
499 0
505 1
506 0
517 1
518 0
557 1
558 0
573 1
574 0
577 1
578 0
580 1
581 0
Total yes: 253
