1 1
16 0
17 1
23 0
24 1
53 0
54 1
71 0
72 1
75 0
77 1
78 0
79 1
81 0
82 1
88 0
89 1
90 0
91 1
92 0
95 1
96 0
98 1
99 0
100 1
104 0
105 1
107 0
108 1
109 0
111 1
112 0
115 1
116 0
117 1
119 0
123 1
127 0
128 1
129 0
130 1
133 0
138 1
139 0
140 1
141 0
142 1
145 0
149 1
150 0
152 1
153 0
156 1
160 0
162 1
163 0
170 1
171 0
174 1
176 0
180 1
182 0
183 1
184 0
191 1
193 0
194 1
196 0
201 1
202 0
217 1
219 0
223 1
224 0
225 1
226 0
227 1
229 0
233 1
234 0
235 1
237 0
239 1
240 0
241 1
243 0
244 1
246 0
247 1
248 0
266 1
267 0
276 1
277 0
280 1
281 0
284 1
287 0
288 1
290 0
293 1
296 0
299 1
300 0
307 1
309 0
311 1
313 0
319 1
320 0
327 1
331 0
354 1
355 0
360 1
362 0
364 1
365 0
371 1
372 0
375 1
376 0
380 1
381 0
382 1
384 0
387 1
388 0
390 1
391 0
393 1
394 0
399 1
400 0
403 1
404 0
410 1
411 0
417 1
418 0
422 1
423 0
427 1
428 0
430 1
431 0
432 1
433 0
437 1
439 0
441 1
442 0
443 1
445 0
447 1
451 0
453 1
454 0
455 1
457 0
458 1
459 0
460 1
461 0
465 1
466 0
468 1
471 0
472 1
473 0
475 1
476 0
477 1
478 0
481 1
482 0
483 1
484 0
493 1
494 0
495 1
497 0
498 1
499 0
501 1
502 0
504 1
507 0
523 1
524 0
525 1
526 0
528 1
533 0
536 1
540 0
545 1
546 0
547 1
548 0
553 1
554 0
561 1
562 0
565 1
566 0
567 1
568 0
569 1
570 0
572 1
573 0
575 1
577 0
583 1
584 0
588 1
590 0
593 1
594 0
596 1
597 0
598 1
Total yes: 241
