1 1
69 0
70 1
87 0
109 1
110 0
119 1
136 0
137 1
138 0
140 1
154 0
155 1
156 0
157 1
158 0
159 1
163 0
166 1
167 0
170 1
176 0
178 1
183 0
185 1
188 0
199 1
200 0
202 1
204 0
219 1
220 0
222 1
227 0
228 1
249 0
253 1
262 0
263 1
265 0
266 1
273 0
275 1
276 0
278 1
280 0
282 1
283 0
284 1
285 0
286 1
290 0
293 1
294 0
295 1
302 0
307 1
308 0
309 1
331 0
332 1
352 0
354 1
359 0
361 1
363 0
364 1
365 0
370 1
371 0
376 1
386 0
387 1
400 0
402 1
403 0
435 1
438 0
439 1
440 0
441 1
443 0
444 1
462 0
463 1
467 0
468 1
469 0
470 1
480 0
481 1
483 0
484 1
485 0
486 1
487 0
490 1
491 0
494 1
495 0
496 1
499 0
505 1
506 0
507 1
508 0
510 1
511 0
512 1
514 0
517 1
518 0
519 1
520 0
537 1
538 0
539 1
540 0
557 1
558 0
560 1
564 0
566 1
567 0
569 1
570 0
571 1
572 0
573 1
575 0
576 1
583 0
Total yes: 354
