1 1
53 0
54 1
75 0
76 1
78 0
79 1
81 0
82 1
88 0
89 1
90 0
91 1
92 0
95 1
96 0
98 1
99 0
100 1
104 0
105 1
107 0
108 1
109 0
111 1
112 0
115 1
116 0
117 1
119 0
123 1
127 0
128 1
133 0
138 1
139 0
140 1
141 0
142 1
145 0
146 1
147 0
149 1
150 0
152 1
153 0
156 1
160 0
162 1
163 0
170 1
172 0
174 1
176 0
177 1
178 0
180 1
182 0
183 1
184 0
185 1
186 0
188 1
189 0
191 1
193 0
194 1
196 0
199 1
202 0
217 1
219 0
225 1
226 0
227 1
230 0
233 1
234 0
235 1
237 0
238 1
243 0
244 1
248 0
253 1
254 0
256 1
257 0
266 1
267 0
273 1
274 0
276 1
277 0
279 1
281 0
284 1
287 0
288 1
290 0
293 1
296 0
299 1
300 0
307 1
309 0
311 1
313 0
327 1
331 0
351 1
352 0
354 1
355 0
360 1
362 0
364 1
365 0
371 1
372 0
375 1
376 0
380 1
381 0
382 1
384 0
386 1
389 0
390 1
391 0
393 1
394 0
398 1
401 0
403 1
404 0
410 1
411 0
416 1
418 0
422 1
423 0
425 1
426 0
427 1
428 0
430 1
433 0
437 1
439 0
441 1
442 0
443 1
445 0
447 1
451 0
453 1
454 0
455 1
457 0
458 1
459 0
460 1
461 0
465 1
467 0
468 1
471 0
472 1
473 0
475 1
476 0
477 1
478 0
481 1
482 0
483 1
484 0
488 1
489 0
493 1
494 0
495 1
497 0
498 1
499 0
501 1
502 0
504 1
507 0
508 1
509 0
522 1
524 0
525 1
526 0
527 1
533 0
536 1
540 0
543 1
544 0
545 1
546 0
547 1
548 0
553 1
554 0
556 1
557 0
561 1
562 0
564 1
566 0
567 1
568 0
569 1
571 0
572 1
574 0
575 1
577 0
583 1
584 0
588 1
590 0
593 1
594 0
596 1
597 0
598 1
Total yes: 277
