1 1
47 0
48 1
49 0
50 1
51 0
53 1
59 0
61 1
69 0
71 1
72 0
73 1
75 0
76 1
77 0
78 1
80 0
83 1
84 0
86 1
87 0
89 1
90 0
92 1
100 0
110 1
112 0
113 1
114 0
115 1
116 0
122 1
123 0
124 1
132 0
133 1
151 0
152 1
153 0
155 1
156 0
157 1
158 0
159 1
160 0
161 1
162 0
253 1
255 0
256 1
257 0
258 1
259 0
261 1
262 0
264 1
265 0
266 1
271 0
282 1
283 0
328 1
330 0
333 1
334 0
335 1
336 0
338 1
339 0
340 1
341 0
347 1
348 0
349 1
350 0
354 1
355 0
398 1
403 0
406 1
407 0
408 1
437 0
439 1
442 0
444 1
455 0
456 1
469 0
470 1
479 0
481 1
488 0
489 1
490 0
498 1
499 0
512 1
513 0
562 1
563 0
Total yes: 218
