1 1
53 0
54 1
55 0
56 1
59 0
63 1
64 0
72 1
73 0
74 1
75 0
77 1
78 0
84 1
88 0
89 1
92 0
93 1
97 0
98 1
107 0
108 1
111 0
113 1
116 0
117 1
119 0
120 1
121 0
123 1
126 0
131 1
132 0
133 1
139 0
140 1
141 0
142 1
148 0
156 1
158 0
159 1
161 0
164 1
165 0
170 1
171 0
174 1
175 0
177 1
182 0
183 1
185 0
188 1
189 0
191 1
197 0
199 1
200 0
201 1
202 0
203 1
205 0
208 1
210 0
211 1
215 0
217 1
220 0
223 1
224 0
225 1
226 0
227 1
230 0
231 1
232 0
235 1
236 0
240 1
246 0
247 1
250 0
261 1
262 0
266 1
267 0
271 1
272 0
273 1
274 0
276 1
277 0
280 1
281 0
283 1
286 0
289 1
291 0
294 1
300 0
301 1
302 0
306 1
309 0
310 1
311 0
328 1
329 0
330 1
331 0
335 1
336 0
342 1
343 0
351 1
352 0
354 1
355 0
356 1
357 0
361 1
362 0
371 1
373 0
375 1
376 0
377 1
378 0
380 1
381 0
382 1
384 0
386 1
387 0
393 1
395 0
397 1
399 0
401 1
403 0
405 1
406 0
410 1
411 0
416 1
418 0
420 1
421 0
422 1
423 0
425 1
426 0
430 1
431 0
432 1
433 0
435 1
436 0
437 1
439 0
441 1
442 0
443 1
446 0
450 1
451 0
453 1
454 0
455 1
457 0
458 1
459 0
461 1
462 0
463 1
467 0
468 1
473 0
475 1
476 0
477 1
478 0
485 1
486 0
490 1
491 0
496 1
497 0
498 1
499 0
501 1
502 0
505 1
507 0
512 1
514 0
519 1
520 0
521 1
522 0
525 1
527 0
528 1
533 0
537 1
544 0
547 1
548 0
549 1
550 0
552 1
554 0
556 1
557 0
560 1
562 0
563 1
566 0
567 1
568 0
569 1
579 0
581 1
582 0
583 1
587 0
588 1
592 0
593 1
595 0
596 1
600 0
Total yes: 294
