1 1
57 0
58 1
72 0
75 1
76 0
79 1
82 0
83 1
87 0
88 1
99 0
100 1
101 0
102 1
107 0
108 1
112 0
113 1
116 0
118 1
124 0
125 1
133 0
134 1
135 0
137 1
150 0
151 1
163 0
164 1
180 0
181 1
182 0
183 1
190 0
192 1
205 0
206 1
219 0
221 1
233 0
234 1
235 0
236 1
239 0
241 1
244 0
245 1
248 0
249 1
251 0
252 1
256 0
257 1
260 0
261 1
284 0
285 1
287 0
288 1
290 0
291 1
327 0
328 1
338 0
339 1
341 0
343 1
350 0
351 1
357 0
358 1
361 0
362 1
363 0
364 1
399 0
400 1
406 0
407 1
408 0
409 1
410 0
411 1
419 0
420 1
427 0
431 1
434 0
435 1
443 0
444 1
452 0
454 1
455 0
457 1
458 0
459 1
464 0
465 1
467 0
468 1
469 0
470 1
498 0
499 1
529 0
530 1
546 0
547 1
549 0
551 1
556 0
557 1
559 0
560 1
562 0
563 1
568 0
569 1
574 0
576 1
599 0
600 1
Total yes: 521
